0.0 0.8065257668495178 0.7572917342185974 0.0009191176504828036 0.0020833334419876337
0.0 0.7803308963775635 0.6505208611488342 0.0018382353009656072 0.0010416667209938169
0.0 0.39476102590560913 0.6562500596046448 0.0009191176504828036 0.0020833334419876337
0.0 0.7945771813392639 0.9546875357627869 0.0009191176504828036 0.0010416667209938169
0.0 0.9646139740943909 0.8734375238418579 0.0009191176504828036 0.0010416667209938169
0.0 0.8129595518112183 0.5723958611488342 0.0009191176504828036 0.0010416667209938169
0.0 0.9430146813392639 0.8906250596046448 0.0018382353009656072 0.0020833334419876337
0.0 0.9131433963775635 0.9281250238418579 0.0009191176504828036 0.0020833334419876337
0.0 0.8929228186607361 0.8864583969116211 0.0009191176504828036 0.0020833334419876337
0.0 0.8828125 0.7911458611488342 0.0009191176504828036 0.0010416667209938169
0.0 0.8694853186607361 0.3671875298023224 0.0018382353009656072 0.0010416667209938169
0.0 0.8897058963775635 0.9973958730697632 0.0018382353009656072 0.0010416667209938169
0.0 0.8552389740943909 0.6833333969116211 0.0009191176504828036 0.006250000558793545
0.0 0.9866728186607361 0.8671875596046448 0.0009191176504828036 0.0010416667209938169
0.0 0.8570771813392639 0.9744791984558105 0.0009191176504828036 0.0010416667209938169
0.0 0.1920955926179886 0.53125 0.0018382353009656072 0.0020833334419876337
0.0 0.9820771813392639 0.9526042342185974 0.0009191176504828036 0.0010416667209938169
0.0 0.9232536554336548 0.9291667342185974 0.0009191176504828036 0.0020833334419876337
0.0 0.9085478186607361 0.9338542222976685 0.0009191176504828036 0.0010416667209938169
0.0 0.9476103186607361 0.8750000596046448 0.0018382353009656072 0.0020833334419876337
0.0 0.8074448704719543 0.6708333492279053 0.0009191176504828036 0.0020833334419876337
0.0 0.9388786554336548 0.8317708969116211 0.0009191176504828036 0.0010416667209938169
0.0 0.9388786554336548 0.28177085518836975 0.0009191176504828036 0.0010416667209938169
0.0 0.5307904481887817 0.5744792222976685 0.0009191176504828036 0.0010416667209938169
0.0 0.9172794222831726 0.9416667222976685 0.0018382353009656072 0.0020833334419876337
0.0 0.8956801295280457 0.7411458492279053 0.0009191176504828036 0.0010416667209938169
0.0 0.8295036554336548 0.698437511920929 0.0009191176504828036 0.0010416667209938169
0.0 0.7072610259056091 0.9791667461395264 0.0009191176504828036 0.0020833334419876337
0.0 0.9581801295280457 0.5213541984558105 0.0009191176504828036 0.0010416667209938169
0.0 0.9011948704719543 0.542187511920929 0.0009191176504828036 0.0010416667209938169
0.0 0.880974292755127 0.9750000238418579 0.0009191176504828036 0.0020833334419876337
0.0 0.9471507668495178 0.5432292222976685 0.0009191176504828036 0.0010416667209938169
0.0 0.9260110259056091 0.7244791984558105 0.0009191176504828036 0.0010416667209938169
0.0 0.8993566036224365 0.3291666805744171 0.0009191176504828036 0.0020833334419876337
0.0 0.9921875 0.8151041865348816 0.0009191176504828036 0.0010416667209938169
0.0 0.7421875 0.8197917342185974 0.0009191176504828036 0.0020833334419876337
0.0 0.4811580777168274 0.6718750596046448 0.0009191176504828036 0.0020833334419876337
0.0 0.9140625 0.9489583969116211 0.0009191176504828036 0.0020833334419876337
0.0 0.6962316036224365 0.5171875357627869 0.0009191176504828036 0.0010416667209938169
0.0 0.9163603186607361 0.9744791984558105 0.0018382353009656072 0.0031250002793967724
0.0 0.8975183963775635 0.9781250357627869 0.0009191176504828036 0.0020833334419876337
0.0 0.9765625 0.8916667103767395 0.0009191176504828036 0.0020833334419876337
0.0 0.5978860259056091 0.9005208611488342 0.0009191176504828036 0.0031250002793967724
0.0 0.6966911554336548 0.7812500596046448 0.0018382353009656072 0.004166666883975267
0.0 0.9944853186607361 0.8437500596046448 0.0018382353009656072 0.0020833334419876337
0.0 0.7238051295280457 0.9098958969116211 0.0009191176504828036 0.0010416667209938169
0.0 0.5519301295280457 0.5437500476837158 0.0009191176504828036 0.0020833334419876337
0.0 0.33547794818878174 0.9760417342185974 0.0018382353009656072 0.0020833334419876337
0.0 0.9917279481887817 0.9020833969116211 0.0018382353009656072 0.004166666883975267
0.0 0.5886948704719543 0.6307291984558105 0.0009191176504828036 0.0010416667209938169
0.0 0.8556985259056091 0.9921875596046448 0.0018382353009656072 0.0010416667209938169
0.0 0.8239889740943909 0.7770833969116211 0.0009191176504828036 0.0020833334419876337
0.0 0.5261948704719543 0.526562511920929 0.0009191176504828036 0.0010416667209938169
0.0 0.7835478186607361 0.6765625476837158 0.0009191176504828036 0.0010416667209938169
0.0 0.8543198704719543 0.7109375596046448 0.0009191176504828036 0.0010416667209938169
0.0 0.8598345518112183 0.6348958611488342 0.0009191176504828036 0.0010416667209938169
0.0 0.6011029481887817 0.8104166984558105 0.0036764706019312143 0.008333333767950535
0.0 0.912224292755127 0.8026041984558105 0.0009191176504828036 0.0010416667209938169
0.0 0.8616728186607361 0.9625000357627869 0.0009191176504828036 0.0020833334419876337
0.0 0.8699448704719543 0.5786458849906921 0.0009191176504828036 0.0010416667209938169
0.0 0.9370404481887817 0.9322916865348816 0.0009191176504828036 0.0020833334419876337
0.0 0.8221507668495178 0.6328125596046448 0.0009191176504828036 0.0010416667209938169
0.0 0.818474292755127 0.5598958730697632 0.0009191176504828036 0.0010416667209938169
0.0 0.7752757668495178 0.745312511920929 0.0009191176504828036 0.0010416667209938169
0.0 0.9503676295280457 0.9416667222976685 0.0018382353009656072 0.004166666883975267
0.0 0.8506433963775635 0.675000011920929 0.0009191176504828036 0.0020833334419876337
0.0 0.9195771813392639 0.6755208969116211 0.0009191176504828036 0.0010416667209938169
0.0 0.8841911554336548 0.6505208611488342 0.0018382353009656072 0.0010416667209938169
0.0 0.9765625 0.9895833730697632 0.0009191176504828036 0.0020833334419876337
0.0 0.9443933963775635 0.8328125476837158 0.0009191176504828036 0.0031250002793967724
0.0 0.9664521813392639 0.8166667222976685 0.0009191176504828036 0.0020833334419876337
0.0 0.8529411554336548 0.9770833849906921 0.0018382353009656072 0.0020833334419876337
0.0 0.9319853186607361 0.4869791865348816 0.0018382353009656072 0.0010416667209938169
0.0 0.41038602590560913 0.7432292103767395 0.0009191176504828036 0.0031250002793967724
0.0 0.9067095518112183 0.5682291984558105 0.0009191176504828036 0.0010416667209938169
0.0 0.875 0.9546875357627869 0.0018382353009656072 0.0031250002793967724
0.0 0.9811580777168274 0.8442708849906921 0.0027573530096560717 0.0031250002793967724
0.0 0.7550551295280457 0.7307292222976685 0.0009191176504828036 0.0010416667209938169
0.0 0.1038602963089943 0.33541667461395264 0.0018382353009656072 0.0020833334419876337
0.0 0.7743566036224365 0.8812500238418579 0.0009191176504828036 0.0020833334419876337
0.0 0.7890625 0.9416667222976685 0.0009191176504828036 0.0020833334419876337
0.0 0.865349292755127 0.9869792461395264 0.0009191176504828036 0.0031250002793967724
0.0 0.599724292755127 0.8104166984558105 0.004595588427037001 0.010416666977107525
0.0 0.865349292755127 0.7958333492279053 0.0009191176504828036 0.0020833334419876337
0.0 0.701286792755127 0.9234375357627869 0.0018382353009656072 0.0031250002793967724
0.0 0.9958639740943909 0.6333333849906921 0.0027573530096560717 0.006250000558793545
0.0 0.12683823704719543 0.8916667103767395 0.0018382353009656072 0.0020833334419876337
0.0 0.9788603186607361 0.8145833611488342 0.005514706019312143 0.008333333767950535
0.0 0.8143382668495178 0.9901041984558105 0.0018382353009656072 0.0031250002793967724
0.0 0.8828125 0.7572917342185974 0.0009191176504828036 0.0020833334419876337
0.0 0.6112132668495178 0.6604167222976685 0.0036764706019312143 0.004166666883975267
0.0 0.4898897111415863 0.6145833730697632 0.005514706019312143 0.004166666883975267
0.0 0.40900734066963196 0.22083334624767303 0.007352941203862429 0.01250000111758709
0.0 0.1461397111415863 0.9734375476837158 0.0018382353009656072 0.0052083334885537624
0.0 0.5753676295280457 0.6968750357627869 0.005514706019312143 0.006250000558793545
0.0 0.17601102590560913 0.9265625476837158 0.0027573530096560717 0.00729166716337204
0.0 0.47840073704719543 0.7515625357627869 0.010110294446349144 0.015625
