0.0 0.912224292755127 0.6364583373069763 0.0009191176504828036 0.0020833334419876337
0.0 0.8313419222831726 0.6473958492279053 0.0009191176504828036 0.0010416667209938169
0.0 0.8442095518112183 0.550000011920929 0.0009191176504828036 0.0020833334419876337
0.0 0.9554228186607361 0.5729166865348816 0.0009191176504828036 0.0020833334419876337
0.0 0.8543198704719543 0.8036458492279053 0.0009191176504828036 0.0031250002793967724
0.0 0.3046875 0.9671875238418579 0.0009191176504828036 0.0010416667209938169
0.0 0.2578125 0.4989583492279053 0.0009191176504828036 0.0020833334419876337
0.0 0.24402573704719543 0.5046875476837158 0.0009191176504828036 0.0010416667209938169
0.0 0.8768382668495178 0.9864583611488342 0.0036764706019312143 0.0020833334419876337
0.0 0.3258272111415863 0.8041667342185974 0.0009191176504828036 0.0020833334419876337
0.0 0.9742646813392639 0.28593751788139343 0.0018382353009656072 0.0010416667209938169
0.0 0.6548713445663452 0.8875000476837158 0.0009191176504828036 0.0020833334419876337
0.0 0.9572610259056091 0.6078125238418579 0.0009191176504828036 0.0010416667209938169
0.0 0.9379595518112183 0.3317708373069763 0.0009191176504828036 0.0010416667209938169
0.0 0.5459558963775635 0.6869791746139526 0.0018382353009656072 0.0052083334885537624
0.0 0.5326286554336548 0.5213541984558105 0.0009191176504828036 0.0010416667209938169
0.0 0.5298713445663452 0.6572917103767395 0.0009191176504828036 0.0020833334419876337
0.0 0.9517463445663452 0.7447916865348816 0.0009191176504828036 0.0020833334419876337
0.0 0.025735294446349144 0.6859375238418579 0.0018382353009656072 0.0010416667209938169
0.0 0.2798713147640228 0.760937511920929 0.0009191176504828036 0.0010416667209938169
0.0 0.9085478186607361 0.682812511920929 0.0027573530096560717 0.00729166716337204
0.0 0.8736213445663452 0.7041667103767395 0.0009191176504828036 0.0020833334419876337
0.0 0.6374080777168274 0.620312511920929 0.0009191176504828036 0.0010416667209938169
0.0 0.7826286554336548 0.9046875238418579 0.0009191176504828036 0.0010416667209938169
0.0 0.15533088147640228 0.3140625059604645 0.0018382353009656072 0.0010416667209938169
0.0 0.9048713445663452 0.6760417222976685 0.0009191176504828036 0.0020833334419876337
0.0 0.7679228186607361 0.9713542461395264 0.0009191176504828036 0.0010416667209938169
0.0 0.5776654481887817 0.5609375238418579 0.0009191176504828036 0.0010416667209938169
0.0 0.8745404481887817 0.6322916746139526 0.0009191176504828036 0.0020833334419876337
0.0 0.9719669222831726 0.8062500357627869 0.0009191176504828036 0.0020833334419876337
0.0 0.7431066036224365 0.5140625238418579 0.0009191176504828036 0.0010416667209938169
0.0 0.9375 0.6541666984558105 0.0018382353009656072 0.0020833334419876337
0.0 0.12178308516740799 0.9229167103767395 0.0009191176504828036 0.0020833334419876337
0.0 0.8368566036224365 0.6739583611488342 0.0009191176504828036 0.0020833334419876337
0.0 0.9361213445663452 0.9630208611488342 0.0009191176504828036 0.0010416667209938169
0.0 0.9411764740943909 0.7937500476837158 0.0018382353009656072 0.0020833334419876337
0.0 0.9237132668495178 0.7968750596046448 0.0018382353009656072 0.0020833334419876337
0.0 0.7504595518112183 0.7750000357627869 0.0009191176504828036 0.004166666883975267
0.0 0.7192095518112183 0.8140625357627869 0.0009191176504828036 0.0010416667209938169
0.0 0.9168198704719543 0.7390625476837158 0.0009191176504828036 0.0010416667209938169
0.0 0.5978860259056091 0.5322917103767395 0.0009191176504828036 0.0020833334419876337
0.0 0.9402573704719543 0.7604166865348816 0.0018382353009656072 0.0020833334419876337
0.0 0.8837316036224365 0.698437511920929 0.0009191176504828036 0.0010416667209938169
0.0 0.9540441036224365 0.9963542222976685 0.0018382353009656072 0.0010416667209938169
0.0 0.8304228186607361 0.7442708611488342 0.0009191176504828036 0.0010416667209938169
0.0 0.8331801295280457 0.8791667222976685 0.0009191176504828036 0.0020833334419876337
0.0 0.8892463445663452 0.9953125715255737 0.0009191176504828036 0.0010416667209938169
0.0 0.20588235557079315 0.9354166984558105 0.0036764706019312143 0.004166666883975267
0.0 0.7964154481887817 0.8192708492279053 0.0009191176504828036 0.0010416667209938169
0.0 0.29090073704719543 0.7213541865348816 0.0009191176504828036 0.0010416667209938169
0.0 0.7601103186607361 0.9156250357627869 0.0018382353009656072 0.0020833334419876337
0.0 0.9191176295280457 0.9901041984558105 0.0018382353009656072 0.0010416667209938169
0.0 0.5721507668495178 0.5145833492279053 0.0009191176504828036 0.0020833334419876337
0.0 0.849724292755127 0.9375000596046448 0.0009191176504828036 0.0020833334419876337
0.0 0.8607536554336548 0.6687500476837158 0.0009191176504828036 0.0020833334419876337
0.0 0.9770220518112183 0.49427086114883423 0.0018382353009656072 0.0010416667209938169
0.0 0.39430147409439087 0.9489583969116211 0.0018382353009656072 0.0020833334419876337
0.0 0.18382352590560913 0.8562500476837158 0.0018382353009656072 0.0020833334419876337
0.0 0.12362132221460342 0.9744791984558105 0.0009191176504828036 0.0010416667209938169
0.0 0.9738051295280457 0.9817708730697632 0.0009191176504828036 0.0010416667209938169
0.0 0.8561580777168274 0.9510416984558105 0.0009191176504828036 0.0020833334419876337
0.0 0.45496323704719543 0.19895833730697632 0.005514706019312143 0.010416666977107525
0.0 0.6539521813392639 0.8015625476837158 0.004595588427037001 0.00937500037252903
0.0 0.8685661554336548 0.5604166984558105 0.0018382353009656072 0.0020833334419876337
0.0 0.9195771813392639 0.9713542461395264 0.0009191176504828036 0.0010416667209938169
0.0 0.9154411554336548 0.97552090883255 0.0018382353009656072 0.0031250002793967724
0.0 0.9816176295280457 0.9416667222976685 0.0018382353009656072 0.0020833334419876337
0.0 0.4623161852359772 0.7244791984558105 0.0018382353009656072 0.0031250002793967724
0.0 0.9241728186607361 0.9604167342185974 0.0009191176504828036 0.0020833334419876337
0.0 0.9287683963775635 0.9848958849906921 0.0009191176504828036 0.0031250002793967724
0.0 0.6594669222831726 0.6526042222976685 0.0027573530096560717 0.0052083334885537624
0.0 0.9370404481887817 0.9531250596046448 0.0009191176504828036 0.0020833334419876337
0.0 0.234375 0.8916667103767395 0.0036764706019312143 0.006250000558793545
0.0 0.8768382668495178 0.9869792461395264 0.0018382353009656072 0.0031250002793967724
0.0 0.529411792755127 0.7364583611488342 0.011029412038624287 0.01458333432674408
0.0 0.20588235557079315 0.9359375238418579 0.0018382353009656072 0.0052083334885537624
0.0 0.5381433963775635 0.5994791984558105 0.004595588427037001 0.0031250002793967724
0.0 0.6254595518112183 0.6885417103767395 0.004595588427037001 0.006250000558793545
