0 0.908548 0.740625 0.000919 0.002083
0 0.458180 0.735938 0.000919 0.001042
0 0.112132 0.492708 0.007353 0.008333
0 0.461857 0.576042 0.000919 0.002083
0 0.942096 0.996875 0.001838 0.002083
0 0.238511 0.515104 0.000919 0.001042
0 0.822151 0.652604 0.000919 0.001042
0 0.865809 0.986979 0.001838 0.003125
0 0.147978 0.323438 0.001838 0.001042
0 0.635570 0.674479 0.000919 0.001042
0 0.975184 0.929167 0.001838 0.002083
0 0.849724 0.367708 0.000919 0.002083
0 0.966452 0.681771 0.000919 0.001042
0 0.564798 0.517188 0.000919 0.001042
0 0.908548 0.972396 0.000919 0.001042
0 0.295037 0.972917 0.001838 0.002083
0 0.903952 0.640625 0.000919 0.002083
0 0.911765 0.582813 0.001838 0.001042
0 0.462776 0.700000 0.000919 0.002083
0 0.452665 0.591667 0.000919 0.002083
0 0.969210 0.942708 0.000919 0.002083
0 0.561121 0.651042 0.000919 0.002083
0 0.901195 0.363021 0.000919 0.001042
0 0.804688 0.781771 0.000919 0.001042
0 0.836857 0.550521 0.000919 0.001042
0 0.854320 0.759896 0.000919 0.001042
0 0.710938 0.819792 0.000919 0.002083
0 0.866268 0.638021 0.000919 0.001042
0 0.646140 0.891146 0.001838 0.003125
0 0.579504 0.747917 0.000919 0.002083
0 0.537684 0.689063 0.001838 0.001042
0 0.931526 0.586458 0.000919 0.002083
0 0.788143 0.820313 0.000919 0.001042
0 0.384191 0.952083 0.001838 0.002083
0 0.896599 0.680208 0.000919 0.002083
0 0.904412 0.976042 0.001838 0.002083
0 0.073070 0.460938 0.015625 0.011458
0 0.973805 0.728646 0.000919 0.001042
0 0.965074 0.275521 0.001838 0.001042
0 0.823070 0.878125 0.000919 0.002083
0 0.772518 0.905729 0.000919 0.001042
0 0.840074 0.716146 0.001838 0.001042
0 0.941636 0.547396 0.000919 0.001042
0 0.839614 0.939063 0.000919 0.001042
0 0.912684 0.960938 0.001838 0.001042
0 0.845129 0.952083 0.000919 0.002083
0 0.018842 0.702083 0.002757 0.002083
0 0.929688 0.657292 0.000919 0.002083
0 0.900276 0.684375 0.002757 0.006250
0 0.919577 0.584375 0.000919 0.002083
0 0.925551 0.954688 0.001838 0.003125
0 0.822151 0.748438 0.000919 0.001042
0 0.947151 0.572917 0.000919 0.002083
0 0.521599 0.662500 0.000919 0.002083
0 0.750000 0.916667 0.001838 0.002083
0 0.968750 0.494271 0.001838 0.001042
0 0.988511 0.690104 0.000919 0.001042
0 0.914062 0.797917 0.000919 0.002083
0 0.988511 0.551563 0.000919 0.001042
0 0.799173 0.729688 0.000919 0.001042
0 0.827665 0.678125 0.000919 0.002083
0 0.651654 0.657292 0.001838 0.002083
0 0.628676 0.626563 0.001838 0.001042
0 0.742188 0.779688 0.000919 0.003125
0 0.452665 0.729167 0.002757 0.004167
0 0.930607 0.759896 0.000919 0.001042
0 0.448529 0.205729 0.007353 0.009375
0 0.900735 0.685938 0.001838 0.005208
0 0.195772 0.941146 0.001838 0.005208
0 0.645221 0.806250 0.005515 0.008333
0 0.589614 0.536458 0.000919 0.002083
0 0.224724 0.895833 0.002757 0.006250
0 0.859375 0.561458 0.001838 0.002083
0 0.520680 0.740625 0.011949 0.014583
0 0.617188 0.692708 0.004596 0.006250
0 0.651654 0.657813 0.003676 0.005208
0 0.529412 0.605208 0.005515 0.004167
