0.0 0.03952205926179886 0.9322916865348816 0.0018382353009656072 0.0020833334419876337
0.0 0.10018382221460342 0.4619791805744171 0.0018382353009656072 0.0010416667209938169
0.0 0.8607536554336548 0.9838542342185974 0.0009191176504828036 0.0010416667209938169
0.0 0.012408087961375713 0.8666667342185974 0.0009191176504828036 0.0020833334419876337
0.0 0.6351103186607361 0.9468750357627869 0.0018382353009656072 0.0020833334419876337
0.0 0.5409007668495178 0.7682291865348816 0.0009191176504828036 0.0010416667209938169
0.0 0.3460477888584137 0.49531251192092896 0.0009191176504828036 0.0010416667209938169
0.0 0.4204963147640228 0.8682292103767395 0.0009191176504828036 0.0010416667209938169
0.0 0.6043198704719543 0.3968750238418579 0.0009191176504828036 0.0020833334419876337
0.0 0.6750919222831726 0.7255208492279053 0.0009191176504828036 0.0010416667209938169
0.0 0.16222426295280457 0.7734375596046448 0.0009191176504828036 0.0010416667209938169
0.0 0.537224292755127 0.7536458969116211 0.0009191176504828036 0.0010416667209938169
0.0 0.17555147409439087 0.8651041984558105 0.0018382353009656072 0.0031250002793967724
0.0 0.537224292755127 0.7046875357627869 0.0009191176504828036 0.0010416667209938169
0.0 0.7665441036224365 0.16510418057441711 0.0018382353009656072 0.0031250002793967724
0.0 0.17003676295280457 0.4437500238418579 0.0018382353009656072 0.0020833334419876337
0.0 0.265625 0.36354169249534607 0.0018382353009656072 0.004166666883975267
0.0 0.7679228186607361 0.17604167759418488 0.0009191176504828036 0.0020833334419876337
0.0 0.6392463445663452 0.34843751788139343 0.0009191176504828036 0.0010416667209938169
0.0 0.5206801295280457 0.6848958730697632 0.0009191176504828036 0.0010416667209938169
0.0 0.4149816334247589 0.8197917342185974 0.0009191176504828036 0.0020833334419876337
0.0 0.5951286554336548 0.18020834028720856 0.0009191176504828036 0.0020833334419876337
0.0 0.14016544818878174 0.8484375476837158 0.0009191176504828036 0.0010416667209938169
0.0 0.5813419222831726 0.8708333969116211 0.0009191176504828036 0.0020833334419876337
0.0 0.4039522111415863 0.5869792103767395 0.0009191176504828036 0.0010416667209938169
0.0 0.8414521813392639 0.7182291746139526 0.0009191176504828036 0.0010416667209938169
0.0 0.07123161852359772 0.9161458611488342 0.0009191176504828036 0.0010416667209938169
0.0 0.7771139740943909 0.08802083879709244 0.0009191176504828036 0.0031250002793967724
0.0 0.10523897409439087 0.6145833730697632 0.0009191176504828036 0.0020833334419876337
0.0 0.9168198704719543 0.9765625596046448 0.0009191176504828036 0.0010416667209938169
0.0 0.9375 0.9572917222976685 0.0018382353009656072 0.0020833334419876337
0.0 0.9738051295280457 0.6963542103767395 0.0009191176504828036 0.0010416667209938169
0.0 0.3883272111415863 0.6468750238418579 0.0009191176504828036 0.0020833334419876337
0.0 0.7431066036224365 0.9000000357627869 0.0009191176504828036 0.0020833334419876337
0.0 0.990349292755127 0.6942708492279053 0.0009191176504828036 0.0010416667209938169
0.0 0.3662683963775635 0.7822917103767395 0.0009191176504828036 0.0020833334419876337
0.0 0.38648897409439087 0.6411458849906921 0.0009191176504828036 0.0010416667209938169
0.0 0.8524816036224365 0.13229167461395264 0.0009191176504828036 0.0020833334419876337
0.0 0.0078125 0.5171875357627869 0.0009191176504828036 0.0010416667209938169
0.0 0.46507352590560913 0.5692708492279053 0.0018382353009656072 0.0010416667209938169
0.0 0.38097426295280457 0.46666669845581055 0.0009191176504828036 0.0020833334419876337
0.0 0.5151654481887817 0.6354166865348816 0.0009191176504828036 0.0020833334419876337
0.0 0.24402573704719543 0.792187511920929 0.0009191176504828036 0.0010416667209938169
0.0 0.6420036554336548 0.9812500476837158 0.0009191176504828036 0.0020833334419876337
0.0 0.3138786852359772 0.92083340883255 0.0009191176504828036 0.0020833334419876337
0.0 0.7495404481887817 0.21458333730697632 0.0009191176504828036 0.0020833334419876337
0.0 0.6024816036224365 0.9427083730697632 0.0009191176504828036 0.0020833334419876337
0.0 0.4912683963775635 0.5494791865348816 0.0009191176504828036 0.0010416667209938169
0.0 0.8671875 0.9546875357627869 0.0009191176504828036 0.0010416667209938169
0.0 0.4466911852359772 0.7406250238418579 0.0018382353009656072 0.0020833334419876337
0.0 0.4071691334247589 0.8609375357627869 0.0018382353009656072 0.0010416667209938169
0.0 0.11672794073820114 0.48489585518836975 0.0018382353009656072 0.0031250002793967724
0.0 0.3469669222831726 0.43281251192092896 0.0009191176504828036 0.0010416667209938169
0.0 0.6925551295280457 0.23645834624767303 0.0009191176504828036 0.0020833334419876337
0.0 0.3469669222831726 0.9979166984558105 0.0009191176504828036 0.0020833334419876337
0.0 0.8727021813392639 0.07135417312383652 0.0009191176504828036 0.0010416667209938169
0.0 0.912224292755127 0.7786458730697632 0.0009191176504828036 0.0010416667209938169
0.0 0.7100183963775635 0.15208333730697632 0.0009191176504828036 0.0020833334419876337
0.0 0.20358456671237946 0.9515625238418579 0.0009191176504828036 0.0010416667209938169
0.0 0.5477941036224365 0.6901041865348816 0.0018382353009656072 0.0031250002793967724
0.0 0.11764705926179886 0.6447917222976685 0.014705882407724857 0.01250000111758709
0.0 0.13373161852359772 0.47864586114883423 0.0009191176504828036 0.0010416667209938169
0.0 0.5960478186607361 0.9807292222976685 0.0009191176504828036 0.0031250002793967724
0.0 0.3685661852359772 0.7755208611488342 0.0018382353009656072 0.0031250002793967724
0.0 0.6557904481887817 0.31979167461395264 0.0009191176504828036 0.0020833334419876337
0.0 0.0647977963089943 0.94427090883255 0.0009191176504828036 0.0010416667209938169
0.0 0.5317095518112183 0.6208333373069763 0.0009191176504828036 0.0020833334419876337
0.0 0.6599264740943909 0.31979167461395264 0.0018382353009656072 0.0020833334419876337
0.0 0.6429228186607361 0.7651042342185974 0.0009191176504828036 0.0010416667209938169
0.0 0.14016544818878174 0.667187511920929 0.0009191176504828036 0.0010416667209938169
0.0 0.943474292755127 0.8953125476837158 0.0009191176504828036 0.0010416667209938169
0.0 0.0390625 0.7541667222976685 0.0009191176504828036 0.0020833334419876337
0.0 0.8745404481887817 0.9619792103767395 0.0009191176504828036 0.0010416667209938169
0.0 0.7477021813392639 0.8776041865348816 0.0009191176504828036 0.0010416667209938169
0.0 0.032628677785396576 0.745312511920929 0.0009191176504828036 0.0010416667209938169
0.0 0.7706801295280457 0.6473958492279053 0.0009191176504828036 0.0010416667209938169
0.0 0.23023897409439087 0.7135416865348816 0.0009191176504828036 0.004166666883975267
0.0 0.5335478186607361 0.3239583373069763 0.0009191176504828036 0.0020833334419876337
0.0 0.4609375 0.5848958492279053 0.0009191176504828036 0.0010416667209938169
0.0 0.5500919222831726 0.5244792103767395 0.0009191176504828036 0.0010416667209938169
0.0 0.7431066036224365 0.03177083656191826 0.0009191176504828036 0.0010416667209938169
0.0 0.5914521813392639 0.3776041865348816 0.0009191176504828036 0.0010416667209938169
0.0 0.6801470518112183 0.7640625238418579 0.0018382353009656072 0.0010416667209938169
0.0 0.8901654481887817 0.03802083432674408 0.0009191176504828036 0.0010416667209938169
0.0 0.4407169222831726 0.8510417342185974 0.0009191176504828036 0.0020833334419876337
0.0 0.4342830777168274 0.784375011920929 0.0009191176504828036 0.0020833334419876337
0.0 0.8561580777168274 0.8015625476837158 0.0009191176504828036 0.0010416667209938169
0.0 0.8975183963775635 0.9406250715255737 0.0009191176504828036 0.0020833334419876337
0.0 0.06571691483259201 0.5765625238418579 0.0009191176504828036 0.0010416667209938169
0.0 0.03998161852359772 0.7890625596046448 0.0009191176504828036 0.0010416667209938169
0.0 0.2444852888584137 0.9687500596046448 0.0018382353009656072 0.004166666883975267
0.0 0.35431984066963196 0.6406250596046448 0.0009191176504828036 0.0020833334419876337
0.0 0.5629595518112183 0.5921875238418579 0.0009191176504828036 0.0010416667209938169
0.0 0.5363051295280457 0.6927083730697632 0.0009191176504828036 0.0020833334419876337
0.0 0.42003676295280457 0.8677083849906921 0.0018382353009656072 0.0020833334419876337
0.0 0.8598345518112183 0.8244792222976685 0.0009191176504828036 0.0010416667209938169
0.0 0.6291360259056091 0.3578125238418579 0.0009191176504828036 0.0031250002793967724
0.0 0.1640625 0.6604167222976685 0.0009191176504828036 0.0020833334419876337
0.0 0.6034007668495178 0.39270836114883423 0.0009191176504828036 0.0020833334419876337
0.0 0.4117647111415863 0.8187500238418579 0.0018382353009656072 0.004166666883975267
0.0 0.4554227888584137 0.581250011920929 0.0009191176504828036 0.0020833334419876337
0.0 0.4554227888584137 0.4567708671092987 0.0009191176504828036 0.0010416667209938169
0.0 0.1585477888584137 0.8057292103767395 0.0009191176504828036 0.0031250002793967724
0.0 0.5340073704719543 0.13125000894069672 0.0018382353009656072 0.0020833334419876337
0.0 0.9885110259056091 0.0572916679084301 0.0009191176504828036 0.0020833334419876337
0.0 0.7890625 0.6489583849906921 0.0009191176504828036 0.0020833334419876337
0.0 0.48943015933036804 0.8208333849906921 0.0009191176504828036 0.0020833334419876337
0.0 0.9848345518112183 0.714062511920929 0.0009191176504828036 0.0010416667209938169
0.0 0.27068015933036804 0.8822917342185974 0.0009191176504828036 0.0020833334419876337
0.0 0.6539521813392639 0.2302083522081375 0.0009191176504828036 0.0020833334419876337
0.0 0.056985292583703995 0.8687500357627869 0.0018382353009656072 0.0020833334419876337
0.0 0.6953125 0.8166667222976685 0.0009191176504828036 0.0020833334419876337
0.0 0.6190257668495178 0.8010417222976685 0.0009191176504828036 0.0020833334419876337
0.0 0.8543198704719543 0.9765625596046448 0.0009191176504828036 0.0010416667209938169
0.0 0.3111213147640228 0.5911458730697632 0.0009191176504828036 0.0031250002793967724
0.0 0.8460478186607361 0.9083333611488342 0.0009191176504828036 0.0020833334419876337
0.0 0.14659926295280457 0.46406251192092896 0.0009191176504828036 0.0010416667209938169
0.0 0.3938419222831726 0.4364583492279053 0.0009191176504828036 0.0020833334419876337
0.0 0.4554227888584137 0.7223958969116211 0.0009191176504828036 0.0010416667209938169
0.0 0.5271139740943909 0.6390625238418579 0.0009191176504828036 0.0010416667209938169
0.0 0.8354779481887817 0.4166666865348816 0.0018382353009656072 0.0020833334419876337
0.0 0.48391544818878174 0.6692708730697632 0.0009191176504828036 0.0010416667209938169
0.0 0.8570771813392639 0.7192708849906921 0.0009191176504828036 0.0010416667209938169
0.0 0.4609375 0.3348958492279053 0.0009191176504828036 0.0010416667209938169
0.0 0.9806985259056091 0.9260417222976685 0.0018382353009656072 0.0020833334419876337
0.0 0.012408087961375713 0.5718750357627869 0.0027573530096560717 0.0020833334419876337
0.0 0.5386029481887817 0.5046875476837158 0.0018382353009656072 0.0010416667209938169
0.0 0.5574448704719543 0.5291666984558105 0.0009191176504828036 0.0020833334419876337
0.0 0.9324448704719543 0.8953125476837158 0.0009191176504828036 0.0010416667209938169
0.0 0.5151654481887817 0.7109375596046448 0.0009191176504828036 0.0010416667209938169
0.0 0.5050551295280457 0.468229204416275 0.0009191176504828036 0.0010416667209938169
0.0 0.7026654481887817 0.28125 0.0009191176504828036 0.0020833334419876337
0.0 0.4577205777168274 0.8505208492279053 0.0018382353009656072 0.0010416667209938169
0.0 0.8249080777168274 0.8875000476837158 0.0009191176504828036 0.0020833334419876337
0.0 0.8984375 0.9026042222976685 0.0009191176504828036 0.0010416667209938169
0.0 0.45909926295280457 0.7187500596046448 0.0009191176504828036 0.0020833334419876337
0.0 0.7054228186607361 0.2265625149011612 0.0009191176504828036 0.0010416667209938169
0.0 0.6879595518112183 0.8348958492279053 0.0009191176504828036 0.0031250002793967724
0.0 0.9912683963775635 0.8682292103767395 0.0009191176504828036 0.0010416667209938169
0.0 0.1640625 0.659375011920929 0.0009191176504828036 0.0020833334419876337
0.0 0.17601102590560913 0.7468750476837158 0.0009191176504828036 0.0020833334419876337
0.0 0.39568015933036804 0.7265625596046448 0.0009191176504828036 0.0010416667209938169
0.0 0.0078125 0.5416666865348816 0.0009191176504828036 0.0020833334419876337
0.0 0.4397977888584137 0.8604167103767395 0.0009191176504828036 0.0020833334419876337
0.0 0.3772977888584137 0.28177085518836975 0.0009191176504828036 0.0010416667209938169
0.0 0.8993566036224365 0.714062511920929 0.0009191176504828036 0.0010416667209938169
0.0 0.171875 0.7635416984558105 0.0018382353009656072 0.0020833334419876337
0.0 0.8295036554336548 0.8744792342185974 0.0009191176504828036 0.0010416667209938169
0.0 0.45266544818878174 0.7578125596046448 0.004595588427037001 0.0052083334885537624
0.0 0.5206801295280457 0.9713542461395264 0.0009191176504828036 0.0010416667209938169
0.0 0.6433823704719543 0.4755208492279053 0.0018382353009656072 0.0010416667209938169
0.0 0.9301470518112183 0.7718750238418579 0.0018382353009656072 0.0020833334419876337
0.0 0.8772978186607361 0.9958333969116211 0.0009191176504828036 0.0020833334419876337
0.0 0.13465073704719543 0.8380208611488342 0.0009191176504828036 0.0010416667209938169
0.0 0.4420955777168274 0.7317708730697632 0.0018382353009656072 0.0010416667209938169
0.0 0.5988051295280457 0.23072917759418488 0.0009191176504828036 0.0010416667209938169
0.0 0.6397058963775635 0.8447917103767395 0.0018382353009656072 0.004166666883975267
0.0 0.6135110259056091 0.2994791865348816 0.0009191176504828036 0.0010416667209938169
0.0 0.05193014815449715 0.5244792103767395 0.0009191176504828036 0.0010416667209938169
0.0 0.49954044818878174 0.706250011920929 0.0009191176504828036 0.0020833334419876337
0.0 0.19163602590560913 0.9265625476837158 0.0009191176504828036 0.0010416667209938169
0.0 0.8396139740943909 0.9812500476837158 0.0009191176504828036 0.0020833334419876337
0.0 0.7366728186607361 0.35104167461395264 0.0009191176504828036 0.0020833334419876337
0.0 0.12040441483259201 0.6651042103767395 0.0018382353009656072 0.0010416667209938169
0.0 0.6999080777168274 0.16822917759418488 0.0009191176504828036 0.0010416667209938169
0.0 0.037224266678094864 0.6182292103767395 0.0009191176504828036 0.0010416667209938169
0.0 0.7192095518112183 0.24270834028720856 0.0009191176504828036 0.0020833334419876337
0.0 0.42784926295280457 0.40052086114883423 0.0009191176504828036 0.0010416667209938169
0.0 0.45818015933036804 0.8500000238418579 0.0009191176504828036 0.0020833334419876337
0.0 0.07215073704719543 0.48906251788139343 0.0009191176504828036 0.0010416667209938169
0.0 0.5271139740943909 0.6140625476837158 0.0009191176504828036 0.0010416667209938169
0.0 0.5500919222831726 0.53125 0.0009191176504828036 0.0020833334419876337
0.0 0.9113051295280457 0.8354167342185974 0.0009191176504828036 0.0020833334419876337
0.0 0.5427389740943909 0.7718750238418579 0.0009191176504828036 0.0020833334419876337
0.0 0.6374080777168274 0.3098958432674408 0.0027573530096560717 0.0010416667209938169
0.0 0.4296875 0.6072916984558105 0.0009191176504828036 0.0020833334419876337
0.0 0.3952205777168274 0.8437500596046448 0.0018382353009656072 0.004166666883975267
0.0 0.3446691334247589 0.8203125596046448 0.0018382353009656072 0.0031250002793967724
0.0 0.4986213147640228 0.6786458492279053 0.0009191176504828036 0.0010416667209938169
0.0 0.07398897409439087 0.4567708671092987 0.0009191176504828036 0.0010416667209938169
0.0 0.4751838147640228 0.7578125596046448 0.0018382353009656072 0.0031250002793967724
0.0 0.5317095518112183 0.5677083730697632 0.0009191176504828036 0.0020833334419876337
0.0 0.4719669222831726 0.48229169845581055 0.0009191176504828036 0.0020833334419876337
0.0 0.7196691036224365 0.8864583969116211 0.0018382353009656072 0.0020833334419876337
0.0 0.8423713445663452 0.8062500357627869 0.0009191176504828036 0.0020833334419876337
0.0 0.5252757668495178 0.6979166865348816 0.0009191176504828036 0.0020833334419876337
0.0 0.9168198704719543 0.9505208730697632 0.0009191176504828036 0.0010416667209938169
0.0 0.7578125 0.9541667103767395 0.0009191176504828036 0.0020833334419876337
0.0 0.48621323704719543 0.7359375357627869 0.0018382353009656072 0.0031250002793967724
0.0 0.9664521813392639 0.6848958730697632 0.0009191176504828036 0.0010416667209938169
0.0 0.11534926295280457 0.9458333849906921 0.0009191176504828036 0.0020833334419876337
0.0 0.7141544222831726 0.30781251192092896 0.0018382353009656072 0.0010416667209938169
0.0 0.6181066036224365 0.7875000238418579 0.0009191176504828036 0.0020833334419876337
0.0 0.3212316334247589 0.3385416865348816 0.0009191176504828036 0.0020833334419876337
0.0 0.5804228186607361 0.33906251192092896 0.0009191176504828036 0.0010416667209938169
0.0 0.7155330777168274 0.7359375357627869 0.0009191176504828036 0.0010416667209938169
0.0 0.48943015933036804 0.6093750596046448 0.0009191176504828036 0.0020833334419876337
0.0 0.8694853186607361 0.7776042222976685 0.0018382353009656072 0.0010416667209938169
0.0 0.2665441334247589 0.9854167103767395 0.0018382353009656072 0.0020833334419876337
0.0 0.849724292755127 0.8692708611488342 0.0009191176504828036 0.0010416667209938169
0.0 0.45909926295280457 0.8104166984558105 0.0009191176504828036 0.0020833334419876337
0.0 0.7293198704719543 0.8229166865348816 0.0009191176504828036 0.0020833334419876337
0.0 0.4453125 0.8229166865348816 0.0009191176504828036 0.0020833334419876337
0.0 0.3805147111415863 0.9614583849906921 0.0018382353009656072 0.0020833334419876337
0.0 0.9448529481887817 0.8140625357627869 0.0018382353009656072 0.0031250002793967724
0.0 0.21920956671237946 0.47187501192092896 0.0027573530096560717 0.0020833334419876337
0.0 0.8161764740943909 0.8161458969116211 0.0018382353009656072 0.0010416667209938169
0.0 0.6925551295280457 0.7598958611488342 0.0009191176504828036 0.0031250002793967724
0.0 0.4195772111415863 0.768750011920929 0.0009191176504828036 0.0020833334419876337
0.0 0.8161764740943909 0.02135416865348816 0.0018382353009656072 0.0010416667209938169
0.0 0.9545036554336548 0.9687500596046448 0.0009191176504828036 0.0020833334419876337
0.0 0.4352022111415863 0.8125000596046448 0.0009191176504828036 0.0020833334419876337
0.0 0.6704963445663452 0.24322918057441711 0.0009191176504828036 0.0031250002793967724
0.0 0.10845588147640228 0.6979166865348816 0.0018382353009656072 0.0020833334419876337
0.0 0.4466911852359772 0.12291667610406876 0.0036764706019312143 0.0020833334419876337
0.0 0.5045955777168274 0.3473958373069763 0.0018382353009656072 0.0010416667209938169
0.0 0.44163602590560913 0.40572917461395264 0.0009191176504828036 0.0010416667209938169
0.0 0.9499080777168274 0.7234375476837158 0.0009191176504828036 0.0010416667209938169
0.0 0.3125 0.8843750357627869 0.0018382353009656072 0.0020833334419876337
0.0 0.45909926295280457 0.7437500357627869 0.0009191176504828036 0.0020833334419876337
0.0 0.9425551295280457 0.7557291984558105 0.0009191176504828036 0.0010416667209938169
0.0 0.5464154481887817 0.6171875596046448 0.0009191176504828036 0.0010416667209938169
0.0 0.5698529481887817 0.5145833492279053 0.0018382353009656072 0.0020833334419876337
0.0 0.3267463147640228 0.4802083671092987 0.0009191176504828036 0.0020833334419876337
0.0 0.638786792755127 0.5880208611488342 0.0018382353009656072 0.0031250002793967724
0.0 0.31617647409439087 0.8203125596046448 0.0018382353009656072 0.0031250002793967724
0.0 0.8074448704719543 0.4880208671092987 0.0027573530096560717 0.0031250002793967724
0.0 0.09558823704719543 0.6885417103767395 0.0018382353009656072 0.0020833334419876337
0.0 0.4048713147640228 0.42604169249534607 0.0009191176504828036 0.0020833334419876337
0.0 0.029411764815449715 0.6072916984558105 0.0018382353009656072 0.004166666883975267
0.0 0.1920955926179886 0.5442708730697632 0.0036764706019312143 0.0031250002793967724
0.0 0.7642463445663452 0.7020833492279053 0.0027573530096560717 0.0020833334419876337
0.0 0.24724264442920685 0.38072919845581055 0.0018382353009656072 0.0031250002793967724
0.0 0.8543198704719543 0.37968751788139343 0.004595588427037001 0.0031250002793967724
0.0 0.5119485259056091 0.1484375149011612 0.0036764706019312143 0.0031250002793967724
0.0 0.8506433963775635 0.9270833730697632 0.0009191176504828036 0.0020833334419876337
0.0 0.6378676295280457 0.3619791865348816 0.0018382353009656072 0.0031250002793967724
0.0 0.5693933963775635 0.6786458492279053 0.0009191176504828036 0.0031250002793967724
0.0 0.12408088147640228 0.5713542103767395 0.0018382353009656072 0.0031250002793967724
0.0 0.36994484066963196 0.41875001788139343 0.0027573530096560717 0.0020833334419876337
0.0 0.5284926295280457 0.7276042103767395 0.0018382353009656072 0.0031250002793967724
0.0 0.2688419222831726 0.28177085518836975 0.0009191176504828036 0.0031250002793967724
0.0 0.8727021813392639 0.9312500357627869 0.0027573530096560717 0.0020833334419876337
0.0 0.9715073704719543 0.9234375357627869 0.0018382353009656072 0.0031250002793967724
0.0 0.06617647409439087 0.9036458730697632 0.0018382353009656072 0.0031250002793967724
0.0 0.2233455926179886 0.3973958492279053 0.007352941203862429 0.00729166716337204
0.0 0.2564338147640228 0.3005208373069763 0.0018382353009656072 0.0031250002793967724
0.0 0.017003675922751427 0.45625001192092896 0.0027573530096560717 0.004166666883975267
0.0 0.2945772111415863 0.6010416746139526 0.0027573530096560717 0.004166666883975267
0.0 0.8529411554336548 0.8578125238418579 0.0036764706019312143 0.0031250002793967724
0.0 0.3446691334247589 0.8208333849906921 0.0036764706019312143 0.004166666883975267
0.0 0.5188419222831726 0.6661458611488342 0.0027573530096560717 0.0031250002793967724
0.0 0.4485294222831726 0.1822916716337204 0.007352941203862429 0.008333333767950535
