0 0.568474 0.702604 0.000919 0.001042
0 0.775276 0.327604 0.000919 0.001042
0 0.652114 0.480729 0.000919 0.001042
0 0.878676 0.133854 0.001838 0.003125
0 0.671415 0.702604 0.000919 0.001042
0 0.134651 0.858333 0.000919 0.002083
0 0.883732 0.815625 0.000919 0.002083
0 0.264706 0.705729 0.001838 0.001042
0 0.255055 0.792708 0.000919 0.002083
0 0.880055 0.143750 0.000919 0.002083
0 0.171415 0.669792 0.000919 0.002083
0 0.906710 0.991146 0.000919 0.001042
0 0.623621 0.518229 0.000919 0.001042
0 0.719210 0.344271 0.002757 0.003125
0 0.844210 0.182813 0.000919 0.001042
0 0.853401 0.341146 0.000919 0.001042
0 0.473346 0.819271 0.001838 0.001042
0 0.311121 0.614063 0.000919 0.001042
0 0.572151 0.660417 0.000919 0.002083
0 0.889246 0.089583 0.000919 0.002083
0 0.570312 0.296875 0.000919 0.002083
0 0.514246 0.523958 0.000919 0.002083
0 0.648438 0.627083 0.000919 0.002083
0 0.568474 0.688021 0.000919 0.001042
0 0.892923 0.952604 0.000919 0.001042
0 0.385570 0.567188 0.000919 0.001042
0 0.700827 0.153125 0.000919 0.002083
0 0.177390 0.828125 0.001838 0.002083
0 0.526195 0.824479 0.000919 0.001042
0 0.728401 0.428125 0.000919 0.002083
0 0.187960 0.507812 0.000919 0.001042
0 0.378217 0.856250 0.002757 0.004167
0 0.469210 0.821354 0.000919 0.001042
0 0.846048 0.010938 0.000919 0.001042
0 0.863511 0.179688 0.000919 0.001042
0 0.493566 0.695313 0.001838 0.003125
0 0.742188 0.924479 0.000919 0.001042
0 0.201746 0.839583 0.000919 0.002083
0 0.592831 0.633854 0.001838 0.001042
0 0.173254 0.700521 0.000919 0.001042
0 0.106158 0.583854 0.000919 0.001042
0 0.960938 0.367188 0.000919 0.001042
0 0.443474 0.430729 0.000919 0.001042
0 0.577665 0.697396 0.000919 0.001042
0 0.163143 0.543229 0.000919 0.001042
0 0.676011 0.295313 0.000919 0.001042
0 0.666820 0.390104 0.000919 0.001042
0 0.403952 0.521354 0.000919 0.001042
0 0.246783 0.486979 0.000919 0.001042
0 0.784467 0.917188 0.000919 0.001042
0 0.793199 0.282292 0.001838 0.002083
0 0.994026 0.841146 0.000919 0.001042
0 0.751379 0.267708 0.002757 0.002083
0 0.167739 0.932813 0.000919 0.001042
0 0.965533 0.803646 0.000919 0.001042
0 0.468750 0.938542 0.001838 0.002083
0 0.669577 0.469271 0.000919 0.001042
0 0.809283 0.139583 0.000919 0.002083
0 0.011949 0.603646 0.001838 0.001042
0 0.431526 0.531250 0.000919 0.002083
0 0.727022 0.258333 0.001838 0.002083
0 0.006434 0.553125 0.012868 0.025000
0 0.780790 0.665625 0.000919 0.002083
0 0.649357 0.576563 0.000919 0.001042
0 0.734835 0.895833 0.000919 0.002083
0 0.931526 0.264063 0.000919 0.001042
0 0.793658 0.913542 0.000919 0.002083
0 0.834099 0.530729 0.000919 0.001042
0 0.640165 0.642188 0.000919 0.001042
0 0.466452 0.941146 0.000919 0.001042
0 0.290441 0.943750 0.003676 0.002083
0 0.229320 0.543229 0.000919 0.001042
0 0.505974 0.523438 0.000919 0.001042
0 0.710938 0.484896 0.000919 0.001042
0 0.479320 0.619271 0.000919 0.001042
0 0.753676 0.985417 0.001838 0.002083
0 0.553309 0.361979 0.001838 0.001042
0 0.661305 0.626563 0.000919 0.001042
0 0.446232 0.825521 0.000919 0.001042
0 0.833640 0.205208 0.001838 0.002083
0 0.050551 0.608333 0.001838 0.002083
0 0.884191 0.065625 0.001838 0.002083
0 0.596507 0.479688 0.001838 0.001042
0 0.498621 0.836458 0.000919 0.002083
0 0.192555 0.776042 0.000919 0.002083
0 0.138327 0.392188 0.002757 0.003125
0 0.760570 0.427604 0.000919 0.001042
0 0.250919 0.844271 0.001838 0.001042
0 0.805147 0.201042 0.001838 0.002083
0 0.218290 0.661458 0.000919 0.002083
0 0.215074 0.440625 0.001838 0.002083
0 0.674173 0.626042 0.000919 0.002083
0 0.546415 0.689583 0.000919 0.002083
0 0.358915 0.337500 0.000919 0.002083
0 0.798254 0.472396 0.000919 0.001042
0 0.814338 0.697917 0.001838 0.002083
0 0.631893 0.258854 0.000919 0.001042
0 0.818474 0.192708 0.000919 0.002083
0 0.113051 0.715625 0.001838 0.002083
0 0.590533 0.725000 0.000919 0.002083
0 0.113511 0.689063 0.000919 0.003125
0 0.019761 0.579688 0.000919 0.003125
0 0.301011 0.679167 0.000919 0.002083
0 0.165901 0.964063 0.000919 0.001042
0 0.603401 0.742188 0.000919 0.001042
0 0.767923 0.742188 0.000919 0.003125
0 0.428768 0.300521 0.000919 0.001042
0 0.991268 0.789583 0.000919 0.002083
0 0.131893 0.528125 0.000919 0.002083
0 0.728860 0.933854 0.001838 0.003125
0 0.335938 0.432292 0.002757 0.002083
0 0.331801 0.502083 0.001838 0.002083
0 0.942555 0.663021 0.000919 0.001042
0 0.421415 0.692188 0.000919 0.001042
0 0.805607 0.231771 0.000919 0.003125
0 0.588695 0.430208 0.000919 0.002083
0 0.669577 0.698438 0.000919 0.001042
0 0.505974 0.158854 0.000919 0.001042
0 0.130974 0.471354 0.000919 0.001042
0 0.511949 0.842708 0.001838 0.002083
0 0.130055 0.810938 0.002757 0.003125
0 0.867188 0.746354 0.000919 0.001042
0 0.710018 0.413542 0.000919 0.002083
0 0.571232 0.767708 0.000919 0.002083
0 0.971048 0.794271 0.000919 0.001042
0 0.028952 0.713021 0.006434 0.005208
0 0.513327 0.866146 0.000919 0.003125
0 0.357077 0.639583 0.000919 0.004167
0 0.866268 0.727604 0.000919 0.001042
0 0.940717 0.997396 0.000919 0.001042
0 0.584099 0.646354 0.000919 0.003125
0 0.619026 0.744271 0.000919 0.001042
0 0.289062 0.587500 0.000919 0.002083
0 0.231158 0.416667 0.002757 0.002083
0 0.826746 0.307292 0.000919 0.002083
0 0.622702 0.611979 0.000919 0.001042
0 0.508272 0.575000 0.001838 0.002083
0 0.270680 0.710417 0.000919 0.002083
0 0.587776 0.768229 0.000919 0.001042
0 0.079504 0.789583 0.000919 0.002083
0 0.498621 0.943750 0.000919 0.002083
0 0.549173 0.544271 0.000919 0.001042
0 0.668658 0.557813 0.000919 0.001042
0 0.357996 0.526563 0.000919 0.001042
0 0.855239 0.305729 0.000919 0.001042
0 0.510110 0.580208 0.001838 0.002083
0 0.542739 0.950000 0.000919 0.002083
0 0.495864 0.417708 0.000919 0.002083
0 0.402114 0.789583 0.000919 0.002083
0 0.846048 0.742188 0.000919 0.001042
0 0.775276 0.714583 0.000919 0.002083
0 0.334559 0.419792 0.001838 0.002083
0 0.830423 0.677604 0.000919 0.001042
0 0.265625 0.592708 0.001838 0.002083
0 0.539062 0.356771 0.000919 0.001042
0 0.832261 0.743750 0.000919 0.002083
0 0.675092 0.531771 0.000919 0.001042
0 0.767463 0.920833 0.001838 0.002083
0 0.774357 0.865625 0.000919 0.002083
0 0.305147 0.664583 0.001838 0.002083
0 0.476562 0.575000 0.000919 0.002083
0 0.542739 0.736979 0.000919 0.003125
0 0.371783 0.710417 0.000919 0.002083
0 0.901195 0.865625 0.000919 0.002083
0 0.474724 0.942188 0.000919 0.003125
0 0.898897 0.637500 0.001838 0.002083
0 0.670496 0.475000 0.000919 0.002083
0 0.443474 0.791667 0.000919 0.002083
0 0.982077 0.732813 0.000919 0.001042
0 0.653033 0.421354 0.000919 0.001042
0 0.417739 0.969271 0.000919 0.003125
0 0.508732 0.983854 0.000919 0.003125
0 0.764246 0.964063 0.000919 0.001042
0 0.915901 0.942708 0.000919 0.002083
0 0.943474 0.957292 0.000919 0.002083
0 0.201287 0.804688 0.001838 0.003125
0 0.795956 0.851563 0.001838 0.001042
0 0.859835 0.806250 0.000919 0.002083
0 0.601562 0.683333 0.000919 0.002083
0 0.494026 0.694792 0.000919 0.002083
0 0.567096 0.658333 0.001838 0.002083
0 0.839154 0.410417 0.001838 0.002083
0 0.772059 0.759896 0.003676 0.005208
0 0.137868 0.500000 0.001838 0.002083
0 0.529871 0.798958 0.000919 0.002083
0 0.763787 0.422396 0.001838 0.001042
0 0.621783 0.417188 0.000919 0.001042
0 0.585018 0.669792 0.000919 0.002083
0 0.956801 0.740104 0.001838 0.001042
0 0.245864 0.589583 0.000919 0.002083
0 0.640165 0.528125 0.000919 0.002083
0 0.162224 0.554167 0.000919 0.002083
0 0.233915 0.427083 0.002757 0.002083
0 0.572151 0.665625 0.000919 0.002083
0 0.690257 0.459896 0.001838 0.003125
0 0.587776 0.731250 0.000919 0.002083
0 0.324908 0.829167 0.000919 0.002083
0 0.826746 0.694792 0.000919 0.002083
0 0.570312 0.776042 0.000919 0.002083
0 0.335018 0.420313 0.002757 0.003125
0 0.829963 0.265625 0.001838 0.002083
0 0.685202 0.623958 0.000919 0.002083
0 0.523438 0.757292 0.000919 0.004167
0 0.783088 0.207813 0.001838 0.003125
0 0.677849 0.472396 0.000919 0.001042
0 0.624540 0.637500 0.000919 0.002083
0 0.633272 0.107292 0.001838 0.002083
0 0.831342 0.595833 0.000919 0.002083
0 0.312960 0.483333 0.002757 0.002083
0 0.988511 0.822917 0.000919 0.002083
0 0.236213 0.619792 0.001838 0.002083
0 0.031250 0.796875 0.001838 0.004167
0 0.373621 0.647396 0.000919 0.001042
0 0.606158 0.722917 0.000919 0.002083
0 0.363971 0.261458 0.001838 0.002083
0 0.951287 0.990104 0.001838 0.003125
0 0.563879 0.732292 0.000919 0.002083
0 0.244485 0.503646 0.001838 0.003125
0 0.400276 0.882292 0.000919 0.002083
0 0.223346 0.610938 0.001838 0.003125
0 0.695312 0.617188 0.000919 0.003125
0 0.976103 0.331771 0.003676 0.003125
0 0.543199 0.098958 0.003676 0.002083
0 0.754596 0.315104 0.001838 0.003125
0 0.309283 0.967708 0.004596 0.012500
0 0.652114 0.508333 0.000919 0.002083
0 0.934283 0.432813 0.002757 0.003125
0 0.502298 0.992188 0.002757 0.003125
0 0.375000 0.245313 0.001838 0.003125
0 0.655331 0.658854 0.001838 0.003125
0 0.444853 0.734375 0.001838 0.002083
0 0.137408 0.392708 0.002757 0.004167
0 0.615349 0.306250 0.000919 0.002083
0 0.155790 0.534375 0.002757 0.006250
0 0.334559 0.352083 0.007353 0.006250
0 0.472426 0.735417 0.001838 0.004167
0 0.763787 0.531771 0.001838 0.003125
0 0.547794 0.155208 0.005515 0.006250
0 0.612132 0.123438 0.003676 0.003125
0 0.532629 0.997917 0.004596 0.004167
0 0.642004 0.601563 0.002757 0.003125
0 0.415901 0.539062 0.002757 0.003125
