0.0 0.6796875 0.36354169249534607 0.0009191176504828036 0.0020833334419876337
0.0 0.015165441669523716 0.44322919845581055 0.0009191176504828036 0.0010416667209938169
0.0 0.880974292755127 0.9432291984558105 0.0009191176504828036 0.0010416667209938169
0.0 0.6796875 0.21927084028720856 0.0009191176504828036 0.0010416667209938169
0.0 0.09788603335618973 0.43906253576278687 0.0009191176504828036 0.0010416667209938169
0.0 0.8460478186607361 0.452604204416275 0.0009191176504828036 0.0010416667209938169
0.0 0.37454044818878174 0.6734375357627869 0.0009191176504828036 0.0010416667209938169
0.0 0.5399816036224365 0.6713541746139526 0.0009191176504828036 0.0010416667209938169
0.0 0.08501838147640228 0.7692708969116211 0.0009191176504828036 0.0010416667209938169
0.0 0.6741728186607361 0.3708333671092987 0.0009191176504828036 0.0020833334419876337
0.0 0.662224292755127 0.7552083730697632 0.0009191176504828036 0.0020833334419876337
0.0 0.7605698704719543 0.8854166865348816 0.0009191176504828036 0.0020833334419876337
0.0 0.7555146813392639 0.20625001192092896 0.0018382353009656072 0.0020833334419876337
0.0 0.2821691334247589 0.6140625476837158 0.0018382353009656072 0.0010416667209938169
0.0 0.9738051295280457 0.6625000238418579 0.0009191176504828036 0.0020833334419876337
0.0 0.39568015933036804 0.8583333492279053 0.0009191176504828036 0.0020833334419876337
0.0 0.6208639740943909 0.9968750476837158 0.0009191176504828036 0.0020833334419876337
0.0 0.5827205777168274 0.5796875357627869 0.0018382353009656072 0.0010416667209938169
0.0 0.6392463445663452 0.4192708432674408 0.0009191176504828036 0.0010416667209938169
0.0 0.5399816036224365 0.9567708969116211 0.0009191176504828036 0.0010416667209938169
0.0 0.7936580777168274 0.1666666716337204 0.0009191176504828036 0.0020833334419876337
0.0 0.25505515933036804 0.3817708492279053 0.0009191176504828036 0.0010416667209938169
0.0 0.5726103186607361 0.5776041746139526 0.0018382353009656072 0.0010416667209938169
0.0 0.060202207416296005 0.6078125238418579 0.0009191176504828036 0.0010416667209938169
0.0 0.43795955181121826 0.7520833611488342 0.0009191176504828036 0.0020833334419876337
0.0 0.3092830777168274 0.9640625715255737 0.0009191176504828036 0.0010416667209938169
0.0 0.5661764740943909 0.6041666865348816 0.0018382353009656072 0.0020833334419876337
0.0 0.7734375 0.02760416828095913 0.0009191176504828036 0.0010416667209938169
0.0 0.7164521813392639 0.25989586114883423 0.0009191176504828036 0.0010416667209938169
0.0 0.8552389740943909 0.4088541865348816 0.0009191176504828036 0.0010416667209938169
0.0 0.6686580777168274 0.3140625059604645 0.0009191176504828036 0.0010416667209938169
0.0 0.46277573704719543 0.7557291984558105 0.0009191176504828036 0.0010416667209938169
0.0 0.4306066334247589 0.18645834922790527 0.0009191176504828036 0.0020833334419876337
0.0 0.7504595518112183 0.27031251788139343 0.0009191176504828036 0.0010416667209938169
0.0 0.8869485259056091 0.9197916984558105 0.0018382353009656072 0.0020833334419876337
0.0 0.8451286554336548 0.8635417222976685 0.0009191176504828036 0.0020833334419876337
0.0 0.5625 0.7598958611488342 0.0018382353009656072 0.0010416667209938169
0.0 0.11856617778539658 0.6296875476837158 0.0036764706019312143 0.0031250002793967724
0.0 0.4140625 0.7088541984558105 0.0009191176504828036 0.0010416667209938169
0.0 0.8469669222831726 0.1015625074505806 0.0009191176504828036 0.0010416667209938169
0.0 0.33226102590560913 0.5755208730697632 0.0009191176504828036 0.0031250002793967724
0.0 0.4443933963775635 0.7442708611488342 0.0009191176504828036 0.0010416667209938169
0.0 0.22288602590560913 0.9218750596046448 0.0009191176504828036 0.0020833334419876337
0.0 0.7366728186607361 0.45104169845581055 0.0027573530096560717 0.0020833334419876337
0.0 0.1585477888584137 0.7697917222976685 0.0009191176504828036 0.0020833334419876337
0.0 0.06204044073820114 0.5963541865348816 0.0009191176504828036 0.0010416667209938169
0.0 0.8534007668495178 0.96770840883255 0.0009191176504828036 0.0020833334419876337
0.0 0.4361213147640228 0.7645833492279053 0.0009191176504828036 0.004166666883975267
0.0 0.4931066334247589 0.4921875298023224 0.0009191176504828036 0.0010416667209938169
0.0 0.09650735557079315 0.4713541865348816 0.0018382353009656072 0.0010416667209938169
0.0 0.8947610259056091 0.9875000715255737 0.0009191176504828036 0.0020833334419876337
0.0 0.4071691334247589 0.23072917759418488 0.0018382353009656072 0.0010416667209938169
0.0 0.032628677785396576 0.4984375238418579 0.0009191176504828036 0.0010416667209938169
0.0 0.47840073704719543 0.7291666865348816 0.0009191176504828036 0.0020833334419876337
0.0 0.4545036852359772 0.7968750596046448 0.0009191176504828036 0.0020833334419876337
0.0 0.4131433963775635 0.8250000476837158 0.0009191176504828036 0.004166666883975267
0.0 0.9113051295280457 0.9317708611488342 0.0009191176504828036 0.0010416667209938169
0.0 0.7936580777168274 0.9651042222976685 0.0009191176504828036 0.0010416667209938169
0.0 0.9793198704719543 0.31822916865348816 0.0009191176504828036 0.0010416667209938169
0.0 0.48391544818878174 0.32343751192092896 0.0009191176504828036 0.0010416667209938169
0.0 0.5004595518112183 0.7692708969116211 0.0009191176504828036 0.0010416667209938169
0.0 0.47840073704719543 0.8458333611488342 0.0009191176504828036 0.0020833334419876337
0.0 0.8051470518112183 0.08177083730697632 0.0018382353009656072 0.0010416667209938169
0.0 0.03630514815449715 0.8385416865348816 0.0009191176504828036 0.0020833334419876337
0.0 0.30652573704719543 0.9104167222976685 0.0009191176504828036 0.0020833334419876337
0.0 0.12913602590560913 0.5932291746139526 0.0009191176504828036 0.0010416667209938169
0.0 0.8772978186607361 0.125 0.0009191176504828036 0.0020833334419876337
0.0 0.5680146813392639 0.6781250238418579 0.0018382353009656072 0.0020833334419876337
0.0 0.6645220518112183 0.4635416865348816 0.0018382353009656072 0.0020833334419876337
0.0 0.41773897409439087 0.8687500357627869 0.0009191176504828036 0.0020833334419876337
0.0 0.6374080777168274 0.7770833969116211 0.0009191176504828036 0.0020833334419876337
0.0 0.2109375 0.89739590883255 0.0009191176504828036 0.0010416667209938169
0.0 0.6539521813392639 0.9338542222976685 0.0009191176504828036 0.0010416667209938169
0.0 0.7366728186607361 0.14218750596046448 0.0009191176504828036 0.0010416667209938169
0.0 0.048253677785396576 0.45104169845581055 0.0009191176504828036 0.0020833334419876337
0.0 0.7311580777168274 0.34062501788139343 0.0009191176504828036 0.0020833334419876337
0.0 0.5243566036224365 0.5630208849906921 0.0009191176504828036 0.0010416667209938169
0.0 0.8589154481887817 0.7578125596046448 0.0009191176504828036 0.0010416667209938169
0.0 0.4765625 0.4442708492279053 0.0009191176504828036 0.0010416667209938169
0.0 0.17233456671237946 0.9656250476837158 0.0009191176504828036 0.0020833334419876337
0.0 0.927849292755127 0.7713541984558105 0.0009191176504828036 0.0010416667209938169
0.0 0.12132353335618973 0.4854166805744171 0.0018382353009656072 0.0020833334419876337
0.0 0.4779411852359772 0.7953125238418579 0.0018382353009656072 0.0031250002793967724
0.0 0.6897978186607361 0.07447917014360428 0.0009191176504828036 0.0010416667209938169
0.0 0.35983455181121826 0.8921875357627869 0.0009191176504828036 0.0010416667209938169
0.0 0.4462316334247589 0.5619791746139526 0.0009191176504828036 0.0010416667209938169
0.0 0.07674632221460342 0.5062500238418579 0.0009191176504828036 0.0020833334419876337
0.0 0.1953125 0.8348958492279053 0.0009191176504828036 0.0010416667209938169
0.0 0.755974292755127 0.8994792103767395 0.0009191176504828036 0.0010416667209938169
0.0 0.4719669222831726 0.7354167103767395 0.0009191176504828036 0.0020833334419876337
0.0 0.6107536554336548 0.5286458730697632 0.0009191176504828036 0.0010416667209938169
0.0 0.7164521813392639 0.6651042103767395 0.0009191176504828036 0.0010416667209938169
0.0 0.2890625 0.8578125238418579 0.0009191176504828036 0.0010416667209938169
0.0 0.1976102888584137 0.7223958969116211 0.0018382353009656072 0.0010416667209938169
0.0 0.4857536852359772 0.5557292103767395 0.0009191176504828036 0.0010416667209938169
0.0 0.14108456671237946 0.47031253576278687 0.0027573530096560717 0.0031250002793967724
0.0 0.755974292755127 0.2057291716337204 0.0009191176504828036 0.0010416667209938169
0.0 0.6383271813392639 0.7906250357627869 0.0009191176504828036 0.0020833334419876337
0.0 0.5510110259056091 0.6078125238418579 0.0009191176504828036 0.0010416667209938169
0.0 0.7182904481887817 0.22500000894069672 0.0009191176504828036 0.0020833334419876337
0.0 0.2720588147640228 0.3708333671092987 0.0018382353009656072 0.0020833334419876337
0.0 0.08547794073820114 0.9109375476837158 0.0018382353009656072 0.0010416667209938169
0.0 0.47472426295280457 0.7072917222976685 0.0009191176504828036 0.0020833334419876337
0.0 0.4149816334247589 0.7953125238418579 0.0009191176504828036 0.0010416667209938169
0.0 0.5188419222831726 0.6927083730697632 0.0009191176504828036 0.0020833334419876337
0.0 0.5785845518112183 0.5161458849906921 0.0009191176504828036 0.0010416667209938169
0.0 0.42693015933036804 0.8421875238418579 0.0009191176504828036 0.0010416667209938169
0.0 0.4811580777168274 0.7885417342185974 0.0009191176504828036 0.0020833334419876337
0.0 0.46461397409439087 0.8072916865348816 0.0009191176504828036 0.0020833334419876337
0.0 0.9159007668495178 0.7078125476837158 0.0009191176504828036 0.0010416667209938169
0.0 0.19347426295280457 0.7380208969116211 0.0009191176504828036 0.0010416667209938169
0.0 0.6355698704719543 0.9302083849906921 0.0009191176504828036 0.0020833334419876337
0.0 0.6695771813392639 0.7187500596046448 0.0009191176504828036 0.0020833334419876337
0.0 0.46507352590560913 0.7260417342185974 0.0018382353009656072 0.0020833334419876337
0.0 0.5271139740943909 0.4557291865348816 0.0009191176504828036 0.0010416667209938169
0.0 0.45726102590560913 0.8708333969116211 0.0009191176504828036 0.0020833334419876337
0.0 0.013786764815449715 0.8989583849906921 0.0018382353009656072 0.0020833334419876337
0.0 0.8083639740943909 0.10520833730697632 0.0009191176504828036 0.0020833334419876337
0.0 0.5363051295280457 0.4203125238418579 0.0009191176504828036 0.0031250002793967724
0.0 0.45036765933036804 0.5927083492279053 0.0018382353009656072 0.0020833334419876337
0.0 0.5574448704719543 0.4609375298023224 0.0009191176504828036 0.0010416667209938169
0.0 0.3740808963775635 0.6260417103767395 0.0018382353009656072 0.0020833334419876337
0.0 0.5464154481887817 0.28593751788139343 0.0009191176504828036 0.0010416667209938169
0.0 0.662224292755127 0.2979166805744171 0.0027573530096560717 0.0020833334419876337
0.0 0.3451286852359772 0.3281250298023224 0.0009191176504828036 0.0020833334419876337
0.0 0.6245404481887817 0.2213541716337204 0.0009191176504828036 0.0010416667209938169
0.0 0.14338235557079315 0.6432291865348816 0.0018382353009656072 0.0010416667209938169
0.0 0.6521139740943909 0.34583336114883423 0.0009191176504828036 0.0020833334419876337
0.0 0.6842830777168274 0.3062500059604645 0.0009191176504828036 0.0020833334419876337
0.0 0.9940257668495178 0.9229167103767395 0.0009191176504828036 0.0020833334419876337
0.0 0.7150735259056091 0.7328125238418579 0.0018382353009656072 0.0010416667209938169
0.0 0.8635110259056091 0.22031250596046448 0.0009191176504828036 0.0010416667209938169
0.0 0.8396139740943909 0.8744792342185974 0.0009191176504828036 0.0010416667209938169
0.0 0.615349292755127 0.9666666984558105 0.0009191176504828036 0.0020833334419876337
0.0 0.7495404481887817 0.4921875298023224 0.0009191176504828036 0.0010416667209938169
0.0 0.08869485557079315 0.5135416984558105 0.0009191176504828036 0.0020833334419876337
0.0 0.3841911852359772 0.9114583730697632 0.0018382353009656072 0.0020833334419876337
0.0 0.5523896813392639 0.5552083849906921 0.0018382353009656072 0.0020833334419876337
0.0 0.08961397409439087 0.557812511920929 0.0009191176504828036 0.0010416667209938169
0.0 0.7311580777168274 0.21562501788139343 0.0009191176504828036 0.0020833334419876337
0.0 0.34880515933036804 0.468229204416275 0.0009191176504828036 0.0010416667209938169
0.0 0.5464154481887817 0.6250000596046448 0.0009191176504828036 0.0020833334419876337
0.0 0.8331801295280457 0.8062500357627869 0.0009191176504828036 0.0020833334419876337
0.0 0.13878676295280457 0.45885419845581055 0.0036764706019312143 0.0010416667209938169
0.0 0.6760110259056091 0.9192708730697632 0.0009191176504828036 0.0010416667209938169
0.0 0.9682904481887817 0.9640625715255737 0.0009191176504828036 0.0010416667209938169
0.0 0.10523897409439087 0.9432291984558105 0.0009191176504828036 0.0010416667209938169
0.0 0.24172794818878174 0.45781251788139343 0.0018382353009656072 0.0010416667209938169
0.0 0.44347426295280457 0.5765625238418579 0.0009191176504828036 0.0010416667209938169
0.0 0.2633272111415863 0.9385417103767395 0.0027573530096560717 0.004166666883975267
0.0 0.4944852888584137 0.7447916865348816 0.0018382353009656072 0.0020833334419876337
0.0 0.9159007668495178 0.0364583358168602 0.0009191176504828036 0.0020833334419876337
0.0 0.9508271813392639 0.9515625238418579 0.0009191176504828036 0.0010416667209938169
0.0 0.42693015933036804 0.41354167461395264 0.0009191176504828036 0.0020833334419876337
0.0 0.3984375 0.9416667222976685 0.0027573530096560717 0.0020833334419876337
0.0 0.8883271813392639 0.9505208730697632 0.0009191176504828036 0.0010416667209938169
0.0 0.12913602590560913 0.8067708611488342 0.004595588427037001 0.0010416667209938169
0.0 0.38648897409439087 0.7557291984558105 0.0009191176504828036 0.0031250002793967724
0.0 0.14476102590560913 0.8005208969116211 0.0009191176504828036 0.0010416667209938169
0.0 0.7375919222831726 0.29479166865348816 0.0009191176504828036 0.0020833334419876337
0.0 0.7568933963775635 0.6208333373069763 0.0009191176504828036 0.0020833334419876337
0.0 0.7587316036224365 0.33906251192092896 0.0009191176504828036 0.0010416667209938169
0.0 0.7922794222831726 0.15572917461395264 0.0018382353009656072 0.0031250002793967724
0.0 0.9600183963775635 0.8083333969116211 0.0009191176504828036 0.0020833334419876337
0.0 0.8221507668495178 0.7203125357627869 0.0009191176504828036 0.0010416667209938169
0.0 0.03216911852359772 0.5223958492279053 0.0018382353009656072 0.0010416667209938169
0.0 0.8910845518112183 0.98333340883255 0.0009191176504828036 0.0020833334419876337
0.0 0.3984375 0.9416667222976685 0.0009191176504828036 0.0020833334419876337
0.0 0.2803308963775635 0.2927083373069763 0.0018382353009656072 0.0020833334419876337
0.0 0.5087316036224365 0.8072916865348816 0.0009191176504828036 0.0020833334419876337
0.0 0.7440257668495178 0.23125001788139343 0.0009191176504828036 0.0020833334419876337
0.0 0.3561580777168274 0.8932291865348816 0.0009191176504828036 0.0010416667209938169
0.0 0.49402573704719543 0.47083336114883423 0.0009191176504828036 0.0020833334419876337
0.0 0.9462316036224365 0.7651042342185974 0.0009191176504828036 0.0010416667209938169
0.0 0.30744484066963196 0.7645833492279053 0.0009191176504828036 0.0020833334419876337
0.0 0.5399816036224365 0.5750000476837158 0.0009191176504828036 0.0020833334419876337
0.0 0.5615808963775635 0.13072916865348816 0.0018382353009656072 0.0010416667209938169
0.0 0.4600183963775635 0.8333333730697632 0.0009191176504828036 0.0020833334419876337
0.0 0.6704963445663452 0.9838542342185974 0.0009191176504828036 0.0010416667209938169
0.0 0.5344669222831726 0.6979166865348816 0.0009191176504828036 0.0020833334419876337
0.0 0.9829963445663452 0.6817708611488342 0.0009191176504828036 0.0010416667209938169
0.0 0.4499080777168274 0.3890625238418579 0.0009191176504828036 0.0010416667209938169
0.0 0.8644301295280457 0.8593750596046448 0.0009191176504828036 0.0020833334419876337
0.0 0.46369484066963196 0.39531251788139343 0.0009191176504828036 0.0010416667209938169
0.0 0.2155330926179886 0.5270833373069763 0.0027573530096560717 0.0020833334419876337
0.0 0.7375919222831726 0.8729166984558105 0.0009191176504828036 0.0020833334419876337
0.0 0.33226102590560913 0.8979167342185974 0.0009191176504828036 0.0020833334419876337
0.0 0.990349292755127 0.6932291984558105 0.0009191176504828036 0.0010416667209938169
0.0 0.5441176295280457 0.6843750476837158 0.0018382353009656072 0.0020833334419876337
0.0 0.39797794818878174 0.9187500476837158 0.0018382353009656072 0.0020833334419876337
0.0 0.9255514740943909 0.8302083611488342 0.0018382353009656072 0.0020833334419876337
0.0 0.7118566036224365 0.7500000596046448 0.0009191176504828036 0.0020833334419876337
0.0 0.6994485259056091 0.7541667222976685 0.0018382353009656072 0.0020833334419876337
0.0 0.6447610259056091 0.9916667342185974 0.0009191176504828036 0.0020833334419876337
0.0 0.6429228186607361 0.8432292342185974 0.0009191176504828036 0.0010416667209938169
0.0 0.29319852590560913 0.2744791805744171 0.0018382353009656072 0.0031250002793967724
0.0 0.4586397111415863 0.8427083492279053 0.0018382353009656072 0.0020833334419876337
0.0 0.8267463445663452 0.47968751192092896 0.0027573530096560717 0.0031250002793967724
0.0 0.8607536554336548 0.8958333730697632 0.0009191176504828036 0.0020833334419876337
0.0 0.06433823704719543 0.7630208730697632 0.0018382353009656072 0.0010416667209938169
0.0 0.5886948704719543 0.6682292222976685 0.0009191176504828036 0.0031250002793967724
0.0 0.8681066036224365 0.8484375476837158 0.0027573530096560717 0.0031250002793967724
0.0 0.7826286554336548 0.6916667222976685 0.0027573530096560717 0.0020833334419876337
0.0 0.4719669222831726 0.12447917461395264 0.0027573530096560717 0.0010416667209938169
0.0 0.9742646813392639 0.5015625357627869 0.0018382353009656072 0.0010416667209938169
0.0 0.029871324077248573 0.5796875357627869 0.0009191176504828036 0.0010416667209938169
0.0 0.47702205181121826 0.8338541984558105 0.0018382353009656072 0.0010416667209938169
0.0 0.16314338147640228 0.6458333730697632 0.0009191176504828036 0.0020833334419876337
0.0 0.6585478186607361 0.8317708969116211 0.0027573530096560717 0.0052083334885537624
0.0 0.7210478186607361 0.6468750238418579 0.0009191176504828036 0.0020833334419876337
0.0 0.5055146813392639 0.7223958969116211 0.0018382353009656072 0.0031250002793967724
0.0 0.7518382668495178 0.7979167103767395 0.0018382353009656072 0.004166666883975267
0.0 0.6966911554336548 0.23281250894069672 0.0018382353009656072 0.0031250002793967724
0.0 0.49632352590560913 0.7859375476837158 0.0018382353009656072 0.0010416667209938169
0.0 0.1351102888584137 0.9135417342185974 0.0018382353009656072 0.0020833334419876337
0.0 0.865349292755127 0.9156250357627869 0.0009191176504828036 0.0020833334419876337
0.0 0.9852941036224365 0.9197916984558105 0.0018382353009656072 0.0020833334419876337
0.0 0.18658088147640228 0.6395833492279053 0.0018382353009656072 0.0020833334419876337
0.0 0.5914521813392639 0.5026041865348816 0.0009191176504828036 0.0031250002793967724
0.0 0.8846507668495178 0.7703125476837158 0.0009191176504828036 0.0010416667209938169
0.0 0.013786764815449715 0.8822917342185974 0.0036764706019312143 0.004166666883975267
0.0 0.1194852963089943 0.6661458611488342 0.0018382353009656072 0.0031250002793967724
0.0 0.959099292755127 0.7500000596046448 0.0009191176504828036 0.0020833334419876337
0.0 0.5482536554336548 0.7151042222976685 0.0027573530096560717 0.0031250002793967724
0.0 0.6590073704719543 0.5765625238418579 0.0018382353009656072 0.0031250002793967724
0.0 0.6613051295280457 0.3500000238418579 0.0027573530096560717 0.004166666883975267
0.0 0.14751838147640228 0.5526041984558105 0.0009191176504828036 0.0031250002793967724
0.0 0.28400734066963196 0.9578125476837158 0.0018382353009656072 0.0031250002793967724
0.0 0.5390625 0.14791667461395264 0.0027573530096560717 0.0020833334419876337
0.0 0.05422794073820114 0.5859375596046448 0.0018382353009656072 0.0052083334885537624
0.0 0.037224266678094864 0.5510417222976685 0.0027573530096560717 0.0020833334419876337
0.0 0.5275735259056091 0.33645835518836975 0.0018382353009656072 0.0020833334419876337
0.0 0.07950367778539658 0.8416666984558105 0.0009191176504828036 0.0020833334419876337
0.0 0.9664521813392639 0.7187500596046448 0.0009191176504828036 0.0020833334419876337
0.0 0.13235294818878174 0.675000011920929 0.0018382353009656072 0.0020833334419876337
0.0 0.3157169222831726 0.5859375596046448 0.0027573530096560717 0.0031250002793967724
0.0 0.8272058963775635 0.48072919249534607 0.0036764706019312143 0.0031250002793967724
0.0 0.8864889740943909 0.92083340883255 0.0027573530096560717 0.0020833334419876337
0.0 0.33088234066963196 0.8614583611488342 0.0018382353009656072 0.0020833334419876337
0.0 0.08731617778539658 0.8734375238418579 0.0018382353009656072 0.0031250002793967724
0.0 0.3350183963775635 0.7979167103767395 0.0027573530096560717 0.0020833334419876337
0.0 0.5376838445663452 0.651562511920929 0.0018382353009656072 0.0031250002793967724
0.0 0.8736213445663452 0.3708333671092987 0.0027573530096560717 0.004166666883975267
0.0 0.04273897036910057 0.4364583492279053 0.0027573530096560717 0.004166666883975267
0.0 0.36351102590560913 0.7994791865348816 0.0027573530096560717 0.0031250002793967724
0.0 0.24724264442920685 0.38750001788139343 0.007352941203862429 0.006250000558793545
0.0 0.4742647111415863 0.1822916716337204 0.007352941203862429 0.006250000558793545
