0.0 0.8625919222831726 0.7859375476837158 0.0009191176504828036 0.0010416667209938169
0.0 0.9186580777168274 0.5427083373069763 0.0009191176504828036 0.0020833334419876337
0.0 0.3984375 0.7963542342185974 0.0009191176504828036 0.0010416667209938169
0.0 0.7578125 0.6442708373069763 0.0009191176504828036 0.0010416667209938169
0.0 0.9250919222831726 0.5026041865348816 0.0009191176504828036 0.0010416667209938169
0.0 0.5831801295280457 0.7390625476837158 0.0009191176504828036 0.0031250002793967724
0.0 0.9140625 0.6005208492279053 0.0009191176504828036 0.0010416667209938169
0.0 0.6989889740943909 0.2838541865348816 0.0009191176504828036 0.0010416667209938169
0.0 0.17325367033481598 0.8302083611488342 0.0009191176504828036 0.0020833334419876337
0.0 0.7761948704719543 0.9427083730697632 0.0009191176504828036 0.0020833334419876337
0.0 0.6760110259056091 0.5005208849906921 0.0009191176504828036 0.0010416667209938169
0.0 0.38556984066963196 0.7286458611488342 0.0009191176504828036 0.0010416667209938169
0.0 0.9834558963775635 0.8078125715255737 0.0018382353009656072 0.0031250002793967724
0.0 0.8635110259056091 0.682812511920929 0.0009191176504828036 0.0010416667209938169
0.0 0.8538603186607361 0.7317708730697632 0.0018382353009656072 0.0010416667209938169
0.0 0.9940257668495178 0.39791667461395264 0.0009191176504828036 0.0020833334419876337
0.0 0.7660845518112183 0.15729168057441711 0.0009191176504828036 0.0020833334419876337
0.0 0.9352021813392639 0.4921875298023224 0.0009191176504828036 0.0031250002793967724
0.0 0.9425551295280457 0.5406250357627869 0.0009191176504828036 0.0020833334419876337
0.0 0.7605698704719543 0.6338542103767395 0.0009191176504828036 0.0010416667209938169
0.0 0.7982536554336548 0.7953125238418579 0.0009191176504828036 0.0010416667209938169
0.0 0.9223345518112183 0.42500001192092896 0.0009191176504828036 0.0020833334419876337
0.0 0.7219669222831726 0.49427086114883423 0.0009191176504828036 0.0010416667209938169
0.0 0.048713237047195435 0.8833333849906921 0.0018382353009656072 0.0020833334419876337
0.0 0.8423713445663452 0.7192708849906921 0.0009191176504828036 0.0010416667209938169
0.0 0.6750919222831726 0.5921875238418579 0.0009191176504828036 0.0010416667209938169
0.0 0.8818933963775635 0.6151041984558105 0.0009191176504828036 0.0010416667209938169
0.0 0.6530330777168274 0.6729167103767395 0.0009191176504828036 0.0020833334419876337
0.0 0.33869484066963196 0.7041667103767395 0.0009191176504828036 0.0020833334419876337
0.0 0.9866728186607361 0.9015625715255737 0.0009191176504828036 0.0010416667209938169
0.0 0.3837316334247589 0.5838541984558105 0.0009191176504828036 0.0010416667209938169
0.0 0.8304228186607361 0.9947917461395264 0.0009191176504828036 0.0020833334419876337
0.0 0.8350183963775635 0.7541667222976685 0.0009191176504828036 0.0020833334419876337
0.0 0.7899816036224365 0.6760417222976685 0.0009191176504828036 0.0020833334419876337
0.0 0.1695772111415863 0.49635419249534607 0.0009191176504828036 0.0010416667209938169
0.0 0.9002757668495178 0.9671875238418579 0.0009191176504828036 0.0010416667209938169
0.0 0.7555146813392639 0.8734375238418579 0.0018382353009656072 0.0010416667209938169
0.0 0.24034926295280457 0.7171875238418579 0.0009191176504828036 0.0010416667209938169
0.0 0.8322610259056091 0.2161458432674408 0.0009191176504828036 0.0010416667209938169
0.0 0.9508271813392639 0.5473958849906921 0.0009191176504828036 0.0010416667209938169
0.0 0.7605698704719543 0.4635416865348816 0.0009191176504828036 0.0020833334419876337
0.0 0.8396139740943909 0.7125000357627869 0.0009191176504828036 0.0020833334419876337
0.0 0.677849292755127 0.6244791746139526 0.0009191176504828036 0.0010416667209938169
0.0 0.9186580777168274 0.2380208522081375 0.0009191176504828036 0.0010416667209938169
0.0 0.38097426295280457 0.6755208969116211 0.0009191176504828036 0.0010416667209938169
0.0 0.9489889740943909 0.9156250357627869 0.0009191176504828036 0.0020833334419876337
0.0 0.9204963445663452 0.4932291805744171 0.0009191176504828036 0.0010416667209938169
0.0 0.6089154481887817 0.9229167103767395 0.0009191176504828036 0.0020833334419876337
0.0 0.9572610259056091 0.34843751788139343 0.0009191176504828036 0.0010416667209938169
0.0 0.8405330777168274 0.6807292103767395 0.0009191176504828036 0.0010416667209938169
0.0 0.6392463445663452 0.9984375238418579 0.0009191176504828036 0.0010416667209938169
0.0 0.8111213445663452 0.7859375476837158 0.0009191176504828036 0.0010416667209938169
0.0 0.6907169222831726 0.620312511920929 0.0009191176504828036 0.0010416667209938169
0.0 0.9241728186607361 0.46250003576278687 0.0009191176504828036 0.0020833334419876337
0.0 0.724724292755127 0.483854204416275 0.0009191176504828036 0.0010416667209938169
0.0 0.8598345518112183 0.7067708969116211 0.0009191176504828036 0.0010416667209938169
0.0 0.7532169222831726 0.18958334624767303 0.0009191176504828036 0.0020833334419876337
0.0 0.5565257668495178 0.9645833969116211 0.0009191176504828036 0.0020833334419876337
0.0 0.7973345518112183 0.4046875238418579 0.0009191176504828036 0.0010416667209938169
0.0 0.7670036554336548 0.6244791746139526 0.0009191176504828036 0.0010416667209938169
0.0 0.9223345518112183 0.26614585518836975 0.0009191176504828036 0.0010416667209938169
0.0 0.9816176295280457 0.36250001192092896 0.0018382353009656072 0.0020833334419876337
0.0 0.7467830777168274 0.5479167103767395 0.0009191176504828036 0.0020833334419876337
0.0 0.9306066036224365 0.31718751788139343 0.0009191176504828036 0.0010416667209938169
0.0 0.7867646813392639 0.8640625476837158 0.0018382353009656072 0.0010416667209938169
0.0 0.9370404481887817 0.5083333849906921 0.0009191176504828036 0.0020833334419876337
0.0 0.8883271813392639 0.5255208611488342 0.0009191176504828036 0.0010416667209938169
0.0 0.4600183963775635 0.8875000476837158 0.0009191176504828036 0.0020833334419876337
0.0 0.7421875 0.9473958611488342 0.0009191176504828036 0.0010416667209938169
0.0 0.8230698704719543 0.8442708849906921 0.0009191176504828036 0.0010416667209938169
0.0 0.3368566334247589 0.7244791984558105 0.0009191176504828036 0.0010416667209938169
0.0 0.7909007668495178 0.43020835518836975 0.0009191176504828036 0.0020833334419876337
0.0 0.5969669222831726 0.37187501788139343 0.0009191176504828036 0.0020833334419876337
0.0 0.8046875 0.7848958969116211 0.0009191176504828036 0.0010416667209938169
0.0 0.7780330777168274 0.9583333730697632 0.0009191176504828036 0.0020833334419876337
0.0 0.9774816036224365 0.4869791865348816 0.0009191176504828036 0.0010416667209938169
0.0 0.8818933963775635 0.7421875596046448 0.0009191176504828036 0.0010416667209938169
0.0 0.7265625 0.5864583849906921 0.0009191176504828036 0.004166666883975267
0.0 0.6852021813392639 0.5510417222976685 0.0009191176504828036 0.0020833334419876337
0.0 0.8612132668495178 0.3083333373069763 0.0018382353009656072 0.0020833334419876337
0.0 0.4071691334247589 0.7682291865348816 0.0018382353009656072 0.0031250002793967724
0.0 0.8230698704719543 0.7838541865348816 0.0009191176504828036 0.0010416667209938169
0.0 0.802849292755127 0.5562500357627869 0.0009191176504828036 0.0020833334419876337
0.0 0.7693014740943909 0.8302083611488342 0.0018382353009656072 0.0020833334419876337
0.0 0.7683823704719543 0.9729167222976685 0.0018382353009656072 0.006250000558793545
0.0 0.974724292755127 0.26875001192092896 0.0009191176504828036 0.0020833334419876337
0.0 0.8065257668495178 0.7989583611488342 0.0009191176504828036 0.0020833334419876337
0.0 0.6953125 0.8635417222976685 0.0009191176504828036 0.0020833334419876337
0.0 0.7936580777168274 0.5989583730697632 0.0009191176504828036 0.0020833334419876337
0.0 0.8612132668495178 0.8223958611488342 0.0018382353009656072 0.0010416667209938169
0.0 0.8708639740943909 0.43385419249534607 0.0009191176504828036 0.0010416667209938169
0.0 0.4048713147640228 0.5442708730697632 0.0009191176504828036 0.0010416667209938169
0.0 0.8864889740943909 0.6093750596046448 0.0009191176504828036 0.0020833334419876337
0.0 0.8883271813392639 0.5932291746139526 0.0009191176504828036 0.0010416667209938169
0.0 0.8276654481887817 0.7265625596046448 0.0009191176504828036 0.0010416667209938169
0.0 0.9839154481887817 0.8083333969116211 0.0009191176504828036 0.0020833334419876337
0.0 0.7219669222831726 0.24114584922790527 0.0009191176504828036 0.0010416667209938169
0.0 0.5556066036224365 0.7937500476837158 0.0009191176504828036 0.0020833334419876337
0.0 0.9250919222831726 0.6166666746139526 0.0009191176504828036 0.0020833334419876337
0.0 0.9627757668495178 0.6286458373069763 0.0009191176504828036 0.0010416667209938169
0.0 0.8874080777168274 0.40677085518836975 0.0009191176504828036 0.0010416667209938169
0.0 0.8667279481887817 0.7354167103767395 0.0018382353009656072 0.004166666883975267
0.0 0.7578125 0.8427083492279053 0.0009191176504828036 0.0020833334419876337
0.0 0.33409926295280457 0.5619791746139526 0.0009191176504828036 0.0010416667209938169
0.0 0.8285845518112183 0.92864590883255 0.0009191176504828036 0.0010416667209938169
0.0 0.9889705777168274 0.47864586114883423 0.0018382353009656072 0.0010416667209938169
0.0 0.8920036554336548 0.5713542103767395 0.0009191176504828036 0.0010416667209938169
0.0 0.7045036554336548 0.6848958730697632 0.0009191176504828036 0.0010416667209938169
0.0 0.8359375 0.8468750715255737 0.0009191176504828036 0.0020833334419876337
0.0 0.7743566036224365 0.3776041865348816 0.0009191176504828036 0.0031250002793967724
0.0 0.7182904481887817 0.8885416984558105 0.0027573530096560717 0.008333333767950535
0.0 0.8690257668495178 0.5651041865348816 0.0009191176504828036 0.0010416667209938169
0.0 0.4499080777168274 0.6244791746139526 0.0009191176504828036 0.0010416667209938169
0.0 0.6328125 0.7421875596046448 0.0009191176504828036 0.0010416667209938169
0.0 0.5978860259056091 0.8687500357627869 0.0009191176504828036 0.0020833334419876337
0.0 0.8193933963775635 0.9770833849906921 0.0009191176504828036 0.0020833334419876337
0.0 0.6727941036224365 0.4854166805744171 0.0018382353009656072 0.0020833334419876337
0.0 0.37454044818878174 0.5338541865348816 0.0009191176504828036 0.0010416667209938169
0.0 0.6530330777168274 0.6041666865348816 0.0009191176504828036 0.0020833334419876337
0.0 0.6511948704719543 0.5838541984558105 0.0009191176504828036 0.0010416667209938169
0.0 0.8625919222831726 0.5833333730697632 0.0009191176504828036 0.0020833334419876337
0.0 0.7752757668495178 0.8750000596046448 0.0009191176504828036 0.0020833334419876337
0.0 0.7509191036224365 0.8609375357627869 0.0018382353009656072 0.0010416667209938169
0.0 0.8759191036224365 0.3411458432674408 0.0018382353009656072 0.0031250002793967724
0.0 0.7164521813392639 0.5807291865348816 0.0009191176504828036 0.0010416667209938169
0.0 0.7573529481887817 0.9552083611488342 0.0018382353009656072 0.0020833334419876337
0.0 0.6879595518112183 0.8541666865348816 0.0009191176504828036 0.0020833334419876337
0.0 0.8377757668495178 0.6687500476837158 0.0009191176504828036 0.0020833334419876337
0.0 0.8547794222831726 0.5406250357627869 0.0018382353009656072 0.0020833334419876337
0.0 0.8354779481887817 0.7880208492279053 0.0018382353009656072 0.0052083334885537624
0.0 0.9306066036224365 0.5364583730697632 0.0009191176504828036 0.0020833334419876337
0.0 0.7959558963775635 0.8697916865348816 0.0018382353009656072 0.0020833334419876337
0.0 0.7458639740943909 0.6854166984558105 0.0009191176504828036 0.0020833334419876337
0.0 0.6852021813392639 0.7229167222976685 0.0009191176504828036 0.0020833334419876337
0.0 0.8524816036224365 0.6885417103767395 0.0009191176504828036 0.0020833334419876337
0.0 0.9136029481887817 0.6114583611488342 0.0018382353009656072 0.0020833334419876337
0.0 0.9108455777168274 0.5208333730697632 0.0018382353009656072 0.0020833334419876337
0.0 0.9650735259056091 0.565625011920929 0.0018382353009656072 0.0020833334419876337
0.0 0.484375 0.8036458492279053 0.005514706019312143 0.00937500037252903
0.0 0.6374080777168274 0.6697916984558105 0.0009191176504828036 0.0020833334419876337
0.0 0.8791360259056091 0.08177083730697632 0.0027573530096560717 0.0010416667209938169
0.0 0.48713234066963196 0.8947917222976685 0.0018382353009656072 0.0020833334419876337
0.0 0.9696691036224365 0.4307291805744171 0.0018382353009656072 0.0031250002793967724
0.0 0.9402573704719543 0.5619791746139526 0.0018382353009656072 0.0010416667209938169
0.0 0.890625 0.13229167461395264 0.0018382353009656072 0.0020833334419876337
0.0 0.26838234066963196 0.8046875596046448 0.0018382353009656072 0.0031250002793967724
0.0 0.8474264740943909 0.6625000238418579 0.0036764706019312143 0.008333333767950535
0.0 0.4820772111415863 0.6427083611488342 0.0027573530096560717 0.004166666883975267
0.0 0.34420955181121826 0.7854167222976685 0.01194852963089943 0.01666666753590107
0.0 0.20174632966518402 0.25572916865348816 0.006433823611587286 0.01145833358168602
0.0 0.3428308963775635 0.6354166865348816 0.005514706019312143 0.004166666883975267
0.0 0.8423713445663452 0.49010419845581055 0.0027573530096560717 0.0052083334885537624
0.0 0.4476102888584137 0.6890625357627869 0.005514706019312143 0.00729166716337204
