0.0 0.5004595518112183 0.6442708373069763 0.0009191176504828036 0.0010416667209938169
0.0 0.13189338147640228 0.8557292222976685 0.0009191176504828036 0.0010416667209938169
0.0 0.8060661554336548 0.23281250894069672 0.0018382353009656072 0.0010416667209938169
0.0 0.31847426295280457 0.6546875238418579 0.0009191176504828036 0.0010416667209938169
0.0 0.9839154481887817 0.40416669845581055 0.0009191176504828036 0.0020833334419876337
0.0 0.8359375 0.48906251788139343 0.0009191176504828036 0.0010416667209938169
0.0 0.8543198704719543 0.9703125357627869 0.0009191176504828036 0.0010416667209938169
0.0 0.8019301295280457 0.6536458730697632 0.0009191176504828036 0.0010416667209938169
0.0 0.39476102590560913 0.7125000357627869 0.0009191176504828036 0.0020833334419876337
0.0 0.6534926295280457 0.98333340883255 0.0018382353009656072 0.0020833334419876337
0.0 0.9829963445663452 0.6489583849906921 0.0009191176504828036 0.0020833334419876337
0.0 0.09329044073820114 0.7708333730697632 0.013786764815449715 0.01250000111758709
0.0 0.4397977888584137 0.5979167222976685 0.0009191176504828036 0.0020833334419876337
0.0 0.7743566036224365 0.28333336114883423 0.0009191176504828036 0.0020833334419876337
0.0 0.9848345518112183 0.5927083492279053 0.0009191176504828036 0.0020833334419876337
0.0 0.8414521813392639 0.8770833611488342 0.0009191176504828036 0.0020833334419876337
0.0 0.8460478186607361 0.8630208969116211 0.0009191176504828036 0.0010416667209938169
0.0 0.740349292755127 0.6651042103767395 0.0009191176504828036 0.0010416667209938169
0.0 0.8295036554336548 0.9609375596046448 0.0009191176504828036 0.0010416667209938169
0.0 0.8313419222831726 0.9765625596046448 0.0009191176504828036 0.0010416667209938169
0.0 0.9765625 0.7046875357627869 0.0009191176504828036 0.0010416667209938169
0.0 0.7642463445663452 0.6427083611488342 0.0027573530096560717 0.006250000558793545
0.0 0.90625 0.8208333849906921 0.0036764706019312143 0.004166666883975267
0.0 0.5969669222831726 0.9776042103767395 0.0009191176504828036 0.0010416667209938169
0.0 0.5004595518112183 0.9171875715255737 0.0009191176504828036 0.0010416667209938169
0.0 0.9646139740943909 0.6276041865348816 0.0009191176504828036 0.0010416667209938169
0.0 0.9857536554336548 0.6322916746139526 0.0009191176504828036 0.0020833334419876337
0.0 0.6741728186607361 0.7145833969116211 0.0009191176504828036 0.0020833334419876337
0.0 0.8892463445663452 0.7213541865348816 0.0009191176504828036 0.0010416667209938169
0.0 0.974724292755127 0.5947917103767395 0.0009191176504828036 0.0020833334419876337
0.0 0.9701286554336548 0.5026041865348816 0.0009191176504828036 0.0010416667209938169
0.0 0.7421875 0.7432292103767395 0.0009191176504828036 0.0010416667209938169
0.0 0.8648896813392639 0.8052083849906921 0.0018382353009656072 0.0020833334419876337
0.0 0.828125 0.9489583969116211 0.0018382353009656072 0.004166666883975267
0.0 0.6948529481887817 0.6505208611488342 0.0018382353009656072 0.0010416667209938169
0.0 0.7743566036224365 0.5369791984558105 0.0009191176504828036 0.0010416667209938169
0.0 0.8432904481887817 0.46562501788139343 0.0009191176504828036 0.0020833334419876337
0.0 0.8644301295280457 0.9515625238418579 0.0009191176504828036 0.0010416667209938169
0.0 0.7164521813392639 0.5442708730697632 0.0009191176504828036 0.0010416667209938169
0.0 0.6787683963775635 0.7619792222976685 0.0009191176504828036 0.0010416667209938169
0.0 0.8386948704719543 0.8854166865348816 0.0009191176504828036 0.0020833334419876337
0.0 0.8423713445663452 0.9093750715255737 0.0009191176504828036 0.0020833334419876337
0.0 0.9728860259056091 0.5859375596046448 0.0009191176504828036 0.0010416667209938169
0.0 0.8203125 0.20156250894069672 0.0009191176504828036 0.0010416667209938169
0.0 0.9701286554336548 0.7036458849906921 0.0009191176504828036 0.0010416667209938169
0.0 0.06755514442920685 0.6291667222976685 0.0009191176504828036 0.0020833334419876337
0.0 0.8874080777168274 0.6442708373069763 0.0009191176504828036 0.0010416667209938169
0.0 0.9774816036224365 0.6218750476837158 0.0009191176504828036 0.0020833334419876337
0.0 0.8772978186607361 0.792187511920929 0.0009191176504828036 0.0010416667209938169
0.0 0.7210478186607361 0.7796875238418579 0.0009191176504828036 0.0010416667209938169
0.0 0.8920036554336548 0.8151041865348816 0.0009191176504828036 0.0010416667209938169
0.0 0.5932904481887817 0.8286458849906921 0.0009191176504828036 0.0010416667209938169
0.0 0.43244484066963196 0.5484375357627869 0.0009191176504828036 0.0010416667209938169
0.0 0.08409926295280457 0.6187500357627869 0.0009191176504828036 0.0020833334419876337
0.0 0.9002757668495178 0.7401041984558105 0.0009191176504828036 0.0010416667209938169
0.0 0.6911764740943909 0.6276041865348816 0.0018382353009656072 0.0010416667209938169
0.0 0.8828125 0.2682291865348816 0.0009191176504828036 0.0010416667209938169
0.0 0.9241728186607361 0.698437511920929 0.0009191176504828036 0.0010416667209938169
0.0 0.8984375 0.9072917103767395 0.0009191176504828036 0.0020833334419876337
0.0 0.8938419222831726 0.7109375596046448 0.0009191176504828036 0.0010416667209938169
0.0 0.4595588147640228 0.5609375238418579 0.0018382353009656072 0.0010416667209938169
0.0 0.9361213445663452 0.6552083492279053 0.0009191176504828036 0.0020833334419876337
0.0 0.6681985259056091 0.8015625476837158 0.0018382353009656072 0.0010416667209938169
0.0 0.8056066036224365 0.6921875476837158 0.0009191176504828036 0.0010416667209938169
0.0 0.5822610259056091 0.7802083492279053 0.0009191176504828036 0.0020833334419876337
0.0 0.7876838445663452 0.94427090883255 0.0018382353009656072 0.0010416667209938169
0.0 0.6557904481887817 0.8968750238418579 0.0009191176504828036 0.0020833334419876337
0.0 0.693474292755127 0.7234375476837158 0.0009191176504828036 0.0010416667209938169
0.0 0.9765625 0.33385419845581055 0.0009191176504828036 0.0010416667209938169
0.0 0.8993566036224365 0.7906250357627869 0.0009191176504828036 0.0020833334419876337
0.0 0.9352021813392639 0.47864586114883423 0.0009191176504828036 0.0010416667209938169
0.0 0.6447610259056091 0.9687500596046448 0.0009191176504828036 0.0020833334419876337
0.0 0.7210478186607361 0.9135417342185974 0.0009191176504828036 0.0020833334419876337
0.0 0.7026654481887817 0.8572916984558105 0.0009191176504828036 0.0020833334419876337
0.0 0.7127757668495178 0.6817708611488342 0.0009191176504828036 0.0010416667209938169
0.0 0.8267463445663452 0.7468750476837158 0.0009191176504828036 0.0020833334419876337
0.0 0.8322610259056091 0.6682292222976685 0.0009191176504828036 0.0010416667209938169
0.0 0.787224292755127 0.9260417222976685 0.0009191176504828036 0.0020833334419876337
0.0 0.7909007668495178 0.91302090883255 0.0009191176504828036 0.0010416667209938169
0.0 0.7954963445663452 0.7098958492279053 0.0009191176504828036 0.0010416667209938169
0.0 0.7679228186607361 0.5369791984558105 0.0009191176504828036 0.0010416667209938169
0.0 0.7835478186607361 0.9307292103767395 0.0009191176504828036 0.0031250002793967724
0.0 0.9159007668495178 0.5046875476837158 0.0009191176504828036 0.0010416667209938169
0.0 0.8019301295280457 0.5197917222976685 0.0009191176504828036 0.0020833334419876337
0.0 0.9099264740943909 0.37031251192092896 0.0018382353009656072 0.0010416667209938169
0.0 0.787224292755127 0.6072916984558105 0.0009191176504828036 0.0020833334419876337
0.0 0.8180146813392639 0.4359375238418579 0.0018382353009656072 0.0010416667209938169
0.0 0.9057904481887817 0.776562511920929 0.0009191176504828036 0.0010416667209938169
0.0 0.8772978186607361 0.7468750476837158 0.0009191176504828036 0.0020833334419876337
0.0 0.90625 0.8203125596046448 0.0018382353009656072 0.0031250002793967724
0.0 0.7182904481887817 0.5291666984558105 0.0009191176504828036 0.0020833334419876337
0.0 0.7311580777168274 0.6734375357627869 0.0009191176504828036 0.0010416667209938169
0.0 0.7826286554336548 0.7505208849906921 0.0009191176504828036 0.0031250002793967724
0.0 0.8708639740943909 0.9307292103767395 0.0009191176504828036 0.0010416667209938169
0.0 0.9586396813392639 0.698437511920929 0.0018382353009656072 0.0031250002793967724
0.0 0.8198529481887817 0.9406250715255737 0.0018382353009656072 0.0020833334419876337
0.0 0.9416360259056091 0.7802083492279053 0.0009191176504828036 0.0020833334419876337
0.0 0.5280330777168274 0.8302083611488342 0.004595588427037001 0.006250000558793545
0.0 0.9871323704719543 0.6505208611488342 0.0018382353009656072 0.0010416667209938169
0.0 0.9554228186607361 0.1640625149011612 0.0009191176504828036 0.0010416667209938169
0.0 0.8961396813392639 0.6182292103767395 0.0018382353009656072 0.0031250002793967724
0.0 0.8717830777168274 0.8692708611488342 0.0027573530096560717 0.0052083334885537624
0.0 0.9039521813392639 0.7661458849906921 0.0009191176504828036 0.0010416667209938169
0.0 0.7490808963775635 0.95208340883255 0.0018382353009656072 0.0020833334419876337
0.0 0.802849292755127 0.9020833969116211 0.0009191176504828036 0.0020833334419876337
0.0 0.9048713445663452 0.6645833849906921 0.0009191176504828036 0.0020833334419876337
0.0 0.7642463445663452 0.6432291865348816 0.0009191176504828036 0.0052083334885537624
0.0 0.8074448704719543 0.9489583969116211 0.0009191176504828036 0.0020833334419876337
0.0 0.2867647111415863 0.25312501192092896 0.007352941203862429 0.01250000111758709
0.0 0.8290441036224365 0.9489583969116211 0.0018382353009656072 0.004166666883975267
0.0 0.32536765933036804 0.8067708611488342 0.0018382353009656072 0.0031250002793967724
0.0 0.8915441036224365 0.7692708969116211 0.0018382353009656072 0.0031250002793967724
0.0 0.5303308963775635 0.9203125238418579 0.0018382353009656072 0.0031250002793967724
0.0 0.5284926295280457 0.8307291865348816 0.007352941203862429 0.00937500037252903
0.0 0.9572610259056091 0.6031250357627869 0.0009191176504828036 0.0020833334419876337
0.0 0.8869485259056091 0.7421875596046448 0.0036764706019312143 0.00729166716337204
0.0 0.9255514740943909 0.4062500298023224 0.0018382353009656072 0.0020833334419876337
0.0 0.9471507668495178 0.1875000149011612 0.0027573530096560717 0.0020833334419876337
0.0 0.5271139740943909 0.6703125238418579 0.0027573530096560717 0.0052083334885537624
0.0 0.8874080777168274 0.5651041865348816 0.0027573530096560717 0.0052083334885537624
0.0 0.6351103186607361 0.9145833849906921 0.0018382353009656072 0.0020833334419876337
0.0 0.39797794818878174 0.7989583611488342 0.011029412038624287 0.01666666753590107
0.0 0.4954044222831726 0.7156250476837158 0.005514706019312143 0.006250000558793545
0.0 0.4007352888584137 0.6473958492279053 0.005514706019312143 0.0031250002793967724
