0 0.529871 0.533854 0.000919 0.001042
0 0.311121 0.457813 0.000919 0.001042
0 0.433364 0.383333 0.000919 0.002083
0 0.727482 0.340104 0.000919 0.001042
0 0.403952 0.738021 0.000919 0.001042
0 0.777114 0.338021 0.000919 0.001042
0 0.559283 0.585417 0.002757 0.002083
0 0.639246 0.254688 0.000919 0.001042
0 0.289062 0.331771 0.000919 0.001042
0 0.072610 0.789583 0.001838 0.002083
0 0.970129 0.738542 0.000919 0.002083
0 0.261489 0.919271 0.000919 0.001042
0 0.918658 0.245313 0.000919 0.001042
0 0.938879 0.122396 0.000919 0.001042
0 0.102022 0.601563 0.001838 0.003125
0 0.546875 0.077604 0.001838 0.001042
0 0.267923 0.386458 0.000919 0.002083
0 0.305147 0.835938 0.001838 0.001042
0 0.607996 0.097917 0.000919 0.002083
0 0.106158 0.015104 0.002757 0.003125
0 0.116728 0.440625 0.001838 0.002083
0 0.364430 0.673958 0.000919 0.002083
0 0.545496 0.473438 0.000919 0.001042
0 0.500000 0.514063 0.001838 0.005208
0 0.357077 0.886979 0.000919 0.001042
0 0.739430 0.259896 0.000919 0.001042
0 0.533548 0.421875 0.000919 0.002083
0 0.354320 0.098438 0.000919 0.001042
0 0.980699 0.284896 0.001838 0.003125
0 0.539062 0.440625 0.000919 0.002083
0 0.159467 0.283333 0.000919 0.002083
0 0.061121 0.309896 0.000919 0.001042
0 0.298254 0.198438 0.000919 0.001042
0 0.126838 0.972917 0.003676 0.004167
0 0.464154 0.511458 0.005515 0.002083
0 0.635110 0.897917 0.001838 0.004167
0 0.286765 0.364063 0.001838 0.001042
0 0.232996 0.090625 0.000919 0.002083
0 0.480239 0.029688 0.000919 0.001042
0 0.486673 0.588021 0.000919 0.001042
0 0.221048 0.708854 0.000919 0.001042
0 0.653493 0.397396 0.001838 0.001042
0 0.377298 0.791146 0.000919 0.001042
0 0.271599 0.853646 0.002757 0.003125
0 0.518842 0.682813 0.000919 0.001042
0 0.392004 0.651042 0.002757 0.010417
0 0.637408 0.345313 0.000919 0.001042
0 0.556526 0.124479 0.000919 0.001042
0 0.705423 0.023438 0.000919 0.001042
0 0.522978 0.653125 0.001838 0.002083
0 0.210938 0.754688 0.000919 0.001042
0 0.619026 0.315104 0.000919 0.001042
0 0.598805 0.143229 0.000919 0.001042
0 0.645680 0.170833 0.000919 0.002083
0 0.931066 0.118750 0.001838 0.002083
0 0.962776 0.916146 0.000919 0.001042
0 0.911765 0.160938 0.001838 0.001042
0 0.283548 0.313021 0.000919 0.001042
0 0.633732 0.242708 0.000919 0.002083
0 0.350643 0.081771 0.000919 0.001042
0 0.666360 0.154167 0.001838 0.002083
0 0.783548 0.846875 0.000919 0.002083
0 0.400276 0.745833 0.002757 0.004167
0 0.390165 0.870833 0.000919 0.002083
0 0.669577 0.298958 0.000919 0.002083
0 0.335018 0.759896 0.000919 0.001042
0 0.573989 0.282292 0.000919 0.002083
0 0.527114 0.692188 0.000919 0.001042
0 0.563879 0.509896 0.000919 0.003125
0 0.339614 0.729167 0.000919 0.002083
0 0.646140 0.284375 0.001838 0.002083
0 0.377298 0.844271 0.000919 0.001042
0 0.592831 0.362500 0.001838 0.002083
0 0.321232 0.919792 0.000919 0.002083
0 0.383272 0.395313 0.001838 0.001042
0 0.343290 0.780208 0.002757 0.004167
0 0.006893 0.339583 0.000919 0.002083
0 0.352482 0.847396 0.000919 0.003125
0 0.607077 0.264583 0.000919 0.002083
0 0.392923 0.351042 0.000919 0.002083
0 0.518842 0.467708 0.000919 0.002083
0 0.509651 0.602083 0.000919 0.002083
0 0.430147 0.575000 0.001838 0.002083
0 0.286305 0.154688 0.000919 0.001042
0 0.257353 0.609896 0.001838 0.001042
0 0.789062 0.181771 0.000919 0.001042
0 0.233456 0.914063 0.007353 0.005208
0 0.304228 0.634896 0.001838 0.003125
0 0.718290 0.349479 0.000919 0.001042
0 0.131434 0.655208 0.001838 0.004167
0 0.286305 0.543229 0.000919 0.001042
0 0.627298 0.322396 0.000919 0.001042
0 0.241728 0.275000 0.001838 0.002083
0 0.143842 0.515104 0.000919 0.001042
0 0.954044 0.950521 0.001838 0.001042
0 0.906710 0.289063 0.000919 0.001042
0 0.960938 0.706771 0.000919 0.003125
0 0.571691 0.514063 0.001838 0.001042
0 0.613511 0.277604 0.000919 0.001042
0 0.576746 0.542708 0.000919 0.002083
0 0.914982 0.171875 0.000919 0.002083
0 0.557445 0.290625 0.000919 0.002083
0 0.139246 0.596354 0.000919 0.001042
0 0.506893 0.399479 0.000919 0.001042
0 0.095588 0.473438 0.001838 0.003125
0 0.460018 0.562500 0.002757 0.004167
0 0.524357 0.498958 0.000919 0.002083
0 0.509651 0.357292 0.000919 0.002083
0 0.751379 0.881771 0.000919 0.001042
0 0.599724 0.658854 0.000919 0.001042
0 0.349724 0.785938 0.000919 0.001042
0 0.214614 0.306250 0.000919 0.002083
0 0.895680 0.257292 0.002757 0.002083
0 0.184283 0.448438 0.000919 0.001042
0 0.621324 0.323958 0.001838 0.002083
0 0.326287 0.776563 0.001838 0.003125
0 0.908088 0.906250 0.001838 0.002083
0 0.640165 0.943750 0.000919 0.002083
0 0.950827 0.205729 0.000919 0.001042
0 0.289982 0.150521 0.000919 0.001042
0 0.115349 0.678646 0.000919 0.001042
0 0.751379 0.042708 0.002757 0.002083
0 0.280790 0.784375 0.000919 0.002083
0 0.647518 0.177604 0.000919 0.001042
0 0.459559 0.493750 0.001838 0.002083
0 0.856158 0.817188 0.000919 0.001042
0 0.911305 0.246875 0.002757 0.002083
0 0.236213 0.935417 0.001838 0.002083
0 0.614890 0.342188 0.001838 0.003125
0 0.524357 0.328125 0.000919 0.002083
0 0.272518 0.482292 0.000919 0.002083
0 0.060202 0.384896 0.000919 0.001042
0 0.968290 0.970833 0.000919 0.002083
0 0.659467 0.076042 0.000919 0.002083
0 0.546415 0.684896 0.002757 0.001042
0 0.186121 0.744271 0.000919 0.001042
0 0.912224 0.414583 0.000919 0.002083
0 0.301930 0.105729 0.000919 0.001042
0 0.610294 0.378125 0.001838 0.002083
0 0.575827 0.418229 0.000919 0.001042
0 0.045956 0.816667 0.001838 0.002083
0 0.169118 0.950521 0.001838 0.003125
0 0.435662 0.628125 0.001838 0.002083
0 0.789982 0.760417 0.000919 0.002083
0 0.450368 0.641146 0.001838 0.001042
0 0.925092 0.203125 0.000919 0.002083
0 0.579044 0.356771 0.001838 0.003125
0 0.343750 0.556250 0.001838 0.002083
0 0.659467 0.564063 0.000919 0.001042
0 0.508732 0.438542 0.000919 0.002083
0 0.605239 0.908854 0.000919 0.003125
0 0.436121 0.554688 0.000919 0.001042
0 0.408088 0.671875 0.001838 0.002083
0 0.730699 0.042708 0.001838 0.002083
0 0.557445 0.349479 0.002757 0.003125
0 0.215533 0.298958 0.000919 0.002083
0 0.008272 0.834375 0.003676 0.004167
0 0.279412 0.458333 0.001838 0.002083
0 0.392004 0.958333 0.000919 0.002083
0 0.713695 0.122917 0.000919 0.002083
0 0.296875 0.527083 0.005515 0.006250
0 0.176011 0.800000 0.002757 0.002083
0 0.556066 0.406250 0.001838 0.002083
0 0.489430 0.629167 0.004596 0.004167
0 0.443474 0.746354 0.002757 0.005208
0 0.015165 0.723958 0.002757 0.002083
0 0.278952 0.664063 0.002757 0.001042
0 0.544577 0.521354 0.000919 0.001042
0 0.308364 0.809896 0.000919 0.003125
0 0.684743 0.157292 0.001838 0.004167
0 0.073989 0.683854 0.000919 0.003125
0 0.686121 0.366667 0.000919 0.002083
0 0.576746 0.229167 0.000919 0.002083
0 0.466452 0.683854 0.000919 0.001042
0 0.576746 0.293750 0.000919 0.002083
0 0.286305 0.908854 0.002757 0.003125
0 0.354320 0.772396 0.002757 0.003125
0 0.304688 0.165104 0.004596 0.003125
0 0.696232 0.114063 0.000919 0.003125
0 0.937500 0.416146 0.001838 0.001042
0 0.463695 0.673958 0.000919 0.002083
0 0.759651 0.443750 0.000919 0.002083
0 0.984375 0.761458 0.001838 0.002083
0 0.127757 0.382813 0.001838 0.003125
0 0.647518 0.448958 0.000919 0.002083
0 0.504136 0.576042 0.000919 0.002083
0 0.952665 0.749479 0.000919 0.003125
0 0.130055 0.945833 0.004596 0.002083
0 0.546415 0.669271 0.000919 0.001042
0 0.325827 0.871354 0.002757 0.003125
0 0.611213 0.531771 0.001838 0.003125
0 0.170037 0.802083 0.001838 0.004167
0 0.326746 0.657292 0.000919 0.002083
0 0.183824 0.711979 0.001838 0.003125
0 0.320312 0.650000 0.000919 0.002083
0 0.715993 0.438542 0.001838 0.002083
0 0.270680 0.978125 0.000919 0.002083
0 0.590533 0.650000 0.000919 0.002083
0 0.626838 0.511458 0.001838 0.002083
0 0.585478 0.032292 0.001838 0.004167
0 0.025276 0.375000 0.000919 0.002083
0 0.023438 0.983333 0.002757 0.004167
0 0.157169 0.776563 0.001838 0.003125
0 0.635570 0.898438 0.000919 0.003125
0 0.591912 0.352083 0.001838 0.002083
0 0.207261 0.172396 0.002757 0.003125
0 0.926930 0.463542 0.000919 0.002083
0 0.892463 0.790625 0.001838 0.002083
0 0.572610 0.455208 0.001838 0.002083
0 0.292279 0.810417 0.001838 0.002083
0 0.642463 0.352604 0.001838 0.003125
0 0.205423 0.689063 0.000919 0.003125
0 0.571691 0.408854 0.003676 0.005208
0 0.571232 0.336458 0.002757 0.004167
0 0.464154 0.567708 0.001838 0.002083
0 0.353401 0.746875 0.000919 0.002083
0 0.299632 0.872396 0.001838 0.003125
0 0.908088 0.217188 0.001838 0.003125
0 0.238971 0.790625 0.001838 0.006250
0 0.670956 0.084896 0.001838 0.003125
0 0.527114 0.345833 0.000919 0.002083
0 0.579504 0.256771 0.002757 0.003125
0 0.485754 0.450521 0.000919 0.003125
0 0.022518 0.334375 0.000919 0.002083
0 0.158548 0.914583 0.000919 0.002083
0 0.980239 0.900000 0.000919 0.002083
0 0.169577 0.950000 0.000919 0.002083
0 0.564338 0.178646 0.001838 0.005208
0 0.136489 0.859896 0.002757 0.003125
0 0.266544 0.842188 0.001838 0.003125
0 0.852482 0.829167 0.002757 0.006250
0 0.399816 0.745833 0.001838 0.002083
0 0.125460 0.973438 0.002757 0.005208
0 0.006893 0.382813 0.000919 0.001042
0 0.751379 0.234375 0.002757 0.002083
0 0.196691 0.195313 0.001838 0.003125
0 0.957721 0.876042 0.003676 0.004167
0 0.335018 0.799479 0.002757 0.003125
0 0.986213 0.867708 0.001838 0.004167
0 0.459099 0.089583 0.002757 0.002083
0 0.272059 0.717708 0.001838 0.002083
0 0.541360 0.475521 0.001838 0.003125
0 0.534926 0.522396 0.001838 0.001042
0 0.371783 0.863542 0.002757 0.004167
0 0.324449 0.350000 0.001838 0.004167
0 0.907629 0.447917 0.000919 0.002083
0 0.463235 0.511458 0.007353 0.004167
0 0.615809 0.380208 0.001838 0.002083
0 0.180147 0.846875 0.005515 0.010417
0 0.970588 0.518750 0.001838 0.002083
0 0.563419 0.394271 0.003676 0.007292
0 0.254596 0.265104 0.001838 0.003125
0 0.114430 0.623958 0.002757 0.004167
0 0.086857 0.364063 0.000919 0.001042
0 0.315257 0.353646 0.001838 0.003125
0 0.905790 0.423958 0.000919 0.002083
0 0.395221 0.637500 0.001838 0.002083
0 0.609375 0.409375 0.003676 0.004167
0 0.056985 0.335417 0.001838 0.002083
0 0.144301 0.319271 0.001838 0.003125
0 0.917739 0.517188 0.000919 0.003125
0 0.970129 0.546875 0.002757 0.002083
0 0.346048 0.577083 0.006434 0.004167
