0 0.087776 0.621354 0.000919 0.001042
0 0.464614 0.582813 0.000919 0.001042
0 0.573070 0.643229 0.000919 0.001042
0 0.983915 0.728125 0.000919 0.002083
0 0.391085 0.713021 0.000919 0.001042
0 0.835938 0.856771 0.000919 0.001042
0 0.127298 0.918229 0.000919 0.001042
0 0.286305 0.757813 0.000919 0.001042
0 0.600643 0.530729 0.000919 0.001042
0 0.810202 0.723958 0.000919 0.002083
0 0.395680 0.657813 0.000919 0.001042
0 0.263327 0.496354 0.000919 0.001042
0 0.907629 0.678125 0.000919 0.002083
0 0.938879 0.531771 0.000919 0.001042
0 0.640165 0.619271 0.000919 0.001042
0 0.909926 0.682292 0.003676 0.006250
0 0.914982 0.639063 0.000919 0.001042
0 0.817555 0.776042 0.000919 0.002083
0 0.677849 0.908854 0.000919 0.001042
0 0.659007 0.798958 0.005515 0.008333
0 0.939338 0.656250 0.001838 0.002083
0 0.930607 0.582813 0.000919 0.001042
0 0.887408 0.699479 0.000919 0.001042
0 0.885570 0.773438 0.000919 0.001042
0 0.857996 0.800000 0.000919 0.002083
0 0.754136 0.774479 0.000919 0.003125
0 0.297335 0.720833 0.000919 0.002083
0 0.862592 0.371354 0.000919 0.001042
0 0.951746 0.546354 0.000919 0.001042
0 0.949908 0.559896 0.000919 0.001042
0 0.330423 0.796354 0.000919 0.001042
0 0.877298 0.634896 0.000919 0.001042
0 0.858915 0.558854 0.000919 0.001042
0 0.982996 0.968229 0.000919 0.003125
0 0.915901 0.365104 0.000919 0.001042
0 0.943474 0.328125 0.000919 0.002083
0 0.973805 0.804167 0.000919 0.002083
0 0.944393 0.931250 0.000919 0.002083
0 0.956342 0.571354 0.000919 0.003125
0 0.549632 0.682292 0.001838 0.004167
0 0.931526 0.980208 0.000919 0.002083
0 0.973805 0.928646 0.000919 0.001042
0 0.190717 0.849479 0.002757 0.001042
0 0.574908 0.510938 0.000919 0.001042
0 0.835018 0.743229 0.000919 0.001042
0 0.910846 0.683854 0.001838 0.005208
0 0.249540 0.502083 0.000919 0.002083
0 0.836857 0.873958 0.000919 0.002083
0 0.033088 0.678125 0.001838 0.002083
0 0.978860 0.491667 0.001838 0.002083
0 0.839614 0.676042 0.000919 0.002083
0 0.659926 0.883854 0.001838 0.003125
0 0.465533 0.720833 0.000919 0.002083
0 0.800092 0.817708 0.000919 0.002083
0 0.922335 0.966146 0.000919 0.001042
0 0.764706 0.910938 0.001838 0.001042
0 0.926011 0.793750 0.000919 0.002083
0 0.871324 0.559375 0.001838 0.002083
0 0.926930 0.954688 0.000919 0.001042
0 0.975643 0.977083 0.000919 0.002083
0 0.921875 0.984375 0.001838 0.002083
0 0.983456 0.937500 0.001838 0.002083
0 0.854320 0.933333 0.000919 0.002083
0 0.859835 0.945833 0.000919 0.002083
0 0.397978 0.937500 0.001838 0.002083
0 0.939798 0.948438 0.000919 0.003125
0 0.918658 0.969792 0.000919 0.002083
0 0.956801 0.990625 0.001838 0.002083
0 0.456801 0.200000 0.005515 0.010417
0 0.662684 0.651042 0.003676 0.004167
0 0.657169 0.797917 0.005515 0.008333
0 0.880515 0.980729 0.001838 0.003125
0 0.211397 0.925521 0.001838 0.005208
0 0.534007 0.732292 0.012868 0.014583
0 0.541820 0.597396 0.004596 0.003125
0 0.240349 0.881250 0.002757 0.006250
0 0.628676 0.685938 0.005515 0.005208
