0.0 0.23299632966518402 0.3838541805744171 0.0009191176504828036 0.0010416667209938169
0.0 0.29411765933036804 0.29218751192092896 0.0018382353009656072 0.0010416667209938169
0.0 0.3157169222831726 0.9145833849906921 0.0009191176504828036 0.0020833334419876337
0.0 0.1686580926179886 0.3395833373069763 0.0009191176504828036 0.0020833334419876337
0.0 0.06387867778539658 0.1119791716337204 0.0009191176504828036 0.0010416667209938169
0.0 0.7017463445663452 0.8062500357627869 0.0009191176504828036 0.0020833334419876337
0.0 0.2899816334247589 0.46927085518836975 0.0009191176504828036 0.0010416667209938169
0.0 0.2564338147640228 0.2109375149011612 0.0018382353009656072 0.0010416667209938169
0.0 0.4834558963775635 0.21770834922790527 0.0036764706019312143 0.0020833334419876337
0.0 0.2991727888584137 0.5088542103767395 0.0009191176504828036 0.0031250002793967724
0.0 0.5376838445663452 0.3192708492279053 0.0018382353009656072 0.0010416667209938169
0.0 0.026654411107301712 0.5213541984558105 0.0018382353009656072 0.0031250002793967724
0.0 0.0004595588252414018 0.7203125357627869 0.0009191176504828036 0.0031250002793967724
0.0 0.5983455777168274 0.6145833730697632 0.0018382353009656072 0.0020833334419876337
0.0 0.5896139740943909 0.02708333544433117 0.0027573530096560717 0.0020833334419876337
0.0 0.6613051295280457 0.8286458849906921 0.0009191176504828036 0.0010416667209938169
0.0 0.5592830777168274 0.3296875059604645 0.0009191176504828036 0.0010416667209938169
0.0 0.15441176295280457 0.28854167461395264 0.0018382353009656072 0.0020833334419876337
0.0 0.9204963445663452 0.22343751788139343 0.0009191176504828036 0.0010416667209938169
0.0 0.07858455926179886 0.37552085518836975 0.0009191176504828036 0.0010416667209938169
0.0 0.7408088445663452 0.9984375238418579 0.0018382353009656072 0.0010416667209938169
0.0 0.9641544222831726 0.3057291805744171 0.0018382353009656072 0.0010416667209938169
0.0 0.5611213445663452 0.3192708492279053 0.0009191176504828036 0.0010416667209938169
0.0 0.8350183963775635 0.5463541746139526 0.0009191176504828036 0.0010416667209938169
0.0 0.30744484066963196 0.5072916746139526 0.0009191176504828036 0.0020833334419876337
0.0 0.9618566036224365 0.2458333522081375 0.0009191176504828036 0.0020833334419876337
0.0 0.8975183963775635 0.6177083849906921 0.0009191176504828036 0.0020833334419876337
0.0 0.7375919222831726 0.6031250357627869 0.0009191176504828036 0.0020833334419876337
0.0 0.38556984066963196 0.40312501788139343 0.0027573530096560717 0.0020833334419876337
0.0 0.9002757668495178 0.7479166984558105 0.0009191176504828036 0.0020833334419876337
0.0 0.07904411852359772 0.9645833969116211 0.0018382353009656072 0.0020833334419876337
0.0 0.3579963147640228 0.32083335518836975 0.0009191176504828036 0.0020833334419876337
0.0 0.1484375 0.9500000476837158 0.0009191176504828036 0.0020833334419876337
0.0 0.7817095518112183 0.8203125596046448 0.0009191176504828036 0.0010416667209938169
0.0 0.4797794222831726 0.25416669249534607 0.0018382353009656072 0.0020833334419876337
0.0 0.13235294818878174 0.3453125059604645 0.0018382353009656072 0.0031250002793967724
0.0 0.9379595518112183 0.8552083969116211 0.0009191176504828036 0.0020833334419876337
0.0 0.3138786852359772 0.45885419845581055 0.0027573530096560717 0.0031250002793967724
0.0 0.9715073704719543 0.6151041984558105 0.0018382353009656072 0.0010416667209938169
0.0 0.10799632221460342 0.43697917461395264 0.0009191176504828036 0.0010416667209938169
0.0 0.615349292755127 0.09531250596046448 0.0009191176504828036 0.0010416667209938169
0.0 0.5877757668495178 0.05625000223517418 0.0009191176504828036 0.0020833334419876337
0.0 0.7458639740943909 0.8598958849906921 0.0009191176504828036 0.0010416667209938169
0.0 0.5234375 0.16197916865348816 0.0009191176504828036 0.0010416667209938169
0.0 0.0914522036910057 0.6208333373069763 0.0009191176504828036 0.0020833334419876337
0.0 0.9600183963775635 0.5166667103767395 0.0009191176504828036 0.0020833334419876337
0.0 0.5119485259056091 0.19687500596046448 0.0018382353009656072 0.0020833334419876337
0.0 0.8193933963775635 0.8026041984558105 0.0009191176504828036 0.0010416667209938169
0.0 0.5703125 0.2692708373069763 0.0009191176504828036 0.0010416667209938169
0.0 0.40625 0.1380208432674408 0.0018382353009656072 0.0010416667209938169
0.0 0.8717830777168274 0.40677085518836975 0.0009191176504828036 0.0010416667209938169
0.0 0.3717830777168274 0.3734375238418579 0.0009191176504828036 0.0010416667209938169
0.0 0.6374080777168274 0.7953125238418579 0.0009191176504828036 0.0010416667209938169
0.0 0.2821691334247589 0.41562503576278687 0.0018382353009656072 0.004166666883975267
0.0 0.7040441036224365 0.7869791984558105 0.0018382353009656072 0.0010416667209938169
0.0 0.5886948704719543 0.10364583879709244 0.0009191176504828036 0.0010416667209938169
0.0 0.4131433963775635 0.2734375 0.0009191176504828036 0.0010416667209938169
0.0 0.10477941483259201 0.6817708611488342 0.0018382353009656072 0.0010416667209938169
0.0 0.31204044818878174 0.1875000149011612 0.0009191176504828036 0.0020833334419876337
0.0 0.8727021813392639 0.7390625476837158 0.0009191176504828036 0.0010416667209938169
0.0 0.33180147409439087 0.42760419845581055 0.0018382353009656072 0.0010416667209938169
0.0 0.09696691483259201 0.11145833879709244 0.0009191176504828036 0.0020833334419876337
0.0 0.6318933963775635 0.10104167461395264 0.0009191176504828036 0.0020833334419876337
0.0 0.9499080777168274 0.47968751192092896 0.0027573530096560717 0.0010416667209938169
0.0 0.041360292583703995 0.7864583730697632 0.0018382353009656072 0.0020833334419876337
0.0 0.888786792755127 0.16979166865348816 0.0018382353009656072 0.0020833334419876337
0.0 0.5151654481887817 0.20364584028720856 0.0009191176504828036 0.0010416667209938169
0.0 0.5670955777168274 0.13958333432674408 0.0018382353009656072 0.0020833334419876337
0.0 0.865349292755127 0.682812511920929 0.0009191176504828036 0.0031250002793967724
0.0 0.3772977888584137 0.5937500596046448 0.0009191176504828036 0.0020833334419876337
0.0 0.927849292755127 0.3760416805744171 0.0009191176504828036 0.0020833334419876337
0.0 0.021599264815449715 0.5104166865348816 0.0009191176504828036 0.0020833334419876337
0.0 0.38465073704719543 0.3864583671092987 0.0009191176504828036 0.0020833334419876337
0.0 0.2844669222831726 0.5125000476837158 0.0009191176504828036 0.0020833334419876337
0.0 0.28125 0.05416667088866234 0.0018382353009656072 0.0020833334419876337
0.0 0.5565257668495178 0.2223958522081375 0.0009191176504828036 0.0010416667209938169
0.0 0.02711397036910057 0.2630208432674408 0.0009191176504828036 0.0010416667209938169
0.0 0.6461396813392639 0.5125000476837158 0.0018382353009656072 0.0020833334419876337
0.0 0.7564338445663452 0.7906250357627869 0.0018382353009656072 0.0020833334419876337
0.0 0.3391544222831726 0.4687500298023224 0.0018382353009656072 0.0020833334419876337
0.0 0.5592830777168274 0.34062501788139343 0.0009191176504828036 0.0020833334419876337
0.0 0.9572610259056091 0.3843750059604645 0.0027573530096560717 0.0020833334419876337
0.0 0.2233455926179886 0.6692708730697632 0.0018382353009656072 0.0010416667209938169
0.0 0.40992647409439087 0.6578125357627869 0.0018382353009656072 0.0010416667209938169
0.0 0.5032169222831726 0.1718750149011612 0.0009191176504828036 0.0020833334419876337
0.0 0.7624080777168274 0.8541666865348816 0.0009191176504828036 0.0020833334419876337
0.0 0.4273897111415863 0.3843750059604645 0.0018382353009656072 0.0020833334419876337
0.0 0.5381433963775635 0.08489583432674408 0.0009191176504828036 0.0010416667209938169
0.0 0.7807904481887817 0.3880208432674408 0.0009191176504828036 0.0031250002793967724
0.0 0.1272977888584137 0.8286458849906921 0.0009191176504828036 0.0010416667209938169
0.0 0.6217830777168274 0.09062500298023224 0.0009191176504828036 0.0020833334419876337
0.0 0.6980698704719543 0.7239583730697632 0.0009191176504828036 0.0020833334419876337
0.0 0.31066176295280457 0.36406251788139343 0.0018382353009656072 0.0010416667209938169
0.0 0.9361213445663452 0.3463541865348816 0.0009191176504828036 0.0010416667209938169
0.0 0.7541360259056091 0.7427083849906921 0.0009191176504828036 0.0020833334419876337
0.0 0.1920955926179886 0.4635416865348816 0.0018382353009656072 0.0020833334419876337
0.0 0.3460477888584137 0.4270833432674408 0.0009191176504828036 0.0020833334419876337
0.0 0.5234375 0.10572917014360428 0.0009191176504828036 0.0010416667209938169
0.0 0.7624080777168274 0.7770833969116211 0.0009191176504828036 0.0020833334419876337
0.0 0.6870404481887817 0.10729166865348816 0.0009191176504828036 0.0020833334419876337
0.0 0.8327205777168274 0.8302083611488342 0.0018382353009656072 0.0020833334419876337
0.0 0.22472426295280457 0.42239585518836975 0.0027573530096560717 0.0010416667209938169
0.0 0.5197610259056091 0.26250001788139343 0.0009191176504828036 0.0020833334419876337
0.0 0.4701286852359772 0.6687500476837158 0.0009191176504828036 0.0020833334419876337
0.0 0.16544117033481598 0.14270834624767303 0.0018382353009656072 0.0020833334419876337
0.0 0.31525734066963196 0.32500001788139343 0.0018382353009656072 0.0020833334419876337
0.0 0.5969669222831726 0.15677084028720856 0.0009191176504828036 0.0010416667209938169
0.0 0.9397978186607361 0.526562511920929 0.0009191176504828036 0.0010416667209938169
0.0 0.6608455777168274 0.9583333730697632 0.0018382353009656072 0.004166666883975267
0.0 0.5978860259056091 0.6098958849906921 0.0027573530096560717 0.0052083334885537624
0.0 0.2568933963775635 0.39114585518836975 0.0009191176504828036 0.0010416667209938169
0.0 0.07215073704719543 0.5541666746139526 0.0009191176504828036 0.0020833334419876337
0.0 0.7743566036224365 0.4479166865348816 0.0009191176504828036 0.0020833334419876337
0.0 0.5850183963775635 0.14687500894069672 0.0009191176504828036 0.0020833334419876337
0.0 0.8800551295280457 0.6682292222976685 0.0009191176504828036 0.0031250002793967724
0.0 0.22472426295280457 0.5260416865348816 0.0009191176504828036 0.0020833334419876337
0.0 0.5073529481887817 0.3031250238418579 0.0036764706019312143 0.0020833334419876337
0.0 0.01930147036910057 0.32083335518836975 0.0018382353009656072 0.0020833334419876337
0.0 0.3607536852359772 0.4062500298023224 0.0009191176504828036 0.0020833334419876337
0.0 0.4563419222831726 0.3031250238418579 0.0009191176504828036 0.0020833334419876337
0.0 0.18060661852359772 0.09427084028720856 0.0027573530096560717 0.0031250002793967724
0.0 0.9136029481887817 0.7213541865348816 0.0018382353009656072 0.0031250002793967724
0.0 0.3092830777168274 0.45104169845581055 0.0027573530096560717 0.0020833334419876337
0.0 0.31663602590560913 0.5427083373069763 0.0009191176504828036 0.0020833334419876337
0.0 0.8869485259056091 0.15260417759418488 0.0018382353009656072 0.0010416667209938169
0.0 0.4664522111415863 0.38489586114883423 0.0027573530096560717 0.0031250002793967724
0.0 0.7123161554336548 0.16197916865348816 0.0018382353009656072 0.0010416667209938169
0.0 0.7178308963775635 0.7875000238418579 0.0018382353009656072 0.0020833334419876337
0.0 0.9549632668495178 0.7338542342185974 0.0018382353009656072 0.0031250002793967724
0.0 0.07536764442920685 0.4489583671092987 0.0018382353009656072 0.0020833334419876337
0.0 0.8538603186607361 0.6802083849906921 0.0018382353009656072 0.004166666883975267
0.0 0.7918198704719543 0.8526042103767395 0.0009191176504828036 0.0010416667209938169
0.0 0.7513786554336548 0.16614584624767303 0.0009191176504828036 0.0010416667209938169
0.0 0.5693933963775635 0.05625000223517418 0.0009191176504828036 0.0020833334419876337
0.0 0.2141544073820114 0.5020833611488342 0.0018382353009656072 0.0020833334419876337
0.0 0.7555146813392639 0.7239583730697632 0.0018382353009656072 0.0020833334419876337
0.0 0.5739889740943909 0.21302084624767303 0.0009191176504828036 0.0010416667209938169
0.0 0.9715073704719543 0.06406250596046448 0.0018382353009656072 0.0010416667209938169
0.0 0.21829044818878174 0.42239585518836975 0.0009191176504828036 0.0031250002793967724
0.0 0.7803308963775635 0.6703125238418579 0.0018382353009656072 0.0031250002793967724
0.0 0.6580882668495178 0.9104167222976685 0.0018382353009656072 0.0020833334419876337
0.0 0.15349264442920685 0.7302083969116211 0.0018382353009656072 0.0020833334419876337
0.0 0.3414522111415863 0.1119791716337204 0.0027573530096560717 0.0010416667209938169
0.0 0.5477941036224365 0.22343751788139343 0.0018382353009656072 0.0010416667209938169
0.0 0.13143382966518402 0.41875001788139343 0.0018382353009656072 0.0020833334419876337
0.0 0.15533088147640228 0.5921875238418579 0.0018382353009656072 0.0031250002793967724
0.0 0.7886029481887817 0.8057292103767395 0.0018382353009656072 0.0010416667209938169
0.0 0.9563419222831726 0.4567708671092987 0.0027573530096560717 0.0031250002793967724
0.0 0.9397978186607361 0.7557291984558105 0.0009191176504828036 0.0031250002793967724
0.0 0.23069852590560913 0.3604166805744171 0.0018382353009656072 0.0020833334419876337
0.0 0.6222426295280457 0.1197916716337204 0.0018382353009656072 0.0020833334419876337
0.0 0.5818014740943909 0.1744791716337204 0.0018382353009656072 0.0010416667209938169
0.0 0.4319852888584137 0.33229169249534607 0.0018382353009656072 0.0020833334419876337
0.0 0.5868566036224365 0.008333333767950535 0.0009191176504828036 0.0020833334419876337
0.0 0.4701286852359772 0.3125000298023224 0.0009191176504828036 0.0020833334419876337
0.0 0.896599292755127 0.5562500357627869 0.0009191176504828036 0.0020833334419876337
0.0 0.4195772111415863 0.30885419249534607 0.0009191176504828036 0.0010416667209938169
0.0 0.5818014740943909 0.08906250447034836 0.0018382353009656072 0.0031250002793967724
0.0 0.20726102590560913 0.4072916805744171 0.0009191176504828036 0.0020833334419876337
0.0 0.33869484066963196 0.8619791865348816 0.0009191176504828036 0.0010416667209938169
0.0 0.8984375 0.21770834922790527 0.0009191176504828036 0.0020833334419876337
0.0 0.9728860259056091 0.8416666984558105 0.0027573530096560717 0.004166666883975267
0.0 0.46691176295280457 0.3843750059604645 0.0018382353009656072 0.0020833334419876337
0.0 0.41590073704719543 0.3187500238418579 0.0027573530096560717 0.008333333767950535
0.0 0.5744485259056091 0.13072916865348816 0.0036764706019312143 0.0052083334885537624
0.0 0.8042279481887817 0.8880208730697632 0.0018382353009656072 0.0010416667209938169
0.0 0.6245404481887817 0.6468750238418579 0.0009191176504828036 0.0020833334419876337
0.0 0.5275735259056091 0.99114590883255 0.0018382353009656072 0.0031250002793967724
0.0 0.8515625 0.5531250238418579 0.0009191176504828036 0.0020833334419876337
0.0 0.4420955777168274 0.3421875238418579 0.0036764706019312143 0.00729166716337204
0.0 0.12913602590560913 0.6364583373069763 0.0009191176504828036 0.0020833334419876337
0.0 0.8363970518112183 0.43437501788139343 0.0018382353009656072 0.004166666883975267
0.0 0.11075367778539658 0.6458333730697632 0.0009191176504828036 0.0020833334419876337
0.0 0.607536792755127 0.8911458849906921 0.0018382353009656072 0.0031250002793967724
0.0 0.8823529481887817 0.7015625238418579 0.0036764706019312143 0.0031250002793967724
0.0 0.1429227888584137 0.628125011920929 0.0027573530096560717 0.0020833334419876337
0.0 0.12637867033481598 0.6171875596046448 0.004595588427037001 0.0052083334885537624
0.0 0.5533088445663452 0.18958334624767303 0.0018382353009656072 0.0020833334419876337
0.0 0.5707720518112183 0.8359375596046448 0.0018382353009656072 0.0031250002793967724
0.0 0.2954963147640228 0.8156250715255737 0.0009191176504828036 0.0020833334419876337
0.0 0.9457720518112183 0.21666668355464935 0.0018382353009656072 0.0020833334419876337
0.0 0.2555147111415863 0.7895833849906921 0.0018382353009656072 0.0020833334419876337
0.0 0.5808823704719543 0.08906250447034836 0.0018382353009656072 0.0031250002793967724
0.0 0.24954044818878174 0.3437500298023224 0.0009191176504828036 0.0020833334419876337
0.0 0.2702205777168274 0.6208333373069763 0.0018382353009656072 0.0020833334419876337
0.0 0.3501838147640228 0.1093750074505806 0.0018382353009656072 0.0020833334419876337
0.0 0.7458639740943909 0.0078125 0.0027573530096560717 0.0031250002793967724
0.0 0.6962316036224365 0.9984375238418579 0.0027573530096560717 0.0031250002793967724
0.0 0.09191176295280457 0.5489583611488342 0.0018382353009656072 0.0020833334419876337
0.0 0.6415441036224365 0.4828125238418579 0.0018382353009656072 0.0031250002793967724
0.0 0.29319852590560913 0.9489583969116211 0.0018382353009656072 0.0020833334419876337
0.0 0.6590073704719543 0.9354166984558105 0.0018382353009656072 0.004166666883975267
0.0 0.16590073704719543 0.30156251788139343 0.0027573530096560717 0.0031250002793967724
0.0 0.3295036852359772 0.23385417461395264 0.004595588427037001 0.0052083334885537624
0.0 0.935661792755127 0.745312511920929 0.0036764706019312143 0.0052083334885537624
0.0 0.18887867033481598 0.5244792103767395 0.004595588427037001 0.0031250002793967724
0.0 0.3993566334247589 0.6489583849906921 0.0027573530096560717 0.004166666883975267
0.0 0.006433823611587286 0.43958336114883423 0.0036764706019312143 0.006250000558793545
0.0 0.9443933963775635 0.23645834624767303 0.0027573530096560717 0.0020833334419876337
0.0 0.9885110259056091 0.7255208492279053 0.0027573530096560717 0.0031250002793967724
0.0 0.6286764740943909 0.07708333432674408 0.0018382353009656072 0.0020833334419876337
0.0 0.23023897409439087 0.45468753576278687 0.004595588427037001 0.00729166716337204
0.0 0.9301470518112183 0.4635416865348816 0.0036764706019312143 0.004166666883975267
0.0 0.795036792755127 0.8312500715255737 0.0018382353009656072 0.004166666883975267
0.0 0.1852022111415863 0.5427083373069763 0.0027573530096560717 0.004166666883975267
0.0 0.3841911852359772 0.8958333730697632 0.0018382353009656072 0.004166666883975267
0.0 0.36902573704719543 0.4208333492279053 0.0027573530096560717 0.0020833334419876337
0.0 0.6139705777168274 0.4906250238418579 0.0018382353009656072 0.0020833334419876337
0.0 0.8166360259056091 0.675000011920929 0.0027573530096560717 0.006250000558793545
0.0 0.3763786852359772 0.8322917222976685 0.0009191176504828036 0.0020833334419876337
0.0 0.03584558889269829 0.7119792103767395 0.0018382353009656072 0.0031250002793967724
0.0 0.049172792583703995 0.7880208492279053 0.004595588427037001 0.0031250002793967724
0.0 0.6608455777168274 0.9578125476837158 0.0036764706019312143 0.0052083334885537624
0.0 0.40441176295280457 0.4619791805744171 0.0018382353009656072 0.0031250002793967724
0.0 0.48253676295280457 0.21770834922790527 0.005514706019312143 0.004166666883975267
0.0 0.8671875 0.7276042103767395 0.0027573530096560717 0.0052083334885537624
0.0 0.14338235557079315 0.6286458373069763 0.0036764706019312143 0.0052083334885537624
0.0 0.07766544073820114 0.573437511920929 0.0027573530096560717 0.0031250002793967724
0.0 0.02711397036910057 0.7708333730697632 0.0027573530096560717 0.004166666883975267
0.0 0.8786764740943909 0.02760416828095913 0.0018382353009656072 0.0010416667209938169
0.0 0.3740808963775635 0.26614585518836975 0.005514706019312143 0.0031250002793967724
0.0 0.09283088147640228 0.7031250596046448 0.0036764706019312143 0.004166666883975267
0.0 0.3841911852359772 0.7906250357627869 0.0018382353009656072 0.004166666883975267
0.0 0.6158088445663452 0.140625 0.0036764706019312143 0.004166666883975267
0.0 0.6613051295280457 0.9859375357627869 0.006433823611587286 0.00937500037252903
