0.0 0.47472426295280457 0.7036458849906921 0.0009191176504828036 0.0010416667209938169
0.0 0.5886948704719543 0.2848958373069763 0.0009191176504828036 0.0010416667209938169
0.0 0.31755515933036804 0.10104167461395264 0.0009191176504828036 0.0020833334419876337
0.0 0.865349292755127 0.22864584624767303 0.0009191176504828036 0.0010416667209938169
0.0 0.3258272111415863 0.5953125357627869 0.0009191176504828036 0.0010416667209938169
0.0 0.24586397409439087 0.36145836114883423 0.0009191176504828036 0.0020833334419876337
0.0 0.5675551295280457 0.35729169845581055 0.0009191176504828036 0.0020833334419876337
0.0 0.2624080777168274 0.22031250596046448 0.0009191176504828036 0.0010416667209938169
0.0 0.4912683963775635 0.5630208849906921 0.0009191176504828036 0.0010416667209938169
0.0 0.6341911554336548 0.18854168057441711 0.0018382353009656072 0.004166666883975267
0.0 0.08961397409439087 0.682812511920929 0.0009191176504828036 0.0031250002793967724
0.0 0.6810661554336548 0.9197916984558105 0.0018382353009656072 0.004166666883975267
0.0 0.849724292755127 0.47968751192092896 0.0009191176504828036 0.0010416667209938169
0.0 0.42693015933036804 0.534375011920929 0.0009191176504828036 0.0020833334419876337
0.0 0.6098345518112183 0.16770833730697632 0.0009191176504828036 0.0020833334419876337
0.0 0.9526654481887817 0.4984375238418579 0.0009191176504828036 0.0010416667209938169
0.0 0.6236213445663452 0.2968750298023224 0.0009191176504828036 0.0020833334419876337
0.0 0.2936580777168274 0.667187511920929 0.0009191176504828036 0.0010416667209938169
0.0 0.8644301295280457 0.3447916805744171 0.0009191176504828036 0.0020833334419876337
0.0 0.9839154481887817 0.7885417342185974 0.0009191176504828036 0.0020833334419876337
0.0 0.5124080777168274 0.15312500298023224 0.0009191176504828036 0.0020833334419876337
0.0 0.6079963445663452 0.33385419845581055 0.0009191176504828036 0.0010416667209938169
0.0 0.2642463147640228 0.6817708611488342 0.0009191176504828036 0.0031250002793967724
0.0 0.9048713445663452 0.7984375357627869 0.0009191176504828036 0.0010416667209938169
0.0 0.27389705181121826 0.8333333730697632 0.0036764706019312143 0.004166666883975267
0.0 0.43704044818878174 0.1223958432674408 0.0009191176504828036 0.0010416667209938169
0.0 0.22472426295280457 0.41562503576278687 0.0009191176504828036 0.0020833334419876337
0.0 0.24310661852359772 0.34322917461395264 0.0009191176504828036 0.0010416667209938169
0.0 0.13373161852359772 0.6942708492279053 0.0009191176504828036 0.0010416667209938169
0.0 0.9935661554336548 0.5281250476837158 0.0018382353009656072 0.0020833334419876337
0.0 0.08501838147640228 0.5062500238418579 0.0009191176504828036 0.0020833334419876337
0.0 0.4039522111415863 0.28125 0.0009191176504828036 0.0020833334419876337
0.0 0.6337316036224365 0.10104167461395264 0.0009191176504828036 0.0020833334419876337
0.0 0.6810661554336548 0.4932291805744171 0.0018382353009656072 0.0010416667209938169
0.0 0.552849292755127 0.29479166865348816 0.0009191176504828036 0.0020833334419876337
0.0 0.5041360259056091 0.5671875476837158 0.0009191176504828036 0.0010416667209938169
0.0 0.5473345518112183 0.3828125298023224 0.0009191176504828036 0.0010416667209938169
0.0 0.5602021813392639 0.34843751788139343 0.0009191176504828036 0.0010416667209938169
0.0 0.5863970518112183 0.43697917461395264 0.0018382353009656072 0.0010416667209938169
0.0 0.5096507668495178 0.4130208492279053 0.0009191176504828036 0.0010416667209938169
0.0 0.4342830777168274 0.3265625238418579 0.0009191176504828036 0.0010416667209938169
0.0 0.19623161852359772 0.8661458492279053 0.0009191176504828036 0.0010416667209938169
0.0 0.8832720518112183 0.16875000298023224 0.0018382353009656072 0.0020833334419876337
0.0 0.2219669073820114 0.7760416865348816 0.0009191176504828036 0.0020833334419876337
0.0 0.5514705777168274 0.17500001192092896 0.0018382353009656072 0.0020833334419876337
0.0 0.6884191036224365 0.26979169249534607 0.0018382353009656072 0.0020833334419876337
0.0 0.6907169222831726 0.4723958671092987 0.0009191176504828036 0.0010416667209938169
0.0 0.43704044818878174 0.5494791865348816 0.0027573530096560717 0.0052083334885537624
0.0 0.8189338445663452 0.4833333492279053 0.0018382353009656072 0.0020833334419876337
0.0 0.0625 0.6317708492279053 0.0018382353009656072 0.0031250002793967724
0.0 0.27527573704719543 0.7937500476837158 0.0009191176504828036 0.0020833334419876337
0.0 0.17141544818878174 0.3161458373069763 0.0027573530096560717 0.0010416667209938169
0.0 0.5675551295280457 0.11093750596046448 0.0009191176504828036 0.0010416667209938169
0.0 0.5932904481887817 0.4296875298023224 0.0009191176504828036 0.0010416667209938169
0.0 0.45680147409439087 0.5046875476837158 0.0018382353009656072 0.0031250002793967724
0.0 0.8203125 0.2723958492279053 0.0009191176504828036 0.0010416667209938169
0.0 0.1038602963089943 0.5473958849906921 0.0018382353009656072 0.0010416667209938169
0.0 0.6502757668495178 0.3880208432674408 0.0009191176504828036 0.0010416667209938169
0.0 0.30652573704719543 0.01510416716337204 0.0027573530096560717 0.0010416667209938169
0.0 0.5955882668495178 0.20104168355464935 0.0018382353009656072 0.0020833334419876337
0.0 0.9839154481887817 0.9854167103767395 0.0009191176504828036 0.0020833334419876337
0.0 0.22564338147640228 0.8145833611488342 0.0009191176504828036 0.0020833334419876337
0.0 0.2467830926179886 0.8661458492279053 0.0009191176504828036 0.0010416667209938169
0.0 0.4977022111415863 0.3489583432674408 0.0009191176504828036 0.0020833334419876337
0.0 0.16268382966518402 0.7838541865348816 0.0018382353009656072 0.0010416667209938169
0.0 0.8469669222831726 0.21666668355464935 0.0009191176504828036 0.0020833334419876337
0.0 0.15487132966518402 0.6130208373069763 0.0009191176504828036 0.0010416667209938169
0.0 0.4765625 0.4765625298023224 0.0009191176504828036 0.0010416667209938169
0.0 0.2642463147640228 0.4911458492279053 0.0009191176504828036 0.0010416667209938169
0.0 0.6594669222831726 0.37916669249534607 0.0009191176504828036 0.0020833334419876337
0.0 0.4545036852359772 0.7312500476837158 0.0009191176504828036 0.0020833334419876337
0.0 0.49954044818878174 0.5276042222976685 0.0009191176504828036 0.0010416667209938169
0.0 0.26976102590560913 0.6890625357627869 0.0009191176504828036 0.0031250002793967724
0.0 0.9113051295280457 0.43125003576278687 0.0009191176504828036 0.0020833334419876337
0.0 0.5625 0.35885417461395264 0.0018382353009656072 0.0031250002793967724
0.0 0.591911792755127 0.2562500238418579 0.0018382353009656072 0.004166666883975267
0.0 0.05928308889269829 0.24635417759418488 0.0009191176504828036 0.0010416667209938169
0.0 0.9333639740943909 0.21406251192092896 0.0009191176504828036 0.0010416667209938169
0.0 0.6167279481887817 0.18541668355464935 0.0018382353009656072 0.0020833334419876337
0.0 0.8579963445663452 0.8208333849906921 0.0009191176504828036 0.0020833334419876337
0.0 0.29273897409439087 0.7807292342185974 0.0009191176504828036 0.0031250002793967724
0.0 0.8442095518112183 0.20416668057441711 0.0009191176504828036 0.0020833334419876337
0.0 0.8745404481887817 0.16510418057441711 0.0009191176504828036 0.0010416667209938169
0.0 0.5785845518112183 0.27395835518836975 0.0009191176504828036 0.0020833334419876337
0.0 0.8534007668495178 0.24895834922790527 0.0009191176504828036 0.0020833334419876337
0.0 0.009191176854074001 0.8406250476837158 0.0018382353009656072 0.0020833334419876337
0.0 0.8727021813392639 0.16197916865348816 0.0009191176504828036 0.0010416667209938169
0.0 0.7284007668495178 0.21718750894069672 0.0009191176504828036 0.0010416667209938169
0.0 0.5041360259056091 0.5531250238418579 0.0009191176504828036 0.0020833334419876337
0.0 0.9816176295280457 0.3255208432674408 0.0018382353009656072 0.0010416667209938169
0.0 0.5225183963775635 0.26770836114883423 0.0009191176504828036 0.0020833334419876337
0.0 0.8864889740943909 0.6364583373069763 0.0009191176504828036 0.0020833334419876337
0.0 0.8998161554336548 0.3447916805744171 0.0018382353009656072 0.0020833334419876337
0.0 0.21875 0.7489583492279053 0.0018382353009656072 0.0020833334419876337
0.0 0.07398897409439087 0.7057291865348816 0.0009191176504828036 0.0010416667209938169
0.0 0.26516544818878174 0.9026042222976685 0.0027573530096560717 0.0031250002793967724
0.0 0.5068933963775635 0.1041666716337204 0.0009191176504828036 0.0020833334419876337
0.0 0.8258271813392639 0.4750000238418579 0.0009191176504828036 0.0020833334419876337
0.0 0.5537683963775635 0.35364586114883423 0.0009191176504828036 0.0010416667209938169
0.0 0.33409926295280457 0.784375011920929 0.0009191176504828036 0.0020833334419876337
0.0 0.4701286852359772 0.3604166805744171 0.0009191176504828036 0.0020833334419876337
0.0 0.5546875 0.3786458671092987 0.0009191176504828036 0.0031250002793967724
0.0 0.2522977888584137 0.17343750596046448 0.0009191176504828036 0.0010416667209938169
0.0 0.8363970518112183 0.2968750298023224 0.0018382353009656072 0.0020833334419876337
0.0 0.3975183963775635 0.7265625596046448 0.0009191176504828036 0.0010416667209938169
0.0 0.47288602590560913 0.7177083492279053 0.0009191176504828036 0.0020833334419876337
0.0 0.4241727888584137 0.5197917222976685 0.0009191176504828036 0.0020833334419876337
0.0 0.3975183963775635 0.6000000238418579 0.0009191176504828036 0.0020833334419876337
0.0 0.4499080777168274 0.43437501788139343 0.0009191176504828036 0.0020833334419876337
0.0 0.1429227888584137 0.4802083671092987 0.0009191176504828036 0.0020833334419876337
0.0 0.09237132221460342 0.8864583969116211 0.0009191176504828036 0.0020833334419876337
0.0 0.11213235557079315 0.9427083730697632 0.0018382353009656072 0.0020833334419876337
0.0 0.5574448704719543 0.3098958432674408 0.0009191176504828036 0.0010416667209938169
0.0 0.44163602590560913 0.6442708373069763 0.0009191176504828036 0.0010416667209938169
0.0 0.6236213445663452 0.11406250298023224 0.0009191176504828036 0.0031250002793967724
0.0 0.7486213445663452 0.8953125476837158 0.0009191176504828036 0.0010416667209938169
0.0 0.5868566036224365 0.31822916865348816 0.0009191176504828036 0.0010416667209938169
0.0 0.38097426295280457 0.1067708358168602 0.0009191176504828036 0.0010416667209938169
0.0 0.6144301295280457 0.35989585518836975 0.0009191176504828036 0.0010416667209938169
0.0 0.12132353335618973 0.9807292222976685 0.0018382353009656072 0.0031250002793967724
0.0 0.3451286852359772 0.38333335518836975 0.0009191176504828036 0.0020833334419876337
0.0 0.5542279481887817 0.5541666746139526 0.0018382353009656072 0.0020833334419876337
0.0 0.2881433963775635 0.8203125596046448 0.0009191176504828036 0.0010416667209938169
0.0 0.9540441036224365 0.25729167461395264 0.0018382353009656072 0.0020833334419876337
0.0 0.8589154481887817 0.9958333969116211 0.0009191176504828036 0.0020833334419876337
0.0 0.21185661852359772 0.8713542222976685 0.0027573530096560717 0.0031250002793967724
0.0 0.37224265933036804 0.6666666865348816 0.0018382353009656072 0.0020833334419876337
0.0 0.5133271813392639 0.4557291865348816 0.0009191176504828036 0.0010416667209938169
0.0 0.033088237047195435 0.8166667222976685 0.0018382353009656072 0.0020833334419876337
0.0 0.13924632966518402 0.7729167342185974 0.0009191176504828036 0.0020833334419876337
0.0 0.9094669222831726 0.3369791805744171 0.0009191176504828036 0.0010416667209938169
0.0 0.5266544222831726 0.2864583432674408 0.0018382353009656072 0.0020833334419876337
0.0 0.4719669222831726 0.3786458671092987 0.0009191176504828036 0.0010416667209938169
0.0 0.8409926295280457 0.8296875357627869 0.0018382353009656072 0.0031250002793967724
0.0 0.7826286554336548 0.8697916865348816 0.0027573530096560717 0.0020833334419876337
0.0 0.9692095518112183 0.8760417103767395 0.0009191176504828036 0.0020833334419876337
0.0 0.9526654481887817 0.8302083611488342 0.0009191176504828036 0.0020833334419876337
0.0 0.47288602590560913 0.4567708671092987 0.0009191176504828036 0.0010416667209938169
0.0 0.38556984066963196 0.6812500357627869 0.0009191176504828036 0.0020833334419876337
0.0 0.2265625 0.6927083730697632 0.0027573530096560717 0.0020833334419876337
0.0 0.5459558963775635 0.9567708969116211 0.0018382353009656072 0.0031250002793967724
0.0 0.5317095518112183 0.38750001788139343 0.0009191176504828036 0.0020833334419876337
0.0 0.47150734066963196 0.7343750596046448 0.0018382353009656072 0.0020833334419876337
0.0 0.8772978186607361 0.2562500238418579 0.0009191176504828036 0.0020833334419876337
0.0 0.9420955777168274 0.5932291746139526 0.0018382353009656072 0.0010416667209938169
0.0 0.1875 0.8192708492279053 0.0018382353009656072 0.0052083334885537624
0.0 0.20496323704719543 0.30416667461395264 0.0018382353009656072 0.0020833334419876337
0.0 0.2054227888584137 0.10989584028720856 0.0009191176504828036 0.0010416667209938169
0.0 0.18014706671237946 0.9468750357627869 0.007352941203862429 0.006250000558793545
0.0 0.8193933963775635 0.5078125 0.0009191176504828036 0.0031250002793967724
0.0 0.6502757668495178 0.3916666805744171 0.0009191176504828036 0.0020833334419876337
0.0 0.4517463147640228 0.6979166865348816 0.0009191176504828036 0.0020833334419876337
0.0 0.43795955181121826 0.5302083492279053 0.0009191176504828036 0.0020833334419876337
0.0 0.056985292583703995 0.38854169845581055 0.0018382353009656072 0.0020833334419876337
0.0 0.3818933963775635 0.41614586114883423 0.0009191176504828036 0.0010416667209938169
0.0 0.5032169222831726 0.3229166865348816 0.0009191176504828036 0.0020833334419876337
0.0 0.3304227888584137 0.6223958730697632 0.0009191176504828036 0.0010416667209938169
0.0 0.15762867033481598 0.7166666984558105 0.0009191176504828036 0.0020833334419876337
0.0 0.6135110259056091 0.10625000298023224 0.0009191176504828036 0.0020833334419876337
0.0 0.5776654481887817 0.491666704416275 0.0009191176504828036 0.0020833334419876337
0.0 0.2665441334247589 0.8098958730697632 0.0018382353009656072 0.0031250002793967724
0.0 0.1282169073820114 0.8302083611488342 0.0027573530096560717 0.0020833334419876337
0.0 0.943474292755127 0.15260417759418488 0.0009191176504828036 0.0010416667209938169
0.0 0.662224292755127 0.15520833432674408 0.0009191176504828036 0.0020833334419876337
0.0 0.1907169073820114 0.9000000357627869 0.0009191176504828036 0.0020833334419876337
0.0 0.06295955926179886 0.499479204416275 0.0027573530096560717 0.0031250002793967724
0.0 0.03170955926179886 0.4088541865348816 0.0009191176504828036 0.0010416667209938169
0.0 0.4443933963775635 0.7364583611488342 0.0009191176504828036 0.0020833334419876337
0.0 0.9287683963775635 0.515625 0.0009191176504828036 0.0020833334419876337
0.0 0.23391544818878174 0.8421875238418579 0.0027573530096560717 0.0031250002793967724
0.0 0.18060661852359772 0.9713542461395264 0.0009191176504828036 0.0031250002793967724
0.0 0.5795036554336548 0.3895833492279053 0.0009191176504828036 0.0020833334419876337
0.0 0.8506433963775635 0.7869791984558105 0.0009191176504828036 0.0031250002793967724
0.0 0.23345588147640228 0.49270835518836975 0.0018382353009656072 0.0020833334419876337
0.0 0.24264706671237946 0.3932291865348816 0.0018382353009656072 0.0010416667209938169
0.0 0.8676470518112183 0.16041667759418488 0.0018382353009656072 0.0020833334419876337
0.0 0.546875 0.41458335518836975 0.0018382353009656072 0.0020833334419876337
0.0 0.5523896813392639 0.4166666865348816 0.0018382353009656072 0.0020833334419876337
0.0 0.6838235259056091 0.07239583879709244 0.0018382353009656072 0.0010416667209938169
0.0 0.22702206671237946 0.02343750186264515 0.0018382353009656072 0.0010416667209938169
0.0 0.5174632668495178 0.96770840883255 0.0018382353009656072 0.0020833334419876337
0.0 0.8295036554336548 0.34062501788139343 0.0009191176504828036 0.0020833334419876337
0.0 0.599724292755127 0.23750001192092896 0.0009191176504828036 0.0020833334419876337
0.0 0.2477022111415863 0.5583333373069763 0.004595588427037001 0.006250000558793545
0.0 0.11121323704719543 0.8062500357627869 0.0018382353009656072 0.0020833334419876337
0.0 0.4696691334247589 0.5598958730697632 0.0018382353009656072 0.0010416667209938169
0.0 0.3446691334247589 0.7078125476837158 0.0018382353009656072 0.0031250002793967724
0.0 0.1796875 0.33385419845581055 0.0009191176504828036 0.0010416667209938169
0.0 0.3345588147640228 0.4270833432674408 0.0018382353009656072 0.0020833334419876337
0.0 0.4342830777168274 0.5213541984558105 0.0027573530096560717 0.0031250002793967724
0.0 0.4609375 0.30937501788139343 0.0009191176504828036 0.0020833334419876337
0.0 0.8722426295280457 0.5901042222976685 0.0018382353009656072 0.0031250002793967724
0.0 0.6190257668495178 0.4062500298023224 0.0009191176504828036 0.0020833334419876337
0.0 0.47840073704719543 0.5583333373069763 0.0009191176504828036 0.0020833334419876337
0.0 0.4545036852359772 0.3895833492279053 0.0009191176504828036 0.0020833334419876337
0.0 0.5101103186607361 0.4442708492279053 0.0036764706019312143 0.0052083334885537624
0.0 0.44898897409439087 0.47187501192092896 0.0009191176504828036 0.0020833334419876337
0.0 0.5133271813392639 0.6541666984558105 0.0009191176504828036 0.0020833334419876337
0.0 0.5271139740943909 0.28593751788139343 0.0027573530096560717 0.0031250002793967724
0.0 0.49724265933036804 0.5479167103767395 0.0018382353009656072 0.0020833334419876337
0.0 0.7035845518112183 0.07395833730697632 0.0027573530096560717 0.0020833334419876337
0.0 0.39568015933036804 0.7161458730697632 0.0009191176504828036 0.0031250002793967724
0.0 0.40027573704719543 0.5270833373069763 0.0027573530096560717 0.0020833334419876337
0.0 0.4609375 0.5354167222976685 0.0009191176504828036 0.0020833334419876337
0.0 0.0859375 0.9739583730697632 0.004595588427037001 0.0020833334419876337
0.0 0.49494484066963196 0.44166669249534607 0.0027573530096560717 0.0020833334419876337
0.0 0.4563419222831726 0.5869792103767395 0.0009191176504828036 0.0031250002793967724
0.0 0.028952205553650856 0.3593750298023224 0.0009191176504828036 0.0020833334419876337
0.0 0.6888786554336548 0.27031251788139343 0.0027573530096560717 0.0031250002793967724
0.0 0.47840073704719543 0.5593750476837158 0.0009191176504828036 0.0020833334419876337
0.0 0.17693014442920685 0.19062501192092896 0.0027573530096560717 0.0020833334419876337
0.0 0.8956801295280457 0.6895833611488342 0.0009191176504828036 0.0020833334419876337
0.0 0.3345588147640228 0.6729167103767395 0.0018382353009656072 0.0020833334419876337
0.0 0.8207720518112183 0.30677086114883423 0.0018382353009656072 0.0031250002793967724
0.0 0.18014706671237946 0.3270833492279053 0.0018382353009656072 0.0020833334419876337
0.0 0.03630514815449715 0.7130208611488342 0.0009191176504828036 0.0031250002793967724
0.0 0.24080882966518402 0.9036458730697632 0.0018382353009656072 0.0031250002793967724
0.0 0.6410845518112183 0.4843750298023224 0.0009191176504828036 0.0020833334419876337
0.0 0.5257353186607361 0.2593750059604645 0.0018382353009656072 0.0020833334419876337
0.0 0.7449448704719543 0.9062500596046448 0.0027573530096560717 0.004166666883975267
0.0 0.3740808963775635 0.7895833849906921 0.0018382353009656072 0.004166666883975267
0.0 0.09558823704719543 0.40781253576278687 0.0036764706019312143 0.0031250002793967724
0.0 0.9848345518112183 0.5104166865348816 0.0027573530096560717 0.0020833334419876337
0.0 0.8704044222831726 0.8473958969116211 0.0018382353009656072 0.0031250002793967724
0.0 0.5197610259056091 0.3916666805744171 0.0009191176504828036 0.0020833334419876337
0.0 0.1227022036910057 0.8312500715255737 0.0009191176504828036 0.004166666883975267
0.0 0.5078125 0.4947916865348816 0.0009191176504828036 0.0020833334419876337
0.0 0.21875 0.29479166865348816 0.0018382353009656072 0.0020833334419876337
0.0 0.21599264442920685 0.8843750357627869 0.0036764706019312143 0.004166666883975267
0.0 0.8690257668495178 0.6213542222976685 0.0009191176504828036 0.0031250002793967724
0.0 0.13786764442920685 0.7390625476837158 0.0018382353009656072 0.0031250002793967724
0.0 0.513786792755127 0.3697916865348816 0.0018382353009656072 0.004166666883975267
0.0 0.5004595518112183 0.3838541805744171 0.0027573530096560717 0.0031250002793967724
0.0 0.8363970518112183 0.2640625238418579 0.0018382353009656072 0.0031250002793967724
0.0 0.5174632668495178 0.2109375149011612 0.0018382353009656072 0.0052083334885537624
0.0 0.5390625 0.5744792222976685 0.0009191176504828036 0.0031250002793967724
0.0 0.4779411852359772 0.5135416984558105 0.0018382353009656072 0.0020833334419876337
0.0 0.5036764740943909 0.42916667461395264 0.0036764706019312143 0.008333333767950535
0.0 0.5225183963775635 0.32604169845581055 0.0027573530096560717 0.0020833334419876337
0.0 0.42141544818878174 0.1145833358168602 0.0027573530096560717 0.0020833334419876337
0.0 0.11075367778539658 0.3463541865348816 0.0027573530096560717 0.0031250002793967724
0.0 0.2789522111415863 0.38072919845581055 0.0027573530096560717 0.0031250002793967724
0.0 0.8667279481887817 0.9604167342185974 0.0018382353009656072 0.004166666883975267
0.0 0.6332720518112183 0.18854168057441711 0.0018382353009656072 0.004166666883975267
0.0 0.9126838445663452 0.3671875298023224 0.0018382353009656072 0.0031250002793967724
0.0 0.6470588445663452 0.14635416865348816 0.0018382353009656072 0.0031250002793967724
0.0 0.2702205777168274 0.3838541805744171 0.0018382353009656072 0.0031250002793967724
0.0 0.27389705181121826 0.8328125476837158 0.0018382353009656072 0.0031250002793967724
0.0 0.8386948704719543 0.96770840883255 0.0027573530096560717 0.004166666883975267
0.0 0.9540441036224365 0.2578125 0.0036764706019312143 0.0031250002793967724
0.0 0.42233455181121826 0.6729167103767395 0.004595588427037001 0.004166666883975267
0.0 0.5464154481887817 0.06041666865348816 0.0027573530096560717 0.004166666883975267
0.0 0.07352941483259201 0.6546875238418579 0.0018382353009656072 0.0031250002793967724
0.0 0.13143382966518402 0.8760417103767395 0.005514706019312143 0.010416666977107525
0.0 0.1663602888584137 0.21250000596046448 0.0018382353009656072 0.004166666883975267
0.0 0.3056066334247589 0.9000000357627869 0.0027573530096560717 0.004166666883975267
0.0 0.40257352590560913 0.5463541746139526 0.007352941203862429 0.0031250002793967724
0.0 0.5445771813392639 0.4463541805744171 0.004595588427037001 0.0052083334885537624
0.0 0.2913602888584137 0.6088541746139526 0.005514706019312143 0.0052083334885537624
