0.0 0.38097426295280457 0.5526041984558105 0.0009191176504828036 0.0010416667209938169
0.0 0.5179228186607361 0.30781251192092896 0.0009191176504828036 0.0010416667209938169
0.0 0.5068933963775635 0.40000003576278687 0.0009191176504828036 0.0020833334419876337
0.0 0.8423713445663452 0.6791666746139526 0.0009191176504828036 0.0020833334419876337
0.0 0.0914522036910057 0.24427084624767303 0.0009191176504828036 0.0010416667209938169
0.0 0.9646139740943909 0.6312500238418579 0.0009191176504828036 0.0020833334419876337
0.0 0.607536792755127 0.34322917461395264 0.0018382353009656072 0.0010416667209938169
0.0 0.8791360259056091 0.8994792103767395 0.0009191176504828036 0.0010416667209938169
0.0 0.5675551295280457 0.41822919249534607 0.0009191176504828036 0.0010416667209938169
0.0 0.7164521813392639 0.12916667759418488 0.0027573530096560717 0.0020833334419876337
0.0 0.4563419222831726 0.6588541865348816 0.0009191176504828036 0.0010416667209938169
0.0 0.3460477888584137 0.6505208611488342 0.0009191176504828036 0.0010416667209938169
0.0 0.8961396813392639 0.4020833671092987 0.0018382353009656072 0.0020833334419876337
0.0 0.7228860259056091 0.3281250298023224 0.0009191176504828036 0.0020833334419876337
0.0 0.20358456671237946 0.5817708373069763 0.0009191176504828036 0.0010416667209938169
0.0 0.2398897111415863 0.7729167342185974 0.0018382353009656072 0.006250000558793545
0.0 0.8230698704719543 0.9723958969116211 0.0009191176504828036 0.0010416667209938169
0.0 0.1999080926179886 0.8723958730697632 0.0009191176504828036 0.0010416667209938169
0.0 0.6227021813392639 0.9135417342185974 0.0009191176504828036 0.0020833334419876337
0.0 0.5045955777168274 0.3921875059604645 0.0018382353009656072 0.0010416667209938169
0.0 0.33547794818878174 0.01718750037252903 0.0018382353009656072 0.0010416667209938169
0.0 0.6194853186607361 0.31041666865348816 0.0018382353009656072 0.0020833334419876337
0.0 0.5142463445663452 0.2822916805744171 0.0009191176504828036 0.0020833334419876337
0.0 0.552849292755127 0.1067708358168602 0.0009191176504828036 0.0010416667209938169
0.0 0.521599292755127 0.3515625298023224 0.0009191176504828036 0.0010416667209938169
0.0 0.5261948704719543 0.5192708373069763 0.0009191176504828036 0.0010416667209938169
0.0 0.9411764740943909 0.3723958432674408 0.0018382353009656072 0.0010416667209938169
0.0 0.22380514442920685 0.6979166865348816 0.0009191176504828036 0.0020833334419876337
0.0 0.5261948704719543 0.33229169249534607 0.0009191176504828036 0.0020833334419876337
0.0 0.5546875 0.31822916865348816 0.0009191176504828036 0.0010416667209938169
0.0 0.9021139740943909 0.23645834624767303 0.0027573530096560717 0.0020833334419876337
0.0 0.3037683963775635 0.8109375238418579 0.0009191176504828036 0.0010416667209938169
0.0 0.4195772111415863 0.10208334028720856 0.0009191176504828036 0.0020833334419876337
0.0 0.2568933963775635 0.1901041716337204 0.0009191176504828036 0.0010416667209938169
0.0 0.9563419222831726 0.7255208492279053 0.0027573530096560717 0.0031250002793967724
0.0 0.7201286554336548 0.0546875037252903 0.0009191176504828036 0.0010416667209938169
0.0 0.6024816036224365 0.1562500149011612 0.0009191176504828036 0.0020833334419876337
0.0 0.012867647223174572 0.8296875357627869 0.0018382353009656072 0.0031250002793967724
0.0 0.7601103186607361 0.8286458849906921 0.0018382353009656072 0.0031250002793967724
0.0 0.42693015933036804 0.5640625357627869 0.0009191176504828036 0.0010416667209938169
0.0 0.5101103186607361 0.3604166805744171 0.0018382353009656072 0.0020833334419876337
0.0 0.9204963445663452 0.9291667342185974 0.0009191176504828036 0.0020833334419876337
0.0 0.1171875 0.9447917342185974 0.0009191176504828036 0.0020833334419876337
0.0 0.6135110259056091 0.3385416865348816 0.0027573530096560717 0.004166666883975267
0.0 0.3170955777168274 0.36770835518836975 0.0018382353009656072 0.0020833334419876337
0.0 0.5284926295280457 0.34843751788139343 0.0018382353009656072 0.0010416667209938169
0.0 0.32306984066963196 0.8447917103767395 0.0027573530096560717 0.004166666883975267
0.0 0.5597426295280457 0.29322919249534607 0.0018382353009656072 0.0010416667209938169
0.0 0.34972426295280457 0.7192708849906921 0.0009191176504828036 0.0010416667209938169
0.0 0.5886948704719543 0.6427083611488342 0.0009191176504828036 0.0020833334419876337
0.0 0.5666360259056091 0.5140625238418579 0.0009191176504828036 0.0010416667209938169
0.0 0.41222426295280457 0.13489584624767303 0.0009191176504828036 0.0010416667209938169
0.0 0.896599292755127 0.4281250238418579 0.0009191176504828036 0.0020833334419876337
0.0 0.5583639740943909 0.34947919845581055 0.0027573530096560717 0.0031250002793967724
0.0 0.9866728186607361 0.7598958611488342 0.0009191176504828036 0.0010416667209938169
0.0 0.34880515933036804 0.6218750476837158 0.0009191176504828036 0.0020833334419876337
0.0 0.020680146291851997 0.7270833849906921 0.0009191176504828036 0.0020833334419876337
0.0 0.6420036554336548 0.43802085518836975 0.0009191176504828036 0.0010416667209938169
0.0 0.27619484066963196 0.48906251788139343 0.0009191176504828036 0.0010416667209938169
0.0 0.3607536852359772 0.6598958969116211 0.0009191176504828036 0.0010416667209938169
0.0 0.7449448704719543 0.23489584028720856 0.0009191176504828036 0.0010416667209938169
0.0 0.4820772111415863 0.05260416865348816 0.0009191176504828036 0.0010416667209938169
0.0 0.7284007668495178 0.8609375357627869 0.0009191176504828036 0.0010416667209938169
0.0 0.09880514442920685 0.7760416865348816 0.0009191176504828036 0.0020833334419876337
0.0 0.30284926295280457 0.21666668355464935 0.0009191176504828036 0.0020833334419876337
0.0 0.38786765933036804 0.6385416984558105 0.0036764706019312143 0.010416666977107525
0.0 0.646599292755127 0.25 0.0009191176504828036 0.0020833334419876337
0.0 0.028952205553650856 0.3500000238418579 0.0009191176504828036 0.0020833334419876337
0.0 0.7081801295280457 0.03593750298023224 0.0009191176504828036 0.0010416667209938169
0.0 0.5307904481887817 0.5494791865348816 0.0009191176504828036 0.0010416667209938169
0.0 0.9080882668495178 0.1640625149011612 0.0018382353009656072 0.0010416667209938169
0.0 0.5160845518112183 0.4635416865348816 0.0009191176504828036 0.0020833334419876337
0.0 0.9917279481887817 0.9083333611488342 0.0018382353009656072 0.0020833334419876337
0.0 0.38648897409439087 0.5765625238418579 0.0009191176504828036 0.0010416667209938169
0.0 0.46691176295280457 0.6609375476837158 0.0018382353009656072 0.0031250002793967724
0.0 0.14430147409439087 0.6000000238418579 0.0018382353009656072 0.0020833334419876337
0.0 0.7136948704719543 0.3411458432674408 0.0009191176504828036 0.0031250002793967724
0.0 0.5386029481887817 0.6401041746139526 0.0018382353009656072 0.0010416667209938169
0.0 0.6272978186607361 0.31718751788139343 0.0009191176504828036 0.0010416667209938169
0.0 0.21920956671237946 0.3187500238418579 0.0009191176504828036 0.0020833334419876337
0.0 0.22931985557079315 0.784375011920929 0.0009191176504828036 0.0020833334419876337
0.0 0.2913602888584137 0.7875000238418579 0.0018382353009656072 0.0020833334419876337
0.0 0.5096507668495178 0.667187511920929 0.0009191176504828036 0.0010416667209938169
0.0 0.5418198704719543 0.5473958849906921 0.0009191176504828036 0.0010416667209938169
0.0 0.3079044222831726 0.1822916716337204 0.0036764706019312143 0.0020833334419876337
0.0 0.2375919073820114 0.11093750596046448 0.0009191176504828036 0.0010416667209938169
0.0 0.3391544222831726 0.7552083730697632 0.0018382353009656072 0.0020833334419876337
0.0 0.25367647409439087 0.02135416865348816 0.0018382353009656072 0.0010416667209938169
0.0 0.7228860259056091 0.3291666805744171 0.0009191176504828036 0.0020833334419876337
0.0 0.609375 0.37447917461395264 0.0018382353009656072 0.0031250002793967724
0.0 0.17784926295280457 0.7875000238418579 0.0027573530096560717 0.0020833334419876337
0.0 0.6686580777168274 0.29218751192092896 0.0009191176504828036 0.0010416667209938169
0.0 0.5179228186607361 0.6677083969116211 0.0009191176504828036 0.0020833334419876337
0.0 0.5206801295280457 0.48854169249534607 0.0009191176504828036 0.0020833334419876337
0.0 0.3860294222831726 0.4052083492279053 0.0018382353009656072 0.0020833334419876337
0.0 0.8552389740943909 0.31666669249534607 0.0009191176504828036 0.0020833334419876337
0.0 0.24402573704719543 0.8479167222976685 0.0009191176504828036 0.0020833334419876337
0.0 0.34420955181121826 0.5505208373069763 0.0009191176504828036 0.0010416667209938169
0.0 0.45909926295280457 0.6682292222976685 0.0009191176504828036 0.0010416667209938169
0.0 0.7081801295280457 0.4255208671092987 0.0027573530096560717 0.0031250002793967724
0.0 0.6704963445663452 0.15833334624767303 0.0009191176504828036 0.0020833334419876337
0.0 0.6484375 0.5479167103767395 0.0009191176504828036 0.0020833334419876337
0.0 0.38556984066963196 0.9307292103767395 0.0009191176504828036 0.0010416667209938169
0.0 0.29503676295280457 0.5317708849906921 0.0018382353009656072 0.0031250002793967724
0.0 0.9333639740943909 0.9484375715255737 0.0009191176504828036 0.0010416667209938169
0.0 0.90625 0.15312500298023224 0.0018382353009656072 0.0020833334419876337
0.0 0.5611213445663452 0.6526042222976685 0.0009191176504828036 0.0010416667209938169
0.0 0.6052389740943909 0.5703125 0.0009191176504828036 0.0010416667209938169
0.0 0.07674632221460342 0.7848958969116211 0.0009191176504828036 0.0010416667209938169
0.0 0.6135110259056091 0.09843750298023224 0.0009191176504828036 0.0010416667209938169
0.0 0.3138786852359772 0.6473958492279053 0.0009191176504828036 0.0010416667209938169
0.0 0.23483456671237946 0.9145833849906921 0.0009191176504828036 0.0020833334419876337
0.0 0.5914521813392639 0.3489583432674408 0.0009191176504828036 0.0020833334419876337
0.0 0.2936580777168274 0.16718751192092896 0.0009191176504828036 0.0010416667209938169
0.0 0.43336397409439087 0.5427083373069763 0.0009191176504828036 0.0020833334419876337
0.0 0.032628677785396576 0.3906250298023224 0.0009191176504828036 0.0020833334419876337
0.0 0.025735294446349144 0.96770840883255 0.0018382353009656072 0.0020833334419876337
0.0 0.4811580777168274 0.6578125357627869 0.0009191176504828036 0.0010416667209938169
0.0 0.576286792755127 0.23906251788139343 0.0018382353009656072 0.0010416667209938169
0.0 0.5317095518112183 0.41875001788139343 0.0009191176504828036 0.0020833334419876337
0.0 0.5381433963775635 0.6703125238418579 0.0009191176504828036 0.0010416667209938169
0.0 0.15992647409439087 0.7671875357627869 0.0018382353009656072 0.0010416667209938169
0.0 0.41222426295280457 0.6687500476837158 0.0027573530096560717 0.004166666883975267
0.0 0.06341911852359772 0.3515625298023224 0.0018382353009656072 0.0010416667209938169
0.0 0.9425551295280457 0.7203125357627869 0.0009191176504828036 0.0010416667209938169
0.0 0.7536764740943909 0.05104167014360428 0.0018382353009656072 0.0020833334419876337
0.0 0.30101102590560913 0.6380208730697632 0.0009191176504828036 0.0031250002793967724
0.0 0.2587316334247589 0.2864583432674408 0.0009191176504828036 0.0020833334419876337
0.0 0.8961396813392639 0.27812501788139343 0.0018382353009656072 0.0020833334419876337
0.0 0.9816176295280457 0.35364586114883423 0.0018382353009656072 0.0010416667209938169
0.0 0.826286792755127 0.8114583492279053 0.0036764706019312143 0.006250000558793545
0.0 0.9453125 0.8822917342185974 0.0009191176504828036 0.0020833334419876337
0.0 0.26746323704719543 0.9526042342185974 0.0018382353009656072 0.0031250002793967724
0.0 0.09329044073820114 0.37916669249534607 0.0009191176504828036 0.0020833334419876337
0.0 0.9420955777168274 0.1979166716337204 0.0018382353009656072 0.0020833334419876337
0.0 0.7490808963775635 0.42916667461395264 0.0018382353009656072 0.0020833334419876337
0.0 0.27619484066963196 0.7276042103767395 0.0009191176504828036 0.0010416667209938169
0.0 0.5657169222831726 0.5026041865348816 0.0009191176504828036 0.0010416667209938169
0.0 0.6493566036224365 0.17500001192092896 0.0009191176504828036 0.0020833334419876337
0.0 0.46047794818878174 0.5546875 0.0018382353009656072 0.0010416667209938169
0.0 0.3662683963775635 0.8354167342185974 0.0027573530096560717 0.004166666883975267
0.0 0.5395220518112183 0.5088542103767395 0.0018382353009656072 0.0010416667209938169
0.0 0.13327206671237946 0.3973958492279053 0.0018382353009656072 0.0031250002793967724
0.0 0.05055147036910057 0.8114583492279053 0.0018382353009656072 0.0020833334419876337
0.0 0.7688419222831726 0.7437500357627869 0.0009191176504828036 0.0020833334419876337
0.0 0.4563419222831726 0.550000011920929 0.0027573530096560717 0.004166666883975267
0.0 0.1594669073820114 0.8963541984558105 0.0009191176504828036 0.0031250002793967724
0.0 0.5583639740943909 0.4984375238418579 0.0009191176504828036 0.0010416667209938169
0.0 0.46047794818878174 0.503125011920929 0.007352941203862429 0.0020833334419876337
0.0 0.9333639740943909 0.6895833611488342 0.0009191176504828036 0.0020833334419876337
0.0 0.20174632966518402 0.21406251192092896 0.0027573530096560717 0.0031250002793967724
0.0 0.7587316036224365 0.40937501192092896 0.0009191176504828036 0.0020833334419876337
0.0 0.13878676295280457 0.8463541865348816 0.0018382353009656072 0.0031250002793967724
0.0 0.0009191176504828036 0.1145833358168602 0.0018382353009656072 0.0020833334419876337
0.0 0.2890625 0.542187511920929 0.0009191176504828036 0.0010416667209938169
0.0 0.265625 0.8192708492279053 0.0018382353009656072 0.0031250002793967724
0.0 0.4829963147640228 0.6156250238418579 0.004595588427037001 0.004166666883975267
0.0 0.32398897409439087 0.7536458969116211 0.0027573530096560717 0.0031250002793967724
0.0 0.7164521813392639 0.12916667759418488 0.0009191176504828036 0.0020833334419876337
0.0 0.5551470518112183 0.40312501788139343 0.0018382353009656072 0.0020833334419876337
0.0 0.5303308963775635 0.5098958611488342 0.0018382353009656072 0.0010416667209938169
0.0 0.9678308963775635 0.94427090883255 0.0018382353009656072 0.0031250002793967724
0.0 0.9820771813392639 0.29322919249534607 0.0027573530096560717 0.0031250002793967724
0.0 0.3460477888584137 0.7614583969116211 0.0009191176504828036 0.0020833334419876337
0.0 0.576286792755127 0.28333336114883423 0.0018382353009656072 0.0020833334419876337
0.0 0.5500919222831726 0.09791667014360428 0.0009191176504828036 0.0020833334419876337
0.0 0.33226102590560913 0.7390625476837158 0.0009191176504828036 0.0010416667209938169
0.0 0.5142463445663452 0.6380208730697632 0.0009191176504828036 0.0010416667209938169
0.0 0.5790441036224365 0.2942708432674408 0.0018382353009656072 0.0010416667209938169
0.0 0.6034007668495178 0.5171875357627869 0.0009191176504828036 0.0031250002793967724
0.0 0.5073529481887817 0.4364583492279053 0.0018382353009656072 0.0020833334419876337
0.0 0.8901654481887817 0.4114583432674408 0.0009191176504828036 0.0020833334419876337
0.0 0.8855698704719543 0.6260417103767395 0.0009191176504828036 0.0020833334419876337
0.0 0.4967830777168274 0.4854166805744171 0.0009191176504828036 0.0020833334419876337
0.0 0.10202205926179886 0.48489585518836975 0.0018382353009656072 0.0010416667209938169
0.0 0.6746323704719543 0.09791667014360428 0.0018382353009656072 0.0020833334419876337
0.0 0.9007353186607361 0.2083333432674408 0.0018382353009656072 0.0020833334419876337
0.0 0.5776654481887817 0.5906250476837158 0.0009191176504828036 0.0020833334419876337
0.0 0.5790441036224365 0.3552083373069763 0.0018382353009656072 0.0020833334419876337
0.0 0.6190257668495178 0.49791669845581055 0.0009191176504828036 0.0020833334419876337
0.0 0.45726102590560913 0.48750001192092896 0.0027573530096560717 0.0020833334419876337
0.0 0.2977941334247589 0.8479167222976685 0.0018382353009656072 0.004166666883975267
0.0 0.5032169222831726 0.5880208611488342 0.0009191176504828036 0.0010416667209938169
0.0 0.8777573704719543 0.8859375715255737 0.0018382353009656072 0.0010416667209938169
0.0 0.48391544818878174 0.44843751192092896 0.0009191176504828036 0.0031250002793967724
0.0 0.1875 0.7026041746139526 0.0018382353009656072 0.0031250002793967724
0.0 0.23253676295280457 0.8942708969116211 0.009191176854074001 0.0052083334885537624
0.0 0.9558823704719543 0.9343750476837158 0.0018382353009656072 0.0020833334419876337
0.0 0.1484375 0.5250000357627869 0.0009191176504828036 0.0020833334419876337
0.0 0.8869485259056091 0.24635417759418488 0.0018382353009656072 0.0010416667209938169
0.0 0.5693933963775635 0.5281250476837158 0.0009191176504828036 0.0020833334419876337
0.0 0.5739889740943909 0.41354167461395264 0.0009191176504828036 0.0020833334419876337
0.0 0.9554228186607361 0.7427083849906921 0.0027573530096560717 0.0020833334419876337
0.0 0.6222426295280457 0.3203125298023224 0.0018382353009656072 0.0031250002793967724
0.0 0.6144301295280457 0.37552085518836975 0.0027573530096560717 0.0031250002793967724
0.0 0.5514705777168274 0.5708333849906921 0.0018382353009656072 0.0020833334419876337
0.0 0.3037683963775635 0.6234375238418579 0.0009191176504828036 0.0031250002793967724
0.0 0.8409926295280457 0.9822916984558105 0.0018382353009656072 0.004166666883975267
0.0 0.39338234066963196 0.7260417342185974 0.0018382353009656072 0.0020833334419876337
0.0 0.9241728186607361 0.7312500476837158 0.0009191176504828036 0.004166666883975267
0.0 0.5900735259056091 0.8812500238418579 0.0018382353009656072 0.0020833334419876337
0.0 0.7003676295280457 0.12291667610406876 0.0018382353009656072 0.0020833334419876337
0.0 0.7077205777168274 0.42500001192092896 0.0018382353009656072 0.0020833334419876337
0.0 0.25965073704719543 0.6026042103767395 0.0009191176504828036 0.0010416667209938169
0.0 0.18795956671237946 0.46145835518836975 0.0009191176504828036 0.0020833334419876337
0.0 0.34972426295280457 0.7265625596046448 0.0009191176504828036 0.0031250002793967724
0.0 0.7329963445663452 0.0520833358168602 0.0027573530096560717 0.0020833334419876337
0.0 0.5703125 0.4046875238418579 0.004595588427037001 0.0052083334885537624
0.0 0.27297794818878174 0.7031250596046448 0.0018382353009656072 0.0020833334419876337
0.0 0.9751838445663452 0.5947917103767395 0.0018382353009656072 0.0020833334419876337
0.0 0.6631433963775635 0.09062500298023224 0.0009191176504828036 0.0020833334419876337
0.0 0.9453125 0.5307291746139526 0.0027573530096560717 0.0031250002793967724
0.0 0.12040441483259201 0.6770833730697632 0.0018382353009656072 0.0020833334419876337
0.0 0.6461396813392639 0.2802083492279053 0.0018382353009656072 0.0020833334419876337
0.0 0.2826286852359772 0.4671875238418579 0.0009191176504828036 0.0010416667209938169
0.0 0.32536765933036804 0.6442708373069763 0.0018382353009656072 0.0031250002793967724
0.0 0.6190257668495178 0.8708333969116211 0.0009191176504828036 0.0020833334419876337
0.0 0.8644301295280457 0.7739583849906921 0.0009191176504828036 0.0020833334419876337
0.0 0.10753676295280457 0.6067708730697632 0.0018382353009656072 0.0031250002793967724
0.0 0.8970588445663452 0.499479204416275 0.0018382353009656072 0.0031250002793967724
0.0 0.6415441036224365 0.34583336114883423 0.0018382353009656072 0.0020833334419876337
0.0 0.14889706671237946 0.3359375298023224 0.0018382353009656072 0.0031250002793967724
0.0 0.6884191036224365 0.15833334624767303 0.0018382353009656072 0.004166666883975267
0.0 0.1695772111415863 0.9307292103767395 0.0009191176504828036 0.0031250002793967724
0.0 0.4986213147640228 0.5614583492279053 0.0009191176504828036 0.0020833334419876337
0.0 0.890625 0.43281251192092896 0.0018382353009656072 0.0031250002793967724
0.0 0.3272058963775635 0.36406251788139343 0.0018382353009656072 0.0031250002793967724
0.0 0.9471507668495178 0.5026041865348816 0.0027573530096560717 0.0031250002793967724
0.0 0.5721507668495178 0.3359375298023224 0.0027573530096560717 0.0052083334885537624
0.0 0.29963234066963196 0.526562511920929 0.005514706019312143 0.00729166716337204
0.0 0.8878676295280457 0.9880208969116211 0.0018382353009656072 0.0031250002793967724
0.0 0.5795036554336548 0.6354166865348816 0.0009191176504828036 0.0020833334419876337
0.0 0.13189338147640228 0.9281250238418579 0.004595588427037001 0.0020833334419876337
0.0 0.44485294818878174 0.6270833611488342 0.0018382353009656072 0.0020833334419876337
0.0 0.5363051295280457 0.6541666984558105 0.0009191176504828036 0.0020833334419876337
0.0 0.3180147111415863 0.36770835518836975 0.0018382353009656072 0.0020833334419876337
0.0 0.826286792755127 0.8119792342185974 0.0018382353009656072 0.0052083334885537624
0.0 0.3235294222831726 0.7541667222976685 0.0018382353009656072 0.0020833334419876337
0.0 0.5625 0.39114585518836975 0.0036764706019312143 0.00729166716337204
0.0 0.5799632668495178 0.2302083522081375 0.0018382353009656072 0.0020833334419876337
0.0 0.20174632966518402 0.21406251192092896 0.0009191176504828036 0.0031250002793967724
0.0 0.7486213445663452 0.22708334028720856 0.0027573530096560717 0.0020833334419876337
0.0 0.40349265933036804 0.6567708849906921 0.0018382353009656072 0.0031250002793967724
0.0 0.20818014442920685 0.6796875596046448 0.0009191176504828036 0.0031250002793967724
0.0 0.4609375 0.10885417461395264 0.0027573530096560717 0.0031250002793967724
0.0 0.3915441334247589 0.6244791746139526 0.0018382353009656072 0.0031250002793967724
0.0 0.009650735184550285 0.02239583432674408 0.0027573530096560717 0.0031250002793967724
0.0 0.21231617033481598 0.1901041716337204 0.0018382353009656072 0.0031250002793967724
0.0 0.9246323704719543 0.8578125238418579 0.0036764706019312143 0.0031250002793967724
0.0 0.5822610259056091 0.2567708492279053 0.0027573530096560717 0.0031250002793967724
0.0 0.4310661852359772 0.6145833730697632 0.0018382353009656072 0.0020833334419876337
0.0 0.951286792755127 0.8489583730697632 0.0018382353009656072 0.004166666883975267
0.0 0.12637867033481598 0.9536458849906921 0.0027573530096560717 0.0052083334885537624
0.0 0.36672794818878174 0.8364583849906921 0.0018382353009656072 0.004166666883975267
0.0 0.6066176295280457 0.4036458432674408 0.0036764706019312143 0.0052083334885537624
0.0 0.568474292755127 0.1875000149011612 0.0027573530096560717 0.004166666883975267
0.0 0.5376838445663452 0.468229204416275 0.0018382353009656072 0.0031250002793967724
0.0 0.43566176295280457 0.7270833849906921 0.0018382353009656072 0.004166666883975267
0.0 0.33180147409439087 0.7739583849906921 0.0018382353009656072 0.004166666883975267
0.0 0.5689338445663452 0.44687503576278687 0.0018382353009656072 0.0020833334419876337
0.0 0.5891544222831726 0.05052083730697632 0.0018382353009656072 0.0052083334885537624
0.0 0.18152573704719543 0.8312500715255737 0.006433823611587286 0.010416666977107525
0.0 0.34558823704719543 0.5677083730697632 0.005514706019312143 0.004166666883975267
0.0 0.12040441483259201 0.6276041865348816 0.0018382353009656072 0.0031250002793967724
0.0 0.2798713147640228 0.6510416865348816 0.0027573530096560717 0.0020833334419876337
