0.0 0.3639705777168274 0.8661458492279053 0.0036764706019312143 0.0031250002793967724
0.0 0.4921875 0.6447917222976685 0.0009191176504828036 0.0020833334419876337
0.0 0.5363051295280457 0.8880208730697632 0.0009191176504828036 0.0010416667209938169
0.0 0.27711397409439087 0.42500001192092896 0.0009191176504828036 0.0020833334419876337
0.0 0.2789522111415863 0.6833333969116211 0.0009191176504828036 0.0020833334419876337
0.0 0.7578125 0.5442708730697632 0.0009191176504828036 0.0010416667209938169
0.0 0.41590073704719543 0.6171875596046448 0.0009191176504828036 0.0010416667209938169
0.0 0.552849292755127 0.7760416865348816 0.0009191176504828036 0.0020833334419876337
0.0 0.6576286554336548 0.23385417461395264 0.0009191176504828036 0.0010416667209938169
0.0 0.4600183963775635 0.45729169249534607 0.0009191176504828036 0.0020833334419876337
0.0 0.6493566036224365 0.34687501192092896 0.0009191176504828036 0.0020833334419876337
0.0 0.7017463445663452 0.18333333730697632 0.0009191176504828036 0.0020833334419876337
0.0 0.9195771813392639 0.4817708730697632 0.0009191176504828036 0.0010416667209938169
0.0 0.7146139740943909 0.9395833611488342 0.0027573530096560717 0.004166666883975267
0.0 0.9287683963775635 0.02343750186264515 0.0009191176504828036 0.0010416667209938169
0.0 0.3451286852359772 0.8312500715255737 0.0027573530096560717 0.004166666883975267
0.0 0.41773897409439087 0.9661458730697632 0.0009191176504828036 0.0010416667209938169
0.0 0.5399816036224365 0.3291666805744171 0.0009191176504828036 0.0020833334419876337
0.0 0.765625 0.03281250223517418 0.0018382353009656072 0.0010416667209938169
0.0 0.6640625 0.23229168355464935 0.0009191176504828036 0.0020833334419876337
0.0 0.36443015933036804 0.8442708849906921 0.0009191176504828036 0.0010416667209938169
0.0 0.48943015933036804 0.5598958730697632 0.0009191176504828036 0.0010416667209938169
0.0 0.7568933963775635 0.08645834028720856 0.0009191176504828036 0.0020833334419876337
0.0 0.630974292755127 0.3567708432674408 0.0009191176504828036 0.0010416667209938169
0.0 0.7334558963775635 0.6020833849906921 0.0018382353009656072 0.0020833334419876337
0.0 0.7918198704719543 0.05781250447034836 0.0009191176504828036 0.0010416667209938169
0.0 0.5831801295280457 0.19583334028720856 0.0009191176504828036 0.0020833334419876337
0.0 0.6034007668495178 0.40260419249534607 0.0009191176504828036 0.0010416667209938169
0.0 0.3681066334247589 0.4932291805744171 0.0009191176504828036 0.0010416667209938169
0.0 0.6704963445663452 0.27812501788139343 0.0009191176504828036 0.0020833334419876337
0.0 0.6144301295280457 0.33385419845581055 0.0009191176504828036 0.0010416667209938169
0.0 0.5087316036224365 0.6104167103767395 0.0009191176504828036 0.0020833334419876337
0.0 0.9517463445663452 0.6307291984558105 0.0009191176504828036 0.0010416667209938169
0.0 0.27849265933036804 0.30156251788139343 0.0018382353009656072 0.0010416667209938169
0.0 0.6314338445663452 0.3270833492279053 0.0018382353009656072 0.0020833334419876337
0.0 0.6410845518112183 0.25833335518836975 0.0009191176504828036 0.0020833334419876337
0.0 0.20266544818878174 0.2723958492279053 0.0009191176504828036 0.0010416667209938169
0.0 0.5464154481887817 0.4208333492279053 0.0009191176504828036 0.0020833334419876337
0.0 0.23943014442920685 0.9750000238418579 0.0009191176504828036 0.0020833334419876337
0.0 0.8534007668495178 0.5817708373069763 0.0009191176504828036 0.0010416667209938169
0.0 0.787224292755127 0.02864583395421505 0.0009191176504828036 0.0010416667209938169
0.0 0.6364889740943909 0.33802086114883423 0.0009191176504828036 0.0010416667209938169
0.0 0.9397978186607361 0.4958333671092987 0.0009191176504828036 0.0020833334419876337
0.0 0.7035845518112183 0.14010417461395264 0.0009191176504828036 0.0010416667209938169
0.0 0.05055147036910057 0.4453125298023224 0.0018382353009656072 0.0010416667209938169
0.0 0.4554227888584137 0.8854166865348816 0.0009191176504828036 0.0020833334419876337
0.0 0.1663602888584137 0.36927086114883423 0.0018382353009656072 0.0010416667209938169
0.0 0.7522978186607361 0.6156250238418579 0.0009191176504828036 0.0020833334419876337
0.0 0.5482536554336548 0.38697919249534607 0.0009191176504828036 0.0010416667209938169
0.0 0.6135110259056091 0.18802084028720856 0.0009191176504828036 0.0010416667209938169
0.0 0.7081801295280457 0.7312500476837158 0.0009191176504828036 0.0020833334419876337
0.0 0.5340073704719543 0.7427083849906921 0.0018382353009656072 0.0020833334419876337
0.0 0.3524816334247589 0.17500001192092896 0.0009191176504828036 0.0020833334419876337
0.0 0.2679227888584137 0.9635417461395264 0.0009191176504828036 0.0020833334419876337
0.0 0.40119484066963196 0.9541667103767395 0.0009191176504828036 0.0020833334419876337
0.0 0.359375 0.9447917342185974 0.0018382353009656072 0.004166666883975267
0.0 0.9342830777168274 0.9375000596046448 0.0009191176504828036 0.0020833334419876337
0.0 0.802849292755127 0.1119791716337204 0.0009191176504828036 0.0010416667209938169
0.0 0.10523897409439087 0.3083333373069763 0.0009191176504828036 0.0020833334419876337
0.0 0.8956801295280457 0.6151041984558105 0.0009191176504828036 0.0010416667209938169
0.0 0.9002757668495178 0.07760416716337204 0.0009191176504828036 0.0010416667209938169
0.0 0.48391544818878174 0.47812503576278687 0.0009191176504828036 0.0020833334419876337
0.0 0.6608455777168274 0.2760416865348816 0.0018382353009656072 0.0020833334419876337
0.0 0.4554227888584137 0.8104166984558105 0.0009191176504828036 0.0020833334419876337
0.0 0.7385110259056091 0.8020833730697632 0.0009191176504828036 0.0020833334419876337
0.0 0.5657169222831726 0.17760416865348816 0.0009191176504828036 0.0010416667209938169
0.0 0.37775734066963196 0.05416667088866234 0.0018382353009656072 0.0020833334419876337
0.0 0.7486213445663452 0.13125000894069672 0.0009191176504828036 0.0020833334419876337
0.0 0.31663602590560913 0.3005208373069763 0.0009191176504828036 0.0010416667209938169
0.0 0.5510110259056091 0.14114584028720856 0.0009191176504828036 0.0010416667209938169
0.0 0.7495404481887817 0.2718750238418579 0.0009191176504828036 0.0020833334419876337
0.0 0.1773897111415863 0.23072917759418488 0.0018382353009656072 0.0010416667209938169
0.0 0.18612132966518402 0.4541666805744171 0.004595588427037001 0.004166666883975267
0.0 0.8258271813392639 0.483854204416275 0.0009191176504828036 0.0010416667209938169
0.0 0.45726102590560913 0.6255208849906921 0.0009191176504828036 0.0010416667209938169
0.0 0.6553308963775635 0.29479166865348816 0.0018382353009656072 0.0020833334419876337
0.0 0.6787683963775635 0.3411458432674408 0.0009191176504828036 0.0031250002793967724
0.0 0.7357536554336548 0.9244791865348816 0.0009191176504828036 0.0010416667209938169
0.0 0.5482536554336548 0.2802083492279053 0.0009191176504828036 0.0020833334419876337
0.0 0.5220588445663452 0.5093750357627869 0.0018382353009656072 0.0020833334419876337
0.0 0.6420036554336548 0.29635417461395264 0.0009191176504828036 0.0010416667209938169
0.0 0.6167279481887817 0.3526041805744171 0.0018382353009656072 0.0010416667209938169
0.0 0.8800551295280457 0.99114590883255 0.0009191176504828036 0.0031250002793967724
0.0 0.5482536554336548 0.5708333849906921 0.0009191176504828036 0.0020833334419876337
0.0 0.48391544818878174 0.5567708611488342 0.0009191176504828036 0.0010416667209938169
0.0 0.6378676295280457 0.30937501788139343 0.0018382353009656072 0.0020833334419876337
0.0 0.4866727888584137 0.8645833730697632 0.0009191176504828036 0.0020833334419876337
0.0 0.9011948704719543 0.37916669249534607 0.0009191176504828036 0.0020833334419876337
0.0 0.7026654481887817 0.13645833730697632 0.0009191176504828036 0.0020833334419876337
0.0 0.22472426295280457 0.5609375238418579 0.0009191176504828036 0.0010416667209938169
0.0 0.6420036554336548 0.1927083432674408 0.0009191176504828036 0.0020833334419876337
0.0 0.7449448704719543 0.5614583492279053 0.0009191176504828036 0.0020833334419876337
0.0 0.6056985259056091 0.37135419249534607 0.0018382353009656072 0.0031250002793967724
0.0 0.3304227888584137 0.5510417222976685 0.0027573530096560717 0.0020833334419876337
0.0 0.42693015933036804 0.7328125238418579 0.0009191176504828036 0.0031250002793967724
0.0 0.22380514442920685 0.5395833849906921 0.0009191176504828036 0.0020833334419876337
0.0 0.9673713445663452 0.6687500476837158 0.0009191176504828036 0.0020833334419876337
0.0 0.17463235557079315 0.15000000596046448 0.0018382353009656072 0.0020833334419876337
0.0 0.9126838445663452 0.43697917461395264 0.0018382353009656072 0.0010416667209938169
0.0 0.5073529481887817 0.8302083611488342 0.0018382353009656072 0.0020833334419876337
0.0 0.33409926295280457 0.3567708432674408 0.0009191176504828036 0.0010416667209938169
0.0 0.8621323704719543 0.3609375059604645 0.0018382353009656072 0.0010416667209938169
0.0 0.6796875 0.8885416984558105 0.0009191176504828036 0.0020833334419876337
0.0 0.7522978186607361 0.8656250238418579 0.0009191176504828036 0.0020833334419876337
0.0 0.23023897409439087 0.5401042103767395 0.0009191176504828036 0.0010416667209938169
0.0 0.5197610259056091 0.9645833969116211 0.0009191176504828036 0.0020833334419876337
0.0 0.42371323704719543 0.5182291865348816 0.0018382353009656072 0.0031250002793967724
0.0 0.7362132668495178 0.7968750596046448 0.0018382353009656072 0.0020833334419876337
0.0 0.5225183963775635 0.5088542103767395 0.0009191176504828036 0.0031250002793967724
0.0 0.3874080777168274 0.04270833730697632 0.0009191176504828036 0.0020833334419876337
0.0 0.2444852888584137 0.8473958969116211 0.0018382353009656072 0.0031250002793967724
0.0 0.7155330777168274 0.5432292222976685 0.0009191176504828036 0.0010416667209938169
0.0 0.4420955777168274 0.2640625238418579 0.0018382353009656072 0.0052083334885537624
0.0 0.5441176295280457 0.6744791865348816 0.0018382353009656072 0.0031250002793967724
0.0 0.0758272036910057 0.28697916865348816 0.0009191176504828036 0.0031250002793967724
0.0 0.5197610259056091 0.5927083492279053 0.0009191176504828036 0.0020833334419876337
0.0 0.25367647409439087 0.8963541984558105 0.0036764706019312143 0.01145833358168602
0.0 0.5818014740943909 0.3739583492279053 0.0018382353009656072 0.0020833334419876337
0.0 0.4241727888584137 0.5177083611488342 0.0009191176504828036 0.0020833334419876337
0.0 0.2008272111415863 0.4270833432674408 0.0009191176504828036 0.0020833334419876337
0.0 0.5206801295280457 0.6807292103767395 0.0009191176504828036 0.0010416667209938169
0.0 0.14108456671237946 0.43802085518836975 0.0009191176504828036 0.0010416667209938169
0.0 0.9659926295280457 0.5125000476837158 0.0018382353009656072 0.0020833334419876337
0.0 0.7173713445663452 0.6869791746139526 0.0009191176504828036 0.0010416667209938169
0.0 0.9191176295280457 0.8338541984558105 0.0018382353009656072 0.0010416667209938169
0.0 0.33639705181121826 0.22291667759418488 0.0018382353009656072 0.0020833334419876337
0.0 0.935661792755127 0.8307291865348816 0.0018382353009656072 0.0031250002793967724
0.0 0.9609375 0.41354167461395264 0.0009191176504828036 0.0020833334419876337
0.0 0.2711397111415863 0.3213541805744171 0.0018382353009656072 0.0010416667209938169
0.0 0.5147058963775635 0.5984375476837158 0.0018382353009656072 0.0031250002793967724
0.0 0.21001838147640228 0.3505208492279053 0.0009191176504828036 0.0010416667209938169
0.0 0.2568933963775635 0.35104167461395264 0.0009191176504828036 0.0020833334419876337
0.0 0.44255515933036804 0.6796875596046448 0.0009191176504828036 0.0031250002793967724
0.0 0.3423713147640228 0.9895833730697632 0.0027573530096560717 0.004166666883975267
0.0 0.09880514442920685 0.4442708492279053 0.0027573530096560717 0.0031250002793967724
0.0 0.5965073704719543 0.3854166865348816 0.0018382353009656072 0.0020833334419876337
0.0 0.9802389740943909 0.6854166984558105 0.0009191176504828036 0.0020833334419876337
0.0 0.9352021813392639 0.9031250476837158 0.0009191176504828036 0.0020833334419876337
0.0 0.25367647409439087 0.8953125476837158 0.0018382353009656072 0.00937500037252903
0.0 0.7297794222831726 0.792187511920929 0.0018382353009656072 0.0031250002793967724
0.0 0.2522977888584137 0.4609375298023224 0.0009191176504828036 0.0010416667209938169
0.0 0.7109375 0.5682291984558105 0.0009191176504828036 0.0010416667209938169
0.0 0.7320771813392639 0.7010416984558105 0.0009191176504828036 0.0020833334419876337
0.0 0.7964154481887817 0.4020833671092987 0.0009191176504828036 0.0020833334419876337
0.0 0.5845588445663452 0.4177083671092987 0.0018382353009656072 0.0020833334419876337
0.0 0.6070771813392639 0.10104167461395264 0.0009191176504828036 0.0020833334419876337
0.0 0.8083639740943909 0.07916667312383652 0.0009191176504828036 0.0020833334419876337
0.0 0.8010110259056091 0.33020836114883423 0.0009191176504828036 0.0020833334419876337
0.0 0.44255515933036804 0.6552083492279053 0.0009191176504828036 0.004166666883975267
0.0 0.06709558516740799 0.47812503576278687 0.0036764706019312143 0.0020833334419876337
0.0 0.3584558963775635 0.6932291984558105 0.0018382353009656072 0.0031250002793967724
0.0 0.23851102590560913 0.4307291805744171 0.0009191176504828036 0.0031250002793967724
0.0 0.09191176295280457 0.3838541805744171 0.005514706019312143 0.0052083334885537624
0.0 0.2743566334247589 0.23750001192092896 0.0009191176504828036 0.0020833334419876337
0.0 0.28079044818878174 0.6630208492279053 0.0009191176504828036 0.0031250002793967724
0.0 0.29181984066963196 0.4833333492279053 0.0009191176504828036 0.0020833334419876337
0.0 0.9361213445663452 0.43177086114883423 0.0009191176504828036 0.0010416667209938169
0.0 0.4273897111415863 0.6833333969116211 0.0018382353009656072 0.006250000558793545
0.0 0.8193933963775635 0.8062500357627869 0.0009191176504828036 0.0020833334419876337
0.0 0.6920955777168274 0.8828125596046448 0.0018382353009656072 0.0031250002793967724
0.0 0.140625 0.4385416805744171 0.0018382353009656072 0.0020833334419876337
0.0 0.3639705777168274 0.8812500238418579 0.0018382353009656072 0.004166666883975267
0.0 0.8295036554336548 0.7822917103767395 0.0009191176504828036 0.0020833334419876337
0.0 0.6433823704719543 0.3697916865348816 0.0018382353009656072 0.0020833334419876337
0.0 0.16681985557079315 0.38854169845581055 0.0027573530096560717 0.0020833334419876337
0.0 0.4595588147640228 0.41562503576278687 0.0018382353009656072 0.0020833334419876337
0.0 0.4397977888584137 0.8489583730697632 0.0009191176504828036 0.004166666883975267
0.0 0.9806985259056091 0.7760416865348816 0.0018382353009656072 0.0020833334419876337
0.0 0.5363051295280457 0.9067708849906921 0.0009191176504828036 0.0031250002793967724
0.0 0.75 0.8125000596046448 0.0018382353009656072 0.0020833334419876337
0.0 0.44255515933036804 0.2640625238418579 0.0009191176504828036 0.0031250002793967724
0.0 0.9048713445663452 0.6119791865348816 0.0009191176504828036 0.0031250002793967724
0.0 0.6746323704719543 0.22343751788139343 0.0018382353009656072 0.0031250002793967724
0.0 0.46691176295280457 0.7666667103767395 0.0018382353009656072 0.004166666883975267
0.0 0.18612132966518402 0.45364585518836975 0.0027573530096560717 0.0031250002793967724
0.0 0.4967830777168274 0.6020833849906921 0.0009191176504828036 0.0020833334419876337
0.0 0.39797794818878174 0.8333333730697632 0.0018382353009656072 0.004166666883975267
0.0 0.3561580777168274 0.47812503576278687 0.0009191176504828036 0.0020833334419876337
0.0 0.8975183963775635 0.21145834028720856 0.0027573530096560717 0.0020833334419876337
0.0 0.34375 0.7203125357627869 0.0018382353009656072 0.00729166716337204
0.0 0.630974292755127 0.32760417461395264 0.0027573530096560717 0.0031250002793967724
0.0 0.740349292755127 0.2802083492279053 0.0009191176504828036 0.0020833334419876337
0.0 0.6930146813392639 0.9093750715255737 0.0018382353009656072 0.0020833334419876337
0.0 0.6939338445663452 0.9864583611488342 0.0018382353009656072 0.0020833334419876337
0.0 0.7141544222831726 0.9406250715255737 0.0018382353009656072 0.004166666883975267
0.0 0.41590073704719543 0.6625000238418579 0.0009191176504828036 0.004166666883975267
0.0 0.24862132966518402 0.9984375238418579 0.0027573530096560717 0.0031250002793967724
0.0 0.8074448704719543 0.9192708730697632 0.0009191176504828036 0.0031250002793967724
0.0 0.2477022111415863 0.4520833492279053 0.0009191176504828036 0.0020833334419876337
0.0 0.3134191334247589 0.8114583492279053 0.0018382353009656072 0.004166666883975267
0.0 0.19577206671237946 0.25729167461395264 0.0018382353009656072 0.004166666883975267
0.0 0.421875 0.8432292342185974 0.0036764706019312143 0.00937500037252903
0.0 0.48391544818878174 0.41822919249534607 0.0027573530096560717 0.0031250002793967724
0.0 0.09834558516740799 0.4437500238418579 0.0018382353009656072 0.0020833334419876337
0.0 0.8359375 0.43177086114883423 0.0009191176504828036 0.0031250002793967724
0.0 0.17141544818878174 0.6807292103767395 0.004595588427037001 0.0052083334885537624
0.0 0.7362132668495178 0.11614584177732468 0.0018382353009656072 0.0031250002793967724
0.0 0.2591911852359772 0.31562501192092896 0.0018382353009656072 0.0020833334419876337
0.0 0.3639705777168274 0.8666667342185974 0.0018382353009656072 0.004166666883975267
0.0 0.34420955181121826 0.8578125238418579 0.0027573530096560717 0.0052083334885537624
0.0 0.42922794818878174 0.27031251788139343 0.0018382353009656072 0.0031250002793967724
0.0 0.935661792755127 0.9937500357627869 0.0018382353009656072 0.004166666883975267
0.0 0.9393382668495178 0.13177083432674408 0.0036764706019312143 0.0031250002793967724
0.0 0.5399816036224365 0.6031250357627869 0.0027573530096560717 0.004166666883975267
0.0 0.4499080777168274 0.7526041865348816 0.0027573530096560717 0.0052083334885537624
0.0 0.34788602590560913 0.5682291984558105 0.004595588427037001 0.00937500037252903
0.0 0.3501838147640228 0.12343750894069672 0.007352941203862429 0.0052083334885537624
