0 0.740349 0.958854 0.000919 0.001042
0 0.832261 0.782292 0.000919 0.002083
0 0.792739 0.371354 0.000919 0.001042
0 0.724724 0.265625 0.000919 0.002083
0 0.808364 0.813542 0.000919 0.002083
0 0.796415 0.831771 0.000919 0.001042
0 0.903033 0.562500 0.000919 0.002083
0 0.687040 0.747396 0.000919 0.001042
0 0.284467 0.648438 0.000919 0.001042
0 0.735754 0.946875 0.000919 0.002083
0 0.978401 0.935938 0.000919 0.001042
0 0.077665 0.896354 0.000919 0.001042
0 0.021599 0.653125 0.000919 0.002083
0 0.915901 0.574479 0.000919 0.001042
0 0.720129 0.606250 0.000919 0.002083
0 0.663143 0.500521 0.000919 0.001042
0 0.640625 0.693229 0.001838 0.003125
0 0.373162 0.742708 0.001838 0.002083
0 0.963695 0.521875 0.000919 0.002083
0 0.473805 0.691146 0.000919 0.001042
0 0.981158 0.406771 0.000919 0.001042
0 0.734835 0.509896 0.000919 0.001042
0 0.974724 0.299479 0.000919 0.001042
0 0.785386 0.137500 0.000919 0.002083
0 0.892923 0.696875 0.000919 0.002083
0 0.723805 0.567188 0.000919 0.001042
0 0.861673 0.482292 0.000919 0.002083
0 0.717371 0.951563 0.000919 0.001042
0 0.948070 0.042188 0.000919 0.001042
0 0.938879 0.553646 0.000919 0.001042
0 0.689798 0.576563 0.000919 0.001042
0 0.918199 0.269271 0.001838 0.001042
0 0.877298 0.554688 0.000919 0.001042
0 0.922335 0.648438 0.000919 0.001042
0 0.933364 0.593229 0.000919 0.001042
0 0.885570 0.667188 0.000919 0.001042
0 0.863051 0.765104 0.001838 0.003125
0 0.067555 0.945833 0.000919 0.002083
0 0.128217 0.971354 0.000919 0.001042
0 0.782629 0.586458 0.000919 0.002083
0 0.927849 0.569792 0.000919 0.002083
0 0.958180 0.661979 0.000919 0.001042
0 0.836857 0.741146 0.000919 0.003125
0 0.799173 0.815625 0.000919 0.002083
0 0.846967 0.671354 0.000919 0.001042
0 0.751379 0.467708 0.000919 0.002083
0 0.293658 0.785938 0.000919 0.001042
0 0.397518 0.603125 0.000919 0.002083
0 0.869026 0.548958 0.000919 0.002083
0 0.857077 0.688021 0.000919 0.001042
0 0.728401 0.640104 0.000919 0.001042
0 0.988511 0.358333 0.000919 0.002083
0 0.860754 0.616146 0.000919 0.001042
0 0.936121 0.577604 0.000919 0.001042
0 0.703585 0.635938 0.000919 0.001042
0 0.736673 0.661979 0.000919 0.001042
0 0.912224 0.633854 0.000919 0.001042
0 0.956342 0.380208 0.000919 0.002083
0 0.923254 0.535417 0.000919 0.002083
0 0.863511 0.722396 0.000919 0.001042
0 0.388327 0.553646 0.000919 0.001042
0 0.354320 0.721875 0.000919 0.002083
0 0.688879 0.698438 0.000919 0.001042
0 0.819393 0.874479 0.000919 0.001042
0 0.636029 0.773438 0.001838 0.001042
0 0.911305 0.579167 0.000919 0.002083
0 0.767923 0.653646 0.000919 0.001042
0 0.767004 0.868750 0.000919 0.002083
0 0.933824 0.568229 0.001838 0.001042
0 0.462316 0.644271 0.001838 0.001042
0 0.988511 0.408333 0.000919 0.002083
0 0.561121 0.812500 0.000919 0.002083
0 0.795496 0.822396 0.000919 0.001042
0 0.776195 0.986458 0.000919 0.002083
0 0.984835 0.807813 0.000919 0.001042
0 0.604320 0.892708 0.000919 0.002083
0 0.748621 0.574479 0.000919 0.001042
0 0.941636 0.950000 0.000919 0.002083
0 0.921415 0.495313 0.000919 0.001042
0 0.718290 0.914063 0.002757 0.007292
0 0.922335 0.298958 0.000919 0.002083
0 0.926011 0.884896 0.000919 0.001042
0 0.669577 0.826042 0.000919 0.002083
0 0.669577 0.825000 0.000919 0.002083
0 0.754136 0.213021 0.000919 0.001042
0 0.824908 0.957292 0.000919 0.002083
0 0.927849 0.647917 0.000919 0.002083
0 0.963695 0.439063 0.000919 0.001042
0 0.847426 0.633333 0.001838 0.004167
0 0.974724 0.518229 0.000919 0.001042
0 0.859835 0.339063 0.000919 0.001042
0 0.960938 0.765104 0.000919 0.001042
0 0.784467 0.892708 0.000919 0.002083
0 0.758732 0.671354 0.000919 0.001042
0 0.658548 0.628646 0.000919 0.001042
0 0.992188 0.430208 0.000919 0.002083
0 0.768382 0.857813 0.001838 0.003125
0 0.707261 0.710938 0.000919 0.001042
0 0.829963 0.244271 0.001838 0.001042
0 0.754596 0.900000 0.001838 0.002083
0 0.678768 0.654167 0.000919 0.002083
0 0.784467 0.892708 0.002757 0.002083
0 0.654871 0.606771 0.000919 0.001042
0 0.770680 0.838542 0.000919 0.002083
0 0.677849 0.508854 0.000919 0.001042
0 0.761489 0.702083 0.000919 0.002083
0 0.861213 0.713021 0.001838 0.001042
0 0.824449 0.754688 0.001838 0.001042
0 0.832261 0.876563 0.000919 0.001042
0 0.876838 0.107813 0.001838 0.001042
0 0.749081 0.480208 0.001838 0.002083
0 0.767923 0.858854 0.000919 0.003125
0 0.869026 0.463021 0.000919 0.001042
0 0.908548 0.553646 0.000919 0.001042
0 0.750000 0.888542 0.001838 0.002083
0 0.742188 0.975000 0.000919 0.002083
0 0.920496 0.455729 0.000919 0.001042
0 0.885570 0.626563 0.000919 0.001042
0 0.879136 0.646875 0.000919 0.002083
0 0.985754 0.511458 0.000919 0.002083
0 0.856618 0.736458 0.001838 0.002083
0 0.773438 0.902083 0.000919 0.002083
0 0.857996 0.850000 0.000919 0.002083
0 0.872702 0.600000 0.000919 0.002083
0 0.911305 0.643750 0.000919 0.002083
0 0.805147 0.858854 0.001838 0.003125
0 0.498162 0.910938 0.001838 0.003125
0 0.793199 0.899479 0.001838 0.003125
0 0.756893 0.870833 0.000919 0.002083
0 0.588235 0.759375 0.001838 0.004167
0 0.962316 0.598958 0.001838 0.002083
0 0.804228 0.827083 0.001838 0.002083
0 0.658088 0.697917 0.001838 0.002083
0 0.727482 0.510938 0.000919 0.001042
0 0.850184 0.760417 0.001838 0.002083
0 0.889246 0.605208 0.000919 0.002083
0 0.746783 0.711979 0.000919 0.001042
0 0.895680 0.722917 0.000919 0.002083
0 0.980699 0.394792 0.001838 0.002083
0 0.850184 0.717708 0.003676 0.002083
0 0.889706 0.158333 0.001838 0.002083
0 0.689338 0.879167 0.001838 0.002083
0 0.773897 0.408854 0.001838 0.001042
0 0.417739 0.564063 0.000919 0.001042
0 0.762408 0.891667 0.000919 0.002083
0 0.937500 0.594792 0.001838 0.002083
0 0.031250 0.731771 0.014706 0.015625
0 0.494026 0.823438 0.006434 0.009375
0 0.755974 0.982292 0.000919 0.002083
0 0.727022 0.611979 0.001838 0.007292
0 0.835938 0.697917 0.000919 0.002083
0 0.977022 0.841667 0.001838 0.002083
0 0.875000 0.372396 0.001838 0.003125
0 0.851562 0.571875 0.002757 0.004167
0 0.832261 0.816667 0.002757 0.004167
0 0.284467 0.822396 0.000919 0.003125
0 0.967831 0.463021 0.001838 0.003125
0 0.841912 0.522396 0.003676 0.005208
0 0.490809 0.665104 0.003676 0.005208
0 0.229779 0.263542 0.007353 0.010417
0 0.845129 0.692708 0.004596 0.008333
0 0.358915 0.807292 0.011949 0.016667
0 0.357537 0.654688 0.005515 0.005208
0 0.458640 0.713542 0.005515 0.006250
