0 0.941176 0.104688 0.001838 0.001042
0 0.498621 0.179688 0.000919 0.001042
0 0.586857 0.085417 0.000919 0.002083
0 0.049173 0.351042 0.000919 0.002083
0 0.304688 0.435417 0.000919 0.002083
0 0.522518 0.217708 0.000919 0.002083
0 0.223346 0.188021 0.001838 0.001042
0 0.916360 0.456771 0.001838 0.003125
0 0.241268 0.485938 0.004596 0.003125
0 0.737132 0.444792 0.001838 0.002083
0 0.124540 0.263021 0.000919 0.001042
0 0.558824 0.604167 0.001838 0.002083
0 0.346507 0.376042 0.001838 0.002083
0 0.107077 0.931250 0.000919 0.002083
0 0.466452 0.193750 0.000919 0.002083
0 0.185662 0.651563 0.001838 0.001042
0 0.932445 0.533854 0.000919 0.001042
0 0.091452 0.597396 0.004596 0.005208
0 0.935202 0.618229 0.002757 0.001042
0 0.213235 0.202604 0.001838 0.003125
0 0.488971 0.157813 0.001838 0.001042
0 0.904871 0.366667 0.000919 0.002083
0 0.702665 0.970833 0.000919 0.002083
0 0.861673 0.618229 0.000919 0.001042
0 0.634651 0.842188 0.000919 0.001042
0 0.442096 0.197396 0.001838 0.001042
0 0.009651 0.468229 0.000919 0.001042
0 0.211397 0.468229 0.001838 0.001042
0 0.250460 0.935417 0.002757 0.002083
0 0.465993 0.194271 0.001838 0.001042
0 0.622702 0.825521 0.000919 0.001042
0 0.583640 0.222917 0.001838 0.002083
0 0.552390 0.050000 0.001838 0.002083
0 0.441636 0.197917 0.000919 0.002083
0 0.517004 0.159896 0.000919 0.001042
0 0.007353 0.759375 0.001838 0.002083
0 0.523438 0.334375 0.000919 0.002083
0 0.745864 0.062500 0.000919 0.002083
0 0.208640 0.254688 0.001838 0.003125
0 0.209099 0.254688 0.000919 0.001042
0 0.698989 0.843229 0.002757 0.001042
0 0.223805 0.644792 0.000919 0.002083
0 0.119945 0.832813 0.000919 0.003125
0 0.458180 0.327083 0.000919 0.002083
0 0.089614 0.806771 0.000919 0.001042
0 0.105699 0.180208 0.001838 0.002083
0 0.551011 0.143750 0.000919 0.002083
0 0.506893 0.332813 0.000919 0.001042
0 0.977482 0.852604 0.000919 0.001042
0 0.798254 0.696354 0.000919 0.001042
0 0.539982 0.207813 0.000919 0.001042
0 0.379136 0.093229 0.000919 0.001042
0 0.358915 0.641667 0.002757 0.004167
0 0.535386 0.047917 0.000919 0.002083
0 0.322151 0.395833 0.000919 0.002083
0 0.615809 0.042708 0.001838 0.002083
0 0.275276 0.902604 0.000919 0.001042
0 0.389246 0.376563 0.000919 0.001042
0 0.492188 0.037500 0.000919 0.002083
0 0.565717 0.093750 0.000919 0.002083
0 0.472426 0.295313 0.003676 0.003125
0 0.652114 0.105729 0.000919 0.001042
0 0.546875 0.080208 0.001838 0.004167
0 0.707261 0.854167 0.000919 0.002083
0 0.032629 0.107813 0.000919 0.001042
0 0.369026 0.651563 0.000919 0.001042
0 0.183364 0.542188 0.000919 0.001042
0 0.486673 0.129688 0.000919 0.001042
0 0.988051 0.576042 0.001838 0.002083
0 0.606158 0.674479 0.000919 0.001042
0 0.793199 0.832813 0.001838 0.001042
0 0.370404 0.124479 0.001838 0.001042
0 0.346967 0.394271 0.000919 0.001042
0 0.189338 0.406771 0.001838 0.001042
0 0.627298 0.575000 0.000919 0.002083
0 0.532629 0.133333 0.000919 0.002083
0 0.562960 0.154688 0.000919 0.001042
0 0.245404 0.483333 0.001838 0.002083
0 0.467831 0.167708 0.001838 0.002083
0 0.045037 0.425521 0.001838 0.001042
0 0.561121 0.278646 0.000919 0.003125
0 0.722886 0.848958 0.000919 0.002083
0 0.444853 0.243750 0.001838 0.002083
0 0.539982 0.125000 0.002757 0.006250
0 0.088695 0.100521 0.000919 0.001042
0 0.714614 0.738021 0.000919 0.001042
0 0.917279 0.382813 0.001838 0.001042
0 0.451287 0.362500 0.001838 0.002083
0 0.307445 0.417188 0.000919 0.003125
0 0.176930 0.482292 0.000919 0.002083
0 0.717371 0.163021 0.000919 0.001042
0 0.811121 0.694271 0.000919 0.001042
0 0.075827 0.416146 0.000919 0.001042
0 0.245404 0.497396 0.001838 0.001042
0 0.587316 0.115625 0.001838 0.002083
0 0.244026 0.028646 0.002757 0.001042
0 0.245404 0.400521 0.001838 0.003125
0 0.500460 0.238542 0.000919 0.002083
0 0.489430 0.096875 0.000919 0.002083
0 0.740349 0.721875 0.000919 0.002083
0 0.277574 0.169792 0.001838 0.002083
0 0.682445 0.783854 0.000919 0.001042
0 0.546875 0.135417 0.003676 0.004167
0 0.888327 0.375000 0.000919 0.002083
0 0.119485 0.571875 0.001838 0.002083
0 0.966912 0.892188 0.001838 0.001042
0 0.293658 0.217188 0.004596 0.005208
0 0.897518 0.345833 0.000919 0.002083
0 0.554688 0.096875 0.000919 0.002083
0 0.172335 0.391146 0.000919 0.001042
0 0.844669 0.027604 0.001838 0.003125
0 0.075827 0.626563 0.000919 0.003125
0 0.948070 0.511458 0.002757 0.004167
0 0.678309 0.783333 0.001838 0.002083
0 0.681526 0.819271 0.000919 0.001042
0 0.337776 0.585938 0.000919 0.001042
0 0.742188 0.384375 0.000919 0.002083
0 0.523438 0.322396 0.000919 0.003125
0 0.195772 0.346354 0.001838 0.001042
0 0.447151 0.327604 0.000919 0.001042
0 0.270221 0.438542 0.001838 0.002083
0 0.214154 0.332292 0.001838 0.002083
0 0.948989 0.711979 0.000919 0.001042
0 0.860754 0.748958 0.000919 0.002083
0 0.016085 0.114063 0.000919 0.001042
0 0.988051 0.550521 0.001838 0.001042
0 0.853860 0.050000 0.001838 0.002083
0 0.060202 0.080208 0.000919 0.002083
0 0.215533 0.775521 0.000919 0.003125
0 0.662224 0.800000 0.000919 0.002083
0 0.140165 0.513542 0.000919 0.002083
0 0.852482 0.148438 0.000919 0.001042
0 0.116268 0.713542 0.000919 0.002083
0 0.938419 0.062500 0.001838 0.002083
0 0.058824 0.529688 0.001838 0.001042
0 0.419118 0.295833 0.001838 0.002083
0 0.098346 0.400000 0.001838 0.002083
0 0.280331 0.315104 0.001838 0.001042
0 0.715993 0.717188 0.001838 0.001042
0 0.598805 0.792188 0.000919 0.001042
0 0.444853 0.244792 0.001838 0.002083
0 0.584099 0.641146 0.000919 0.003125
0 0.991268 0.508333 0.000919 0.002083
0 0.594210 0.072917 0.000919 0.002083
0 0.485754 0.984896 0.000919 0.003125
0 0.430607 0.662500 0.000919 0.002083
0 0.911305 0.481250 0.000919 0.002083
0 0.155790 0.445833 0.000919 0.002083
0 0.958640 0.502604 0.001838 0.001042
0 0.874081 0.724479 0.001838 0.003125
0 0.547794 0.169792 0.001838 0.002083
0 0.834099 0.738542 0.000919 0.002083
0 0.532169 0.831250 0.001838 0.002083
0 0.277114 0.530208 0.000919 0.002083
0 0.186121 0.507812 0.000919 0.001042
0 0.433364 0.305208 0.000919 0.002083
0 0.858456 0.555729 0.001838 0.001042
0 0.335018 0.825000 0.000919 0.002083
0 0.294118 0.413021 0.001838 0.003125
0 0.383272 0.300521 0.001838 0.001042
0 0.900276 0.610938 0.000919 0.001042
0 0.599724 0.969271 0.000919 0.003125
0 0.909926 0.211979 0.001838 0.001042
0 0.013327 0.762500 0.004596 0.004167
0 0.937040 0.276563 0.000919 0.001042
0 0.717371 0.786458 0.000919 0.002083
0 0.861673 0.213542 0.000919 0.002083
0 0.751838 0.850000 0.001838 0.002083
0 0.977482 0.748958 0.000919 0.002083
0 0.152574 0.503646 0.003676 0.001042
0 0.101562 0.322917 0.000919 0.002083
0 0.851562 0.302083 0.000919 0.002083
0 0.764706 0.891146 0.001838 0.001042
0 0.901654 0.757813 0.001838 0.003125
0 0.678309 0.159896 0.001838 0.001042
0 0.405790 0.335938 0.002757 0.005208
0 0.274816 0.352604 0.001838 0.001042
0 0.270680 0.438021 0.000919 0.001042
0 0.395221 0.326563 0.001838 0.001042
0 0.722886 0.773438 0.000919 0.003125
0 0.519301 0.184375 0.001838 0.002083
0 0.359375 0.642708 0.001838 0.004167
0 0.231158 0.605729 0.000919 0.003125
0 0.274357 0.447396 0.002757 0.003125
0 0.620864 0.908854 0.000919 0.003125
0 0.740349 0.664583 0.000919 0.002083
0 0.916360 0.737500 0.001838 0.004167
0 0.607077 0.509375 0.000919 0.002083
0 0.379596 0.310938 0.001838 0.007292
0 0.563879 0.308333 0.000919 0.002083
0 0.107537 0.608333 0.003676 0.004167
0 0.192555 0.439063 0.004596 0.005208
0 0.342831 0.781771 0.001838 0.003125
0 0.660386 0.999479 0.002757 0.001042
0 0.044118 0.552083 0.001838 0.002083
0 0.811121 0.551042 0.000919 0.002083
0 0.950368 0.731250 0.001838 0.004167
0 0.329963 0.411979 0.001838 0.003125
0 0.897518 0.747917 0.002757 0.004167
0 0.306985 0.091146 0.001838 0.003125
0 0.917279 0.457292 0.001838 0.002083
0 0.603401 0.480208 0.000919 0.002083
0 0.755974 0.829688 0.000919 0.003125
0 0.364890 0.454688 0.001838 0.003125
0 0.842371 0.700521 0.004596 0.001042
0 0.342831 0.888021 0.001838 0.003125
0 0.985754 0.701042 0.002757 0.002083
0 0.797335 0.430729 0.000919 0.003125
0 0.314338 0.089063 0.001838 0.003125
0 0.620404 0.932292 0.001838 0.002083
0 0.816636 0.680208 0.002757 0.004167
0 0.908088 0.232292 0.001838 0.002083
0 0.575827 0.487500 0.000919 0.002083
0 0.182445 0.406250 0.000919 0.002083
0 0.135570 0.281771 0.002757 0.003125
0 0.429228 0.376563 0.001838 0.003125
0 0.569393 0.887500 0.000919 0.002083
0 0.778952 0.672917 0.002757 0.006250
0 0.827206 0.682292 0.001838 0.002083
0 0.148438 0.522396 0.002757 0.003125
0 0.581342 0.136979 0.002757 0.005208
0 0.935202 0.848958 0.002757 0.004167
0 0.055607 0.685938 0.004596 0.005208
0 0.447151 0.210417 0.002757 0.006250
0 0.828585 0.727083 0.002757 0.004167
0 0.338235 0.253646 0.005515 0.003125
0 0.891085 0.464063 0.002757 0.003125
0 0.623621 0.956771 0.002757 0.005208
0 0.625000 0.984896 0.005515 0.009375
