0.0 0.8878676295280457 0.2380208522081375 0.0018382353009656072 0.0031250002793967724
0.0 0.6328125 0.7166666984558105 0.0009191176504828036 0.0020833334419876337
0.0 0.7477021813392639 0.5989583730697632 0.0009191176504828036 0.0020833334419876337
0.0 0.6383271813392639 0.7135416865348816 0.0009191176504828036 0.0020833334419876337
0.0 0.7679228186607361 0.3984375298023224 0.0009191176504828036 0.0010416667209938169
0.0 0.6199448704719543 0.3427083492279053 0.0009191176504828036 0.0020833334419876337
0.0 0.6539521813392639 0.7552083730697632 0.0009191176504828036 0.0020833334419876337
0.0 0.5078125 0.8536458611488342 0.0009191176504828036 0.0031250002793967724
0.0 0.5390625 0.5822917222976685 0.0009191176504828036 0.0020833334419876337
0.0 0.6677389740943909 0.6625000238418579 0.0009191176504828036 0.0020833334419876337
0.0 0.6300551295280457 0.27812501788139343 0.0009191176504828036 0.0020833334419876337
0.0 0.6824448704719543 0.5713542103767395 0.0009191176504828036 0.0010416667209938169
0.0 0.07352941483259201 0.6536458730697632 0.0018382353009656072 0.0010416667209938169
0.0 0.6594669222831726 0.40937501192092896 0.0009191176504828036 0.0020833334419876337
0.0 0.7274816036224365 0.20208334922790527 0.0009191176504828036 0.0020833334419876337
0.0 0.9862132668495178 0.2458333522081375 0.0036764706019312143 0.0020833334419876337
0.0 0.5891544222831726 0.8088542222976685 0.0018382353009656072 0.0031250002793967724
0.0 0.6204044222831726 0.7369791865348816 0.0018382353009656072 0.0031250002793967724
0.0 0.45128676295280457 0.7385417222976685 0.0018382353009656072 0.0020833334419876337
0.0 0.7706801295280457 0.7468750476837158 0.0009191176504828036 0.0020833334419876337
0.0 0.7568933963775635 0.43541669845581055 0.0009191176504828036 0.0020833334419876337
0.0 0.7886029481887817 0.4411458671092987 0.0018382353009656072 0.0031250002793967724
0.0 0.48253676295280457 0.3812500238418579 0.0018382353009656072 0.0020833334419876337
0.0 0.6447610259056091 0.6510416865348816 0.0009191176504828036 0.0020833334419876337
0.0 0.7789521813392639 0.8338541984558105 0.0009191176504828036 0.0031250002793967724
0.0 0.7890625 0.4140625298023224 0.0009191176504828036 0.0010416667209938169
0.0 0.6185661554336548 0.7666667103767395 0.0018382353009656072 0.004166666883975267
0.0 0.5900735259056091 0.8145833611488342 0.0018382353009656072 0.008333333767950535
0.0 0.6420036554336548 0.5161458849906921 0.0009191176504828036 0.0010416667209938169
0.0 0.982536792755127 0.5875000357627869 0.0018382353009656072 0.0020833334419876337
0.0 0.8313419222831726 0.3604166805744171 0.0009191176504828036 0.0020833334419876337
0.0 0.30744484066963196 0.9140625596046448 0.0009191176504828036 0.0031250002793967724
0.0 0.8993566036224365 0.8109375238418579 0.0027573530096560717 0.0031250002793967724
0.0 0.5464154481887817 0.6552083492279053 0.0009191176504828036 0.0020833334419876337
0.0 0.8547794222831726 0.32760417461395264 0.0018382353009656072 0.0010416667209938169
0.0 0.8699448704719543 0.37187501788139343 0.0009191176504828036 0.0020833334419876337
0.0 0.896599292755127 0.4661458432674408 0.0009191176504828036 0.0010416667209938169
0.0 0.9692095518112183 0.2588541805744171 0.0009191176504828036 0.0010416667209938169
0.0 0.4195772111415863 0.31562501192092896 0.0009191176504828036 0.0020833334419876337
0.0 0.6190257668495178 0.4010416865348816 0.0009191176504828036 0.0020833334419876337
0.0 0.5886948704719543 0.7885417342185974 0.0009191176504828036 0.0020833334419876337
0.0 0.740349292755127 0.5880208611488342 0.0009191176504828036 0.0010416667209938169
0.0 0.8019301295280457 0.3307291865348816 0.0009191176504828036 0.0010416667209938169
0.0 0.7008271813392639 0.5864583849906921 0.0009191176504828036 0.0020833334419876337
0.0 0.8037683963775635 0.15468750894069672 0.0009191176504828036 0.0010416667209938169
0.0 0.8046875 0.3619791865348816 0.0009191176504828036 0.0010416667209938169
0.0 0.6723345518112183 0.3395833373069763 0.0009191176504828036 0.0020833334419876337
0.0 0.5776654481887817 0.8359375596046448 0.0009191176504828036 0.0031250002793967724
0.0 0.6475183963775635 0.3203125298023224 0.0009191176504828036 0.0010416667209938169
0.0 0.8373161554336548 0.02239583432674408 0.0018382353009656072 0.0010416667209938169
0.0 0.7532169222831726 0.4125000238418579 0.0009191176504828036 0.0020833334419876337
0.0 0.484375 0.48645836114883423 0.0036764706019312143 0.004166666883975267
0.0 0.8143382668495178 0.17760416865348816 0.0018382353009656072 0.0031250002793967724
0.0 0.7863051295280457 0.3125000298023224 0.0009191176504828036 0.0020833334419876337
0.0 0.6925551295280457 0.5192708373069763 0.0009191176504828036 0.0010416667209938169
0.0 0.4912683963775635 0.6927083730697632 0.0009191176504828036 0.0020833334419876337
0.0 0.7702205777168274 0.9901041984558105 0.0018382353009656072 0.0031250002793967724
0.0 0.04733455926179886 0.9140625596046448 0.0027573530096560717 0.0031250002793967724
0.0 0.7784926295280457 0.4114583432674408 0.0018382353009656072 0.0020833334419876337
0.0 0.8768382668495178 0.4843750298023224 0.0018382353009656072 0.0020833334419876337
0.0 0.7780330777168274 0.43906253576278687 0.0009191176504828036 0.0031250002793967724
0.0 0.9370404481887817 0.24322918057441711 0.0009191176504828036 0.0010416667209938169
0.0 0.9476103186607361 0.8270833492279053 0.0018382353009656072 0.0020833334419876337
0.0 0.6530330777168274 0.6645833849906921 0.0009191176504828036 0.0020833334419876337
0.0 0.2568933963775635 0.7156250476837158 0.0009191176504828036 0.0020833334419876337
0.0 0.693474292755127 0.4088541865348816 0.0009191176504828036 0.0010416667209938169
0.0 0.9030330777168274 0.19062501192092896 0.0009191176504828036 0.0020833334419876337
0.0 0.6516544222831726 0.9526042342185974 0.0018382353009656072 0.0031250002793967724
0.0 0.2725183963775635 0.6489583849906921 0.0009191176504828036 0.0020833334419876337
0.0 0.36213234066963196 0.8687500357627869 0.0018382353009656072 0.0020833334419876337
0.0 0.4742647111415863 0.6432291865348816 0.0018382353009656072 0.0031250002793967724
0.0 0.7072610259056091 0.5005208849906921 0.0009191176504828036 0.0031250002793967724
0.0 0.5905330777168274 0.8151041865348816 0.0009191176504828036 0.0052083334885537624
0.0 0.7596507668495178 0.7734375596046448 0.0009191176504828036 0.0031250002793967724
0.0 0.6980698704719543 0.5083333849906921 0.0009191176504828036 0.0020833334419876337
0.0 0.662224292755127 0.6432291865348816 0.0009191176504828036 0.0031250002793967724
0.0 0.3414522111415863 0.8609375357627869 0.0009191176504828036 0.0031250002793967724
0.0 0.6208639740943909 0.3552083373069763 0.0009191176504828036 0.0020833334419876337
0.0 0.6263786554336548 0.4833333492279053 0.0009191176504828036 0.0020833334419876337
0.0 0.20588235557079315 0.6911458969116211 0.0018382353009656072 0.0031250002793967724
0.0 0.6571691036224365 0.6640625596046448 0.0018382353009656072 0.0031250002793967724
0.0 0.8635110259056091 0.6260417103767395 0.0027573530096560717 0.0020833334419876337
0.0 0.6810661554336548 0.3427083492279053 0.0018382353009656072 0.0020833334419876337
0.0 0.3897058963775635 0.7244791984558105 0.0018382353009656072 0.0031250002793967724
0.0 0.4545036852359772 0.9739583730697632 0.0009191176504828036 0.004166666883975267
0.0 0.6649816036224365 0.5348958373069763 0.0009191176504828036 0.0031250002793967724
0.0 0.4990808963775635 0.9760417342185974 0.0018382353009656072 0.004166666883975267
0.0 0.7798713445663452 0.49375003576278687 0.0009191176504828036 0.0020833334419876337
0.0 0.7605698704719543 0.7052083611488342 0.0009191176504828036 0.0020833334419876337
0.0 0.4522058963775635 0.7380208969116211 0.0018382353009656072 0.0031250002793967724
0.0 0.5721507668495178 0.5250000357627869 0.0009191176504828036 0.0020833334419876337
0.0 0.6208639740943909 0.737500011920929 0.0009191176504828036 0.0020833334419876337
0.0 0.31525734066963196 0.4833333492279053 0.0018382353009656072 0.0020833334419876337
0.0 0.36902573704719543 0.4208333492279053 0.0009191176504828036 0.0020833334419876337
0.0 0.7375919222831726 0.48125001788139343 0.0009191176504828036 0.0020833334419876337
0.0 0.7238051295280457 0.6187500357627869 0.0009191176504828036 0.0020833334419876337
0.0 0.6392463445663452 0.2750000059604645 0.0009191176504828036 0.0020833334419876337
0.0 0.7467830777168274 0.9098958969116211 0.0027573530096560717 0.0052083334885537624
0.0 0.5772058963775635 0.9479166865348816 0.0018382353009656072 0.004166666883975267
0.0 0.875 0.33020836114883423 0.0018382353009656072 0.0020833334419876337
0.0 0.5955882668495178 0.6395833492279053 0.0018382353009656072 0.0020833334419876337
0.0 0.709099292755127 0.5901042222976685 0.0009191176504828036 0.0031250002793967724
0.0 0.6383271813392639 0.6786458492279053 0.0009191176504828036 0.0031250002793967724
0.0 0.6580882668495178 0.6640625596046448 0.0018382353009656072 0.0031250002793967724
0.0 0.7610294222831726 0.47343751788139343 0.0018382353009656072 0.0031250002793967724
0.0 0.6649816036224365 0.6791666746139526 0.0009191176504828036 0.0020833334419876337
0.0 0.6852021813392639 0.8395833969116211 0.0009191176504828036 0.0020833334419876337
0.0 0.7261029481887817 0.6338542103767395 0.0018382353009656072 0.0031250002793967724
0.0 0.7784926295280457 0.27812501788139343 0.0018382353009656072 0.004166666883975267
0.0 0.6530330777168274 0.7770833969116211 0.0009191176504828036 0.0020833334419876337
0.0 0.5749080777168274 0.7447916865348816 0.0009191176504828036 0.0020833334419876337
0.0 0.38005515933036804 0.9656250476837158 0.0009191176504828036 0.004166666883975267
0.0 0.693474292755127 0.5760416984558105 0.0009191176504828036 0.0020833334419876337
0.0 0.1930147111415863 0.7625000476837158 0.0018382353009656072 0.004166666883975267
0.0 0.6181066036224365 0.7666667103767395 0.0009191176504828036 0.0020833334419876337
0.0 0.7757353186607361 0.39375001192092896 0.0036764706019312143 0.004166666883975267
0.0 0.7086396813392639 0.5906250476837158 0.0018382353009656072 0.004166666883975267
0.0 0.5629595518112183 0.4437500238418579 0.0009191176504828036 0.0020833334419876337
0.0 0.6332720518112183 0.7427083849906921 0.0018382353009656072 0.006250000558793545
0.0 0.724724292755127 0.7114583849906921 0.0009191176504828036 0.0020833334419876337
0.0 0.10064338147640228 0.706250011920929 0.0027573530096560717 0.004166666883975267
0.0 0.6603860259056091 0.7630208730697632 0.0009191176504828036 0.0031250002793967724
0.0 0.7265625 0.5244792103767395 0.0009191176504828036 0.0031250002793967724
0.0 0.12132353335618973 0.6677083969116211 0.0036764706019312143 0.006250000558793545
0.0 0.045496322214603424 0.8953125476837158 0.010110294446349144 0.01145833358168602
0.0 0.08088235557079315 0.8562500476837158 0.0018382353009656072 0.004166666883975267
0.0 0.6272978186607361 0.6526042222976685 0.0027573530096560717 0.0031250002793967724
0.0 0.6962316036224365 0.6291667222976685 0.0009191176504828036 0.0020833334419876337
0.0 0.4829963147640228 0.3817708492279053 0.0027573530096560717 0.0031250002793967724
0.0 0.2444852888584137 0.11145833879709244 0.005514706019312143 0.008333333767950535
0.0 0.3704044222831726 0.37552085518836975 0.0036764706019312143 0.0031250002793967724
0.0 0.37316176295280457 0.4723958671092987 0.011029412038624287 0.013541667722165585
0.0 0.9191176295280457 0.7427083849906921 0.005514706019312143 0.006250000558793545
0.0 0.8763786554336548 0.9546875357627869 0.004595588427037001 0.00729166716337204
0.0 0.6332720518112183 0.7432292103767395 0.0036764706019312143 0.00729166716337204
0.0 0.4554227888584137 0.41197919845581055 0.004595588427037001 0.0052083334885537624
