0 0.639246 0.272396 0.000919 0.001042
0 0.313879 0.610417 0.000919 0.002083
0 0.037224 0.375000 0.000919 0.002083
0 0.073070 0.316146 0.000919 0.001042
0 0.308364 0.885938 0.000919 0.001042
0 0.601562 0.838542 0.002757 0.002083
0 0.984375 0.979167 0.001838 0.002083
0 0.994485 0.965104 0.001838 0.001042
0 0.071232 0.382813 0.000919 0.001042
0 0.386949 0.363021 0.001838 0.003125
0 0.958640 0.293750 0.001838 0.002083
0 0.581342 0.538021 0.000919 0.001042
0 0.426011 0.520313 0.000919 0.001042
0 0.023438 0.475521 0.000919 0.001042
0 0.544577 0.294271 0.000919 0.001042
0 0.374540 0.528646 0.000919 0.001042
0 0.229779 0.854167 0.007353 0.004167
0 0.271599 0.699479 0.000919 0.001042
0 0.238511 0.847396 0.000919 0.003125
0 0.187960 0.435417 0.000919 0.002083
0 0.186121 0.084896 0.000919 0.001042
0 0.870864 0.281771 0.000919 0.001042
0 0.233915 0.850000 0.002757 0.002083
0 0.083180 0.744271 0.000919 0.001042
0 0.147518 0.496875 0.000919 0.002083
0 0.220588 0.471875 0.001838 0.002083
0 0.276195 0.734375 0.000919 0.002083
0 0.635110 0.369792 0.001838 0.002083
0 0.635570 0.230729 0.000919 0.001042
0 0.530790 0.408854 0.000919 0.001042
0 0.520680 0.393750 0.000919 0.002083
0 0.381893 0.610938 0.002757 0.009375
0 0.487592 0.463021 0.000919 0.003125
0 0.142923 0.568229 0.000919 0.001042
0 0.524357 0.645833 0.002757 0.002083
0 0.600184 0.294271 0.001838 0.001042
0 0.931526 0.131771 0.000919 0.001042
0 0.854320 0.356250 0.000919 0.002083
0 0.339154 0.020313 0.001838 0.001042
0 0.255055 0.505729 0.000919 0.001042
0 0.858915 0.253646 0.000919 0.001042
0 0.344210 0.700521 0.000919 0.001042
0 0.266544 0.797396 0.003676 0.003125
0 0.846967 0.771354 0.000919 0.001042
0 0.577665 0.281250 0.000919 0.002083
0 0.873621 0.421354 0.000919 0.001042
0 0.557445 0.119271 0.000919 0.001042
0 0.568934 0.271875 0.001838 0.002083
0 0.756893 0.064063 0.000919 0.001042
0 0.830423 0.857813 0.000919 0.001042
0 0.982996 0.809375 0.000919 0.002083
0 0.471967 0.632813 0.000919 0.001042
0 0.497702 0.544271 0.000919 0.001042
0 0.917739 0.949479 0.000919 0.001042
0 0.255515 0.574479 0.001838 0.001042
0 0.510570 0.466667 0.000919 0.002083
0 0.550092 0.080729 0.000919 0.001042
0 0.925092 0.867188 0.000919 0.001042
0 0.886489 0.899479 0.000919 0.001042
0 0.314798 0.803646 0.000919 0.001042
0 0.601103 0.317188 0.001838 0.003125
0 0.078125 0.744792 0.001838 0.002083
0 0.678768 0.064063 0.000919 0.001042
0 0.391544 0.333333 0.001838 0.002083
0 0.565717 0.571354 0.000919 0.001042
0 0.916820 0.107813 0.000919 0.001042
0 0.971507 0.833854 0.001838 0.003125
0 0.721048 0.021875 0.000919 0.002083
0 0.946691 0.899479 0.001838 0.005208
0 0.316176 0.543229 0.001838 0.001042
0 0.596048 0.133333 0.000919 0.002083
0 0.299173 0.596875 0.000919 0.002083
0 0.881893 0.230208 0.002757 0.002083
0 0.914062 0.298438 0.000919 0.001042
0 0.951746 0.966667 0.002757 0.002083
0 0.200827 0.552604 0.000919 0.001042
0 0.765165 0.207813 0.000919 0.001042
0 0.012868 0.748438 0.003676 0.003125
0 0.261489 0.267188 0.000919 0.001042
0 0.910386 0.274479 0.000919 0.001042
0 0.734375 0.211458 0.001838 0.002083
0 0.244945 0.818229 0.000919 0.001042
0 0.658548 0.069792 0.000919 0.002083
0 0.579504 0.336979 0.000919 0.001042
0 0.304688 0.204167 0.000919 0.002083
0 0.653952 0.273958 0.000919 0.002083
0 0.995404 0.189063 0.003676 0.003125
0 0.566636 0.261458 0.000919 0.002083
0 0.875460 0.271354 0.000919 0.001042
0 0.165901 0.931250 0.000919 0.002083
0 0.633272 0.261458 0.001838 0.002083
0 0.288603 0.351563 0.001838 0.001042
0 0.487132 0.480729 0.001838 0.003125
0 0.895680 0.870313 0.000919 0.001042
0 0.326746 0.711979 0.000919 0.001042
0 0.497243 0.372396 0.001838 0.001042
0 0.958180 0.351042 0.000919 0.002083
0 0.547335 0.324479 0.002757 0.003125
0 0.447610 0.528125 0.001838 0.004167
0 0.380515 0.373958 0.001838 0.002083
0 0.773438 0.161979 0.000919 0.001042
0 0.661305 0.140625 0.000919 0.002083
0 0.790901 0.936979 0.000919 0.001042
0 0.924173 0.988021 0.000919 0.001042
0 0.176471 0.753125 0.001838 0.002083
0 0.974724 0.147917 0.000919 0.002083
0 0.233915 0.583333 0.000919 0.002083
0 0.920496 0.907813 0.000919 0.001042
0 0.019761 0.383333 0.000919 0.002083
0 0.890165 0.367188 0.000919 0.001042
0 0.557445 0.508854 0.000919 0.001042
0 0.727941 0.037500 0.001838 0.002083
0 0.872702 0.396354 0.000919 0.001042
0 0.992188 0.727083 0.000919 0.002083
0 0.953585 0.265104 0.000919 0.001042
0 0.035846 0.914583 0.001838 0.002083
0 0.357996 0.668750 0.000919 0.002083
0 0.561581 0.170313 0.001838 0.003125
0 0.917739 0.367708 0.000919 0.002083
0 0.355239 0.414583 0.000919 0.002083
0 0.506893 0.643229 0.000919 0.001042
0 0.640625 0.156771 0.001838 0.001042
0 0.257812 0.024479 0.000919 0.001042
0 0.329504 0.791667 0.000919 0.002083
0 0.285846 0.758333 0.001838 0.002083
0 0.380055 0.552604 0.000919 0.001042
0 0.292739 0.813542 0.000919 0.002083
0 0.953585 0.744792 0.000919 0.002083
0 0.068934 0.340104 0.001838 0.001042
0 0.705423 0.828125 0.000919 0.002083
0 0.339154 0.526042 0.001838 0.002083
0 0.903952 0.674479 0.000919 0.001042
0 0.387868 0.699479 0.001838 0.003125
0 0.910386 0.103646 0.000919 0.001042
0 0.591452 0.551042 0.000919 0.002083
0 0.205882 0.648438 0.001838 0.001042
0 0.241268 0.108854 0.000919 0.001042
0 0.449449 0.463542 0.001838 0.002083
0 0.320312 0.616146 0.000919 0.001042
0 0.553768 0.481771 0.000919 0.001042
0 0.707261 0.109375 0.000919 0.002083
0 0.052849 0.767188 0.000919 0.001042
0 0.561121 0.390104 0.000919 0.001042
0 0.835018 0.306250 0.000919 0.002083
0 0.610754 0.329167 0.000919 0.002083
0 0.096967 0.364063 0.000919 0.001042
0 0.104779 0.460417 0.001838 0.002083
0 0.473805 0.455729 0.000919 0.001042
0 0.517004 0.306771 0.000919 0.001042
0 0.589614 0.498958 0.000919 0.002083
0 0.976562 0.730208 0.000919 0.002083
0 0.324908 0.982292 0.000919 0.002083
0 0.423713 0.590625 0.001838 0.002083
0 0.921415 0.191667 0.000919 0.002083
0 0.272518 0.460938 0.000919 0.001042
0 0.505974 0.440104 0.000919 0.001042
0 0.932445 0.917708 0.000919 0.002083
0 0.747702 0.035417 0.002757 0.002083
0 0.573070 0.404167 0.000919 0.002083
0 0.678309 0.141667 0.001838 0.004167
0 0.766085 0.284896 0.000919 0.001042
0 0.888327 0.143229 0.000919 0.001042
0 0.324908 0.682813 0.000919 0.001042
0 0.264246 0.910417 0.000919 0.002083
0 0.736673 0.797917 0.000919 0.002083
0 0.275735 0.622396 0.001838 0.001042
0 0.518842 0.322917 0.000919 0.002083
0 0.331342 0.684375 0.000919 0.002083
0 0.746783 0.720833 0.000919 0.002083
0 0.898438 0.918750 0.000919 0.002083
0 0.730239 0.416667 0.000919 0.002083
0 0.604779 0.480208 0.001838 0.002083
0 0.247702 0.866146 0.000919 0.003125
0 0.808364 0.947396 0.000919 0.003125
0 0.158548 0.732292 0.000919 0.002083
0 0.311121 0.435938 0.000919 0.001042
0 0.578585 0.326042 0.000919 0.002083
0 0.006434 0.118750 0.001838 0.002083
0 0.232077 0.872396 0.000919 0.001042
0 0.557904 0.380208 0.003676 0.004167
0 0.666820 0.341146 0.000919 0.001042
0 0.261949 0.786458 0.001838 0.002083
0 0.982077 0.729688 0.000919 0.001042
0 0.170956 0.884375 0.001838 0.002083
0 0.489430 0.539583 0.000919 0.002083
0 0.318015 0.726042 0.001838 0.002083
0 0.897518 0.185417 0.000919 0.002083
0 0.397059 0.631250 0.001838 0.002083
0 0.846967 0.867708 0.000919 0.002083
0 0.503676 0.615625 0.001838 0.002083
0 0.279871 0.438542 0.000919 0.002083
0 0.519301 0.488021 0.001838 0.001042
0 0.385570 0.598958 0.000919 0.002083
0 0.437040 0.603125 0.000919 0.002083
0 0.556985 0.426042 0.001838 0.002083
0 0.153493 0.321354 0.001838 0.003125
0 0.268382 0.675000 0.001838 0.002083
0 0.668658 0.075000 0.000919 0.002083
0 0.573070 0.235938 0.002757 0.003125
0 0.567096 0.330729 0.001838 0.003125
0 0.450827 0.642708 0.000919 0.002083
0 0.501379 0.332292 0.000919 0.002083
0 0.496783 0.647917 0.000919 0.002083
0 0.344210 0.700521 0.000919 0.003125
0 0.571691 0.211979 0.001838 0.003125
0 0.691176 0.102083 0.001838 0.002083
0 0.947151 0.584896 0.000919 0.001042
0 0.594210 0.321875 0.000919 0.002083
0 0.160386 0.852083 0.000919 0.002083
0 0.180147 0.792708 0.005515 0.008333
0 0.017923 0.783333 0.002757 0.002083
0 0.428309 0.699479 0.001838 0.005208
0 0.733915 0.211979 0.002757 0.003125
0 0.566636 0.613021 0.000919 0.003125
0 0.859835 0.613542 0.000919 0.002083
0 0.622702 0.969792 0.000919 0.002083
0 0.139246 0.804688 0.000919 0.003125
0 0.524357 0.631771 0.000919 0.001042
0 0.546415 0.476563 0.000919 0.001042
0 0.206342 0.206250 0.000919 0.002083
0 0.866728 0.239583 0.001838 0.002083
0 0.690257 0.411458 0.001838 0.002083
0 0.626838 0.327604 0.001838 0.003125
0 0.922794 0.496875 0.001838 0.002083
0 0.497702 0.409375 0.000919 0.002083
0 0.911305 0.857292 0.000919 0.002083
0 0.528493 0.486979 0.001838 0.001042
0 0.893842 0.713542 0.000919 0.002083
0 0.134651 0.880208 0.004596 0.002083
0 0.920956 0.523958 0.001838 0.002083
0 0.867188 0.405208 0.000919 0.002083
0 0.463695 0.098438 0.002757 0.003125
0 0.317096 0.811458 0.003676 0.004167
0 0.873621 0.492708 0.000919 0.004167
0 0.483456 0.454688 0.001838 0.003125
0 0.613971 0.296875 0.001838 0.002083
0 0.992188 0.897396 0.002757 0.003125
0 0.852022 0.954688 0.001838 0.003125
0 0.080423 0.651042 0.000919 0.002083
0 0.799632 0.783854 0.001838 0.005208
0 0.976562 0.428125 0.000919 0.002083
0 0.595588 0.351563 0.001838 0.003125
0 0.185202 0.670313 0.002757 0.003125
0 0.550092 0.269792 0.000919 0.002083
0 0.170496 0.754688 0.000919 0.003125
0 0.136949 0.379688 0.001838 0.003125
0 0.015165 0.031771 0.002757 0.003125
0 0.608915 0.298958 0.000919 0.002083
0 0.216452 0.183854 0.002757 0.003125
0 0.924173 0.726042 0.002757 0.002083
0 0.295496 0.501042 0.004596 0.006250
0 0.955882 0.884896 0.001838 0.003125
0 0.526654 0.445833 0.001838 0.002083
0 0.301930 0.755729 0.000919 0.003125
0 0.119485 0.594271 0.001838 0.003125
0 0.019761 0.946875 0.002757 0.004167
0 0.562500 0.170833 0.001838 0.004167
0 0.561121 0.312500 0.002757 0.004167
0 0.325368 0.338021 0.001838 0.003125
0 0.918199 0.825521 0.001838 0.003125
0 0.543199 0.378646 0.001838 0.003125
0 0.316176 0.341146 0.001838 0.003125
0 0.130974 0.904688 0.002757 0.005208
0 0.589154 0.039063 0.001838 0.003125
0 0.551471 0.366146 0.003676 0.007292
0 0.881434 0.200521 0.001838 0.003125
0 0.891544 0.832292 0.003676 0.004167
0 0.325827 0.746354 0.002757 0.003125
0 0.473805 0.594792 0.004596 0.004167
0 0.359375 0.804688 0.001838 0.005208
0 0.600184 0.353125 0.001838 0.002083
0 0.957721 0.294271 0.001838 0.003125
0 0.573989 0.850000 0.000919 0.002083
0 0.604320 0.878125 0.000919 0.002083
0 0.340993 0.542708 0.005515 0.004167
0 0.452665 0.480208 0.006434 0.002083
0 0.601562 0.839583 0.000919 0.002083
0 0.592831 0.380729 0.003676 0.005208
