0.0 0.8662683963775635 0.9302083849906921 0.0009191176504828036 0.0020833334419876337
0.0 0.41222426295280457 0.5244792103767395 0.0009191176504828036 0.0010416667209938169
0.0 0.36994484066963196 0.6109375357627869 0.0027573530096560717 0.01145833358168602
0.0 0.4912683963775635 0.6520833969116211 0.0009191176504828036 0.0020833334419876337
0.0 0.10983455926179886 0.08177083730697632 0.0009191176504828036 0.0010416667209938169
0.0 0.15119485557079315 0.2984375059604645 0.0009191176504828036 0.0010416667209938169
0.0 0.7771139740943909 0.19739584624767303 0.0009191176504828036 0.0010416667209938169
0.0 0.7477021813392639 0.2187500149011612 0.0009191176504828036 0.0020833334419876337
0.0 0.4774816334247589 0.5723958611488342 0.0009191176504828036 0.0010416667209938169
0.0 0.5395220518112183 0.40572917461395264 0.0018382353009656072 0.0010416667209938169
0.0 0.4990808963775635 0.5057291984558105 0.0018382353009656072 0.0031250002793967724
0.0 0.6079963445663452 0.22708334028720856 0.0009191176504828036 0.0020833334419876337
0.0 0.0036764706019312143 0.11250000447034836 0.0018382353009656072 0.0020833334419876337
0.0 0.9269301295280457 0.8526042103767395 0.0009191176504828036 0.0010416667209938169
0.0 0.2936580777168274 0.7578125596046448 0.0009191176504828036 0.0031250002793967724
0.0 0.7973345518112183 0.6843750476837158 0.0009191176504828036 0.0020833334419876337
0.0 0.8336396813392639 0.9864583611488342 0.0018382353009656072 0.0020833334419876337
0.0 0.48253676295280457 0.41822919249534607 0.0018382353009656072 0.0010416667209938169
0.0 0.1374080926179886 0.5651041865348816 0.0009191176504828036 0.0010416667209938169
0.0 0.5500919222831726 0.6229166984558105 0.0009191176504828036 0.0020833334419876337
0.0 0.9517463445663452 0.8614583611488342 0.0009191176504828036 0.0020833334419876337
0.0 0.2899816334247589 0.5947917103767395 0.0009191176504828036 0.0020833334419876337
0.0 0.27297794818878174 0.8494791984558105 0.0018382353009656072 0.0031250002793967724
0.0 0.5289521813392639 0.30260416865348816 0.0009191176504828036 0.0010416667209938169
0.0 0.5960478186607361 0.07760416716337204 0.0009191176504828036 0.0010416667209938169
0.0 0.5326286554336548 0.3359375298023224 0.0027573530096560717 0.0031250002793967724
0.0 0.018841911107301712 0.460416704416275 0.0009191176504828036 0.0020833334419876337
0.0 0.4967830777168274 0.33385419845581055 0.0009191176504828036 0.0010416667209938169
0.0 0.5914521813392639 0.30156251788139343 0.0009191176504828036 0.0010416667209938169
0.0 0.6383271813392639 0.12656250596046448 0.0009191176504828036 0.0031250002793967724
0.0 0.2545955777168274 0.01718750037252903 0.0018382353009656072 0.0010416667209938169
0.0 0.6980698704719543 0.03697916865348816 0.0009191176504828036 0.0010416667209938169
0.0 0.8359375 0.37708336114883423 0.0009191176504828036 0.0020833334419876337
0.0 0.46875 0.4619791805744171 0.0018382353009656072 0.0031250002793967724
0.0 0.8635110259056091 0.2458333522081375 0.0027573530096560717 0.0020833334419876337
0.0 0.07766544073820114 0.6468750238418579 0.0009191176504828036 0.0020833334419876337
0.0 0.8920036554336548 0.7312500476837158 0.0009191176504828036 0.0020833334419876337
0.0 0.5638786554336548 0.3489583432674408 0.0009191176504828036 0.0020833334419876337
0.0 0.5799632668495178 0.3630208671092987 0.0018382353009656072 0.0031250002793967724
0.0 0.6796875 0.3411458432674408 0.0009191176504828036 0.0010416667209938169
0.0 0.6447610259056091 0.3109375238418579 0.0009191176504828036 0.0010416667209938169
0.0 0.28630515933036804 0.49635419249534607 0.004595588427037001 0.0052083334885537624
0.0 0.21047794818878174 0.8947917222976685 0.0018382353009656072 0.0020833334419876337
0.0 0.19623161852359772 0.2953125238418579 0.0009191176504828036 0.0010416667209938169
0.0 0.14200367033481598 0.4906250238418579 0.0009191176504828036 0.0020833334419876337
0.0 0.47288602590560913 0.47031253576278687 0.0009191176504828036 0.0010416667209938169
0.0 0.5638786554336548 0.5484375357627869 0.0009191176504828036 0.0010416667209938169
0.0 0.5500919222831726 0.26770836114883423 0.0009191176504828036 0.0020833334419876337
0.0 0.12178308516740799 0.4520833492279053 0.0009191176504828036 0.0020833334419876337
0.0 0.5785845518112183 0.3333333432674408 0.0009191176504828036 0.0020833334419876337
0.0 0.662224292755127 0.0651041716337204 0.0009191176504828036 0.0010416667209938169
0.0 0.013327205553650856 0.7479166984558105 0.004595588427037001 0.0020833334419876337
0.0 0.755974292755127 0.17135417461395264 0.0009191176504828036 0.0010416667209938169
0.0 0.9113051295280457 0.6765625476837158 0.0009191176504828036 0.0010416667209938169
0.0 0.568474292755127 0.2588541805744171 0.0009191176504828036 0.0010416667209938169
0.0 0.21231617033481598 0.2864583432674408 0.0018382353009656072 0.0020833334419876337
0.0 0.33318015933036804 0.5942708849906921 0.0009191176504828036 0.0010416667209938169
0.0 0.505974292755127 0.40416669845581055 0.0009191176504828036 0.0020833334419876337
0.0 0.8120404481887817 0.8026041984558105 0.0009191176504828036 0.0010416667209938169
0.0 0.12913602590560913 0.3630208671092987 0.0027573530096560717 0.0031250002793967724
0.0 0.032628677785396576 0.3593750298023224 0.0009191176504828036 0.0020833334419876337
0.0 0.6452205777168274 0.1432291716337204 0.0018382353009656072 0.0031250002793967724
0.0 0.22702206671237946 0.5833333730697632 0.0018382353009656072 0.0020833334419876337
0.0 0.5519301295280457 0.22083334624767303 0.0009191176504828036 0.0020833334419876337
0.0 0.8166360259056091 0.32604169845581055 0.0009191176504828036 0.0020833334419876337
0.0 0.3350183963775635 0.00885416753590107 0.0027573530096560717 0.0010416667209938169
0.0 0.26056984066963196 0.7984375357627869 0.0027573530096560717 0.0031250002793967724
0.0 0.5353860259056091 0.0729166716337204 0.0009191176504828036 0.0020833334419876337
0.0 0.39338234066963196 0.6479166746139526 0.0018382353009656072 0.0020833334419876337
0.0 0.49034926295280457 0.44843751192092896 0.0009191176504828036 0.0010416667209938169
0.0 0.5859375 0.32864585518836975 0.0009191176504828036 0.0031250002793967724
0.0 0.8993566036224365 0.3890625238418579 0.0009191176504828036 0.0010416667209938169
0.0 0.7127757668495178 0.22968751192092896 0.0009191176504828036 0.0010416667209938169
0.0 0.09834558516740799 0.4479166865348816 0.0018382353009656072 0.0020833334419876337
0.0 0.2063419073820114 0.7078125476837158 0.0009191176504828036 0.0010416667209938169
0.0 0.5252757668495178 0.4984375238418579 0.0009191176504828036 0.0010416667209938169
0.0 0.5418198704719543 0.5328125357627869 0.0009191176504828036 0.0010416667209938169
0.0 0.17279411852359772 0.7515625357627869 0.0018382353009656072 0.0010416667209938169
0.0 0.865349292755127 0.4609375298023224 0.0009191176504828036 0.0010416667209938169
0.0 0.5983455777168274 0.30937501788139343 0.0018382353009656072 0.0020833334419876337
0.0 0.43795955181121826 0.5317708849906921 0.0009191176504828036 0.0010416667209938169
0.0 0.2587316334247589 0.36770835518836975 0.0009191176504828036 0.0020833334419876337
0.0 0.9710478186607361 0.5223958492279053 0.0009191176504828036 0.0010416667209938169
0.0 0.8543198704719543 0.41562503576278687 0.0009191176504828036 0.0020833334419876337
0.0 0.3350183963775635 0.7265625596046448 0.0027573530096560717 0.0031250002793967724
0.0 0.2688419222831726 0.7338542342185974 0.0009191176504828036 0.0010416667209938169
0.0 0.2601102888584137 0.6729167103767395 0.0018382353009656072 0.0020833334419876337
0.0 0.8722426295280457 0.17135417461395264 0.0018382353009656072 0.0010416667209938169
0.0 0.4655330777168274 0.2796875238418579 0.0009191176504828036 0.0010416667209938169
0.0 0.26746323704719543 0.620312511920929 0.0018382353009656072 0.0010416667209938169
0.0 0.5013786554336548 0.3140625059604645 0.0009191176504828036 0.0010416667209938169
0.0 0.537224292755127 0.49010419845581055 0.0009191176504828036 0.0010416667209938169
0.0 0.021139705553650856 0.6854166984558105 0.0018382353009656072 0.0020833334419876337
0.0 0.2624080777168274 0.45729169249534607 0.0009191176504828036 0.0020833334419876337
0.0 0.5431985259056091 0.39114585518836975 0.0018382353009656072 0.0031250002793967724
0.0 0.052389707416296005 0.7677083611488342 0.0018382353009656072 0.0020833334419876337
0.0 0.3023897111415863 0.15937501192092896 0.0036764706019312143 0.0020833334419876337
0.0 0.5951286554336548 0.34166669845581055 0.0009191176504828036 0.0020833334419876337
0.0 0.7311580777168274 0.03489583358168602 0.0009191176504828036 0.0010416667209938169
0.0 0.9627757668495178 0.7578125596046448 0.0009191176504828036 0.0010416667209938169
0.0 0.5464154481887817 0.4010416865348816 0.0009191176504828036 0.0020833334419876337
0.0 0.6888786554336548 0.32864585518836975 0.0009191176504828036 0.0010416667209938169
0.0 0.3203125 0.7942708730697632 0.0009191176504828036 0.0010416667209938169
0.0 0.4361213147640228 0.6473958492279053 0.0009191176504828036 0.0010416667209938169
0.0 0.9572610259056091 0.16718751192092896 0.0009191176504828036 0.0010416667209938169
0.0 0.26148897409439087 0.8911458849906921 0.0009191176504828036 0.0010416667209938169
0.0 0.07674632221460342 0.7442708611488342 0.0009191176504828036 0.0010416667209938169
0.0 0.5399816036224365 0.5171875357627869 0.0009191176504828036 0.0010416667209938169
0.0 0.5032169222831726 0.3317708373069763 0.0009191176504828036 0.0010416667209938169
0.0 0.31663602590560913 0.9859375357627869 0.0009191176504828036 0.0010416667209938169
0.0 0.1999080926179886 0.6458333730697632 0.0009191176504828036 0.0020833334419876337
0.0 0.8570771813392639 0.2880208492279053 0.0009191176504828036 0.0010416667209938169
0.0 0.9820771813392639 0.92864590883255 0.0009191176504828036 0.0010416667209938169
0.0 0.5229779481887817 0.5583333373069763 0.0018382353009656072 0.0020833334419876337
0.0 0.30882352590560913 0.7286458611488342 0.0018382353009656072 0.0031250002793967724
0.0 0.8543198704719543 0.43958336114883423 0.0009191176504828036 0.0020833334419876337
0.0 0.6282169222831726 0.1927083432674408 0.0009191176504828036 0.0020833334419876337
0.0 0.48851102590560913 0.6229166984558105 0.0009191176504828036 0.0020833334419876337
0.0 0.9646139740943909 0.11093750596046448 0.0009191176504828036 0.0010416667209938169
0.0 0.552849292755127 0.2796875238418579 0.0009191176504828036 0.0010416667209938169
0.0 0.23713235557079315 0.2645833492279053 0.0018382353009656072 0.0020833334419876337
0.0 0.18106617033481598 0.6666666865348816 0.0018382353009656072 0.0020833334419876337
0.0 0.013327205553650856 0.03020833432674408 0.0027573530096560717 0.0020833334419876337
0.0 0.37775734066963196 0.33645835518836975 0.0018382353009656072 0.0020833334419876337
0.0 0.9352021813392639 0.91302090883255 0.0009191176504828036 0.0010416667209938169
0.0 0.4227941334247589 0.6062500476837158 0.0018382353009656072 0.0020833334419876337
0.0 0.9779411554336548 0.20937500894069672 0.0018382353009656072 0.0020833334419876337
0.0 0.3102022111415863 0.6156250238418579 0.0009191176504828036 0.0020833334419876337
0.0 0.18244485557079315 0.07656250149011612 0.0009191176504828036 0.0010416667209938169
0.0 0.17876838147640228 0.42656251788139343 0.0009191176504828036 0.0010416667209938169
0.0 0.09558823704719543 0.9729167222976685 0.0018382353009656072 0.0020833334419876337
0.0 0.23069852590560913 0.7406250238418579 0.0018382353009656072 0.006250000558793545
0.0 0.3759191334247589 0.7036458849906921 0.0018382353009656072 0.0031250002793967724
0.0 0.15533088147640228 0.7302083969116211 0.0018382353009656072 0.0020833334419876337
0.0 0.5804228186607361 0.13385418057441711 0.0009191176504828036 0.0010416667209938169
0.0 0.2858455777168274 0.14947918057441711 0.0018382353009656072 0.0010416667209938169
0.0 0.9002757668495178 0.9390625357627869 0.0009191176504828036 0.0010416667209938169
0.0 0.48253676295280457 0.38333335518836975 0.0018382353009656072 0.0020833334419876337
0.0 0.5551470518112183 0.21302084624767303 0.0018382353009656072 0.0010416667209938169
0.0 0.2780330777168274 0.7593750357627869 0.0027573530096560717 0.0020833334419876337
0.0 0.21185661852359772 0.29218751192092896 0.0009191176504828036 0.0010416667209938169
0.0 0.11397058516740799 0.04010416939854622 0.0036764706019312143 0.0031250002793967724
0.0 0.5303308963775635 0.48489585518836975 0.0018382353009656072 0.0010416667209938169
0.0 0.7127757668495178 0.4307291805744171 0.0009191176504828036 0.0010416667209938169
0.0 0.8782169222831726 0.9500000476837158 0.0009191176504828036 0.0020833334419876337
0.0 0.9117646813392639 0.9494792222976685 0.0018382353009656072 0.0010416667209938169
0.0 0.8166360259056091 0.7791666984558105 0.0009191176504828036 0.0020833334419876337
0.0 0.15762867033481598 0.8552083969116211 0.0009191176504828036 0.0020833334419876337
0.0 0.25827205181121826 0.9125000238418579 0.0018382353009656072 0.0020833334419876337
0.0 0.8474264740943909 0.42343753576278687 0.0018382353009656072 0.0010416667209938169
0.0 0.6420036554336548 0.07083334028720856 0.0009191176504828036 0.0020833334419876337
0.0 0.018841911107301712 0.9468750357627869 0.0027573530096560717 0.004166666883975267
0.0 0.5873161554336548 0.4911458492279053 0.0018382353009656072 0.0010416667209938169
0.0 0.3662683963775635 0.8979167342185974 0.0009191176504828036 0.0020833334419876337
0.0 0.5105698704719543 0.6265625357627869 0.0009191176504828036 0.0010416667209938169
0.0 0.6171875 0.27135416865348816 0.0009191176504828036 0.0010416667209938169
0.0 0.1374080926179886 0.8057292103767395 0.0009191176504828036 0.0031250002793967724
0.0 0.017922794446349144 0.784375011920929 0.0027573530096560717 0.0020833334419876337
0.0 0.36764705181121826 0.37708336114883423 0.0018382353009656072 0.0020833334419876337
0.0 0.41452205181121826 0.7057291865348816 0.0018382353009656072 0.0052083334885537624
0.0 0.6502757668495178 0.3531250059604645 0.0009191176504828036 0.0020833334419876337
0.0 0.6236213445663452 0.15833334624767303 0.0009191176504828036 0.0020833334419876337
0.0 0.8782169222831726 0.4192708432674408 0.0009191176504828036 0.0010416667209938169
0.0 0.33409926295280457 0.7020833492279053 0.0009191176504828036 0.0020833334419876337
0.0 0.19898897409439087 0.19166667759418488 0.0009191176504828036 0.0020833334419876337
0.0 0.029871324077248573 0.3229166865348816 0.0009191176504828036 0.0020833334419876337
0.0 0.16773897409439087 0.8880208730697632 0.0009191176504828036 0.0031250002793967724
0.0 0.6806066036224365 0.3369791805744171 0.0009191176504828036 0.0010416667209938169
0.0 0.9168198704719543 0.6427083611488342 0.0009191176504828036 0.0020833334419876337
0.0 0.7725183963775635 0.9682292342185974 0.0009191176504828036 0.0031250002793967724
0.0 0.3092830777168274 0.8135417103767395 0.0027573530096560717 0.004166666883975267
0.0 0.9255514740943909 0.9281250238418579 0.0018382353009656072 0.006250000558793545
0.0 0.9287683963775635 0.6083333492279053 0.0009191176504828036 0.0020833334419876337
0.0 0.8699448704719543 0.15989583730697632 0.0009191176504828036 0.0010416667209938169
0.0 0.06295955926179886 0.3239583373069763 0.0009191176504828036 0.0020833334419876337
0.0 0.6907169222831726 0.1145833358168602 0.0009191176504828036 0.0020833334419876337
0.0 0.9397978186607361 0.37187501788139343 0.0009191176504828036 0.0020833334419876337
0.0 0.6530330777168274 0.07864584028720856 0.0009191176504828036 0.0031250002793967724
0.0 0.4094669222831726 0.5927083492279053 0.0009191176504828036 0.0020833334419876337
0.0 0.9572610259056091 0.7583333849906921 0.0009191176504828036 0.0020833334419876337
0.0 0.904411792755127 0.7541667222976685 0.0018382353009656072 0.0020833334419876337
0.0 0.5087316036224365 0.6406250596046448 0.0009191176504828036 0.0020833334419876337
0.0 0.5431985259056091 0.39114585518836975 0.0036764706019312143 0.0052083334885537624
0.0 0.3841911852359772 0.6307291984558105 0.0018382353009656072 0.0031250002793967724
0.0 0.5036764740943909 0.49531251192092896 0.0018382353009656072 0.0010416667209938169
0.0 0.5726103186607361 0.5098958611488342 0.0018382353009656072 0.0031250002793967724
0.0 0.2366727888584137 0.09791667014360428 0.0009191176504828036 0.0020833334419876337
0.0 0.8272058963775635 0.8859375715255737 0.0018382353009656072 0.0010416667209938169
0.0 0.7113970518112183 0.03541667014360428 0.0018382353009656072 0.0020833334419876337
0.0 0.5124080777168274 0.4947916865348816 0.0009191176504828036 0.0020833334419876337
0.0 0.7164521813392639 0.8244792222976685 0.0009191176504828036 0.0031250002793967724
0.0 0.8483455777168274 0.2552083432674408 0.0018382353009656072 0.0020833334419876337
0.0 0.7256433963775635 0.7427083849906921 0.0009191176504828036 0.0020833334419876337
0.0 0.37316176295280457 0.5984375476837158 0.0018382353009656072 0.0010416667209938169
0.0 0.25 0.25572916865348816 0.0018382353009656072 0.0010416667209938169
0.0 0.9572610259056091 0.45000001788139343 0.0009191176504828036 0.0020833334419876337
0.0 0.4600183963775635 0.4296875298023224 0.0009191176504828036 0.0031250002793967724
0.0 0.9705882668495178 0.9244791865348816 0.0018382353009656072 0.0031250002793967724
0.0 0.6750919222831726 0.1067708358168602 0.0009191176504828036 0.0031250002793967724
0.0 0.2564338147640228 0.7869791984558105 0.0018382353009656072 0.0031250002793967724
0.0 0.03446691110730171 0.9161458611488342 0.0027573530096560717 0.0031250002793967724
0.0 0.22748161852359772 0.8755208849906921 0.0009191176504828036 0.0031250002793967724
0.0 0.49494484066963196 0.4739583432674408 0.0009191176504828036 0.0020833334419876337
0.0 0.7164521813392639 0.22291667759418488 0.0027573530096560717 0.0020833334419876337
0.0 0.8327205777168274 0.9864583611488342 0.0018382353009656072 0.0020833334419876337
0.0 0.2858455777168274 0.8140625357627869 0.0018382353009656072 0.0031250002793967724
0.0 0.5836396813392639 0.8583333492279053 0.0018382353009656072 0.0020833334419876337
0.0 0.4517463147640228 0.08489583432674408 0.0027573530096560717 0.0031250002793967724
0.0 0.5932904481887817 0.3114583492279053 0.0009191176504828036 0.0020833334419876337
0.0 0.14476102590560913 0.3057291805744171 0.0027573530096560717 0.0031250002793967724
0.0 0.9025735259056091 0.20885418355464935 0.0018382353009656072 0.0031250002793967724
0.0 0.9402573704719543 0.3114583492279053 0.0018382353009656072 0.004166666883975267
0.0 0.45818015933036804 0.6000000238418579 0.004595588427037001 0.004166666883975267
0.0 0.8534007668495178 0.5125000476837158 0.0009191176504828036 0.0020833334419876337
0.0 0.5565257668495178 0.8677083849906921 0.0009191176504828036 0.0020833334419876337
0.0 0.5482536554336548 0.581250011920929 0.0009191176504828036 0.0020833334419876337
0.0 0.7895220518112183 0.9786458611488342 0.0018382353009656072 0.0031250002793967724
0.0 0.8396139740943909 0.6364583373069763 0.0009191176504828036 0.0020833334419876337
0.0 0.5404411554336548 0.43697917461395264 0.0018382353009656072 0.0010416667209938169
0.0 0.5367646813392639 0.37708336114883423 0.0036764706019312143 0.006250000558793545
0.0 0.6727941036224365 0.42343753576278687 0.0018382353009656072 0.0010416667209938169
0.0 0.8745404481887817 0.7406250238418579 0.0009191176504828036 0.004166666883975267
0.0 0.4866727888584137 0.34166669845581055 0.0009191176504828036 0.0020833334419876337
0.0 0.8630514740943909 0.21510417759418488 0.0018382353009656072 0.0031250002793967724
0.0 0.26930147409439087 0.4375000298023224 0.0018382353009656072 0.0020833334419876337
0.0 0.9021139740943909 0.5197917222976685 0.0027573530096560717 0.0020833334419876337
0.0 0.47380515933036804 0.5458333492279053 0.0009191176504828036 0.0020833334419876337
0.0 0.4811580777168274 0.6562500596046448 0.0009191176504828036 0.0020833334419876337
0.0 0.545036792755127 0.32343751192092896 0.0018382353009656072 0.0031250002793967724
0.0 0.20955882966518402 0.1718750149011612 0.0018382353009656072 0.0020833334419876337
0.0 0.7803308963775635 0.8130208849906921 0.0018382353009656072 0.0052083334885537624
0.0 0.31663602590560913 0.7489583492279053 0.0027573530096560717 0.004166666883975267
0.0 0.5565257668495178 0.23906251788139343 0.0027573530096560717 0.0031250002793967724
0.0 0.8920036554336548 0.8864583969116211 0.0009191176504828036 0.0020833334419876337
0.0 0.3125 0.3348958492279053 0.0018382353009656072 0.0031250002793967724
0.0 0.5519301295280457 0.3427083492279053 0.0009191176504828036 0.0020833334419876337
0.0 0.13189338147640228 0.8843750357627869 0.004595588427037001 0.0020833334419876337
0.0 0.11443014442920685 0.5901042222976685 0.0027573530096560717 0.0031250002793967724
0.0 0.5110294222831726 0.45520836114883423 0.0018382353009656072 0.0020833334419876337
0.0 0.9007353186607361 0.5473958849906921 0.0018382353009656072 0.0031250002793967724
0.0 0.6107536554336548 0.33906251192092896 0.0009191176504828036 0.0031250002793967724
0.0 0.6617646813392639 0.1458333432674408 0.0018382353009656072 0.004166666883975267
0.0 0.3037683963775635 0.33802086114883423 0.0027573530096560717 0.0031250002793967724
0.0 0.5753676295280457 0.02760416828095913 0.0018382353009656072 0.0052083334885537624
0.0 0.5845588445663452 0.36406251788139343 0.0018382353009656072 0.0031250002793967724
0.0 0.546875 0.1666666716337204 0.0018382353009656072 0.004166666883975267
0.0 0.5280330777168274 0.3895833492279053 0.0009191176504828036 0.0020833334419876337
0.0 0.3492647111415863 0.8078125715255737 0.0018382353009656072 0.0031250002793967724
0.0 0.8727021813392639 0.8630208969116211 0.0027573530096560717 0.0031250002793967724
0.0 0.8998161554336548 0.8552083969116211 0.0018382353009656072 0.004166666883975267
0.0 0.9770220518112183 0.20989584922790527 0.0036764706019312143 0.0031250002793967724
0.0 0.1272977888584137 0.9093750715255737 0.0027573530096560717 0.004166666883975267
0.0 0.17601102590560913 0.7942708730697632 0.006433823611587286 0.00937500037252903
0.0 0.3290441334247589 0.5427083373069763 0.005514706019312143 0.004166666883975267
0.0 0.43795955181121826 0.48489585518836975 0.006433823611587286 0.0031250002793967724
0.0 0.5772058963775635 0.3921875059604645 0.0036764706019312143 0.0052083334885537624
