0.0 0.8543198704719543 0.6489583849906921 0.0009191176504828036 0.0020833334419876337
0.0 0.8239889740943909 0.9390625357627869 0.0009191176504828036 0.0010416667209938169
0.0 0.8010110259056091 0.46927085518836975 0.0009191176504828036 0.0010416667209938169
0.0 0.8929228186607361 0.6885417103767395 0.0009191176504828036 0.0020833334419876337
0.0 0.8083639740943909 0.8562500476837158 0.0009191176504828036 0.0020833334419876337
0.0 0.041360292583703995 0.6458333730697632 0.0018382353009656072 0.0020833334419876337
0.0 0.9931066036224365 0.4229166805744171 0.0009191176504828036 0.0020833334419876337
0.0 0.8736213445663452 0.5776041746139526 0.0009191176504828036 0.0010416667209938169
0.0 0.8019301295280457 0.8421875238418579 0.0009191176504828036 0.0010416667209938169
0.0 0.2734375 0.7354167103767395 0.0009191176504828036 0.0020833334419876337
0.0 0.9682904481887817 0.3942708671092987 0.0009191176504828036 0.0010416667209938169
0.0 0.5703125 0.8213542103767395 0.0009191176504828036 0.0010416667209938169
0.0 0.8267463445663452 0.8963541984558105 0.0009191176504828036 0.0010416667209938169
0.0 0.7853860259056091 0.7109375596046448 0.0009191176504828036 0.0010416667209938169
0.0 0.7118566036224365 0.6848958730697632 0.0009191176504828036 0.0010416667209938169
0.0 0.6227021813392639 0.8505208492279053 0.0009191176504828036 0.0010416667209938169
0.0 0.7421875 0.9645833969116211 0.0009191176504828036 0.0020833334419876337
0.0 0.7366728186607361 0.5192708373069763 0.0009191176504828036 0.0010416667209938169
0.0 0.8272058963775635 0.9963542222976685 0.0018382353009656072 0.0031250002793967724
0.0 0.8938419222831726 0.6453125476837158 0.0009191176504828036 0.0010416667209938169
0.0 0.8722426295280457 0.34947919845581055 0.0018382353009656072 0.0010416667209938169
0.0 0.9324448704719543 0.28177085518836975 0.0027573530096560717 0.0010416667209938169
0.0 0.9352021813392639 0.5859375596046448 0.0009191176504828036 0.0010416667209938169
0.0 0.3671875 0.7255208492279053 0.0009191176504828036 0.0010416667209938169
0.0 0.7853860259056091 0.9703125357627869 0.0009191176504828036 0.0010416667209938169
0.0 0.9315257668495178 0.5130208730697632 0.0009191176504828036 0.0010416667209938169
0.0 0.8515625 0.6140625476837158 0.0009191176504828036 0.0010416667209938169
0.0 0.36534926295280457 0.745312511920929 0.0009191176504828036 0.0010416667209938169
0.0 0.9875919222831726 0.5088542103767395 0.0009191176504828036 0.0010416667209938169
0.0 0.8671875 0.8385416865348816 0.0009191176504828036 0.0020833334419876337
0.0 0.9352021813392639 0.91302090883255 0.0009191176504828036 0.0010416667209938169
0.0 0.8000919222831726 0.6406250596046448 0.0009191176504828036 0.0020833334419876337
0.0 0.9315257668495178 0.47083336114883423 0.0009191176504828036 0.0020833334419876337
0.0 0.7035845518112183 0.6546875238418579 0.0009191176504828036 0.0010416667209938169
0.0 0.9177389740943909 0.5963541865348816 0.0009191176504828036 0.0010416667209938169
0.0 0.7633271813392639 0.8885416984558105 0.0009191176504828036 0.0020833334419876337
0.0 0.9885110259056091 0.31197917461395264 0.0009191176504828036 0.0010416667209938169
0.0 0.7486213445663452 0.4671875238418579 0.0009191176504828036 0.0010416667209938169
0.0 0.9443933963775635 0.3760416805744171 0.0009191176504828036 0.0020833334419876337
0.0 0.810661792755127 0.8479167222976685 0.0018382353009656072 0.0020833334419876337
0.0 0.8267463445663452 0.8562500476837158 0.0009191176504828036 0.0020833334419876337
0.0 0.21185661852359772 0.8432292342185974 0.0009191176504828036 0.0010416667209938169
0.0 0.8037683963775635 0.37812501192092896 0.0009191176504828036 0.0020833334419876337
0.0 0.84375 0.2536458373069763 0.0018382353009656072 0.0010416667209938169
0.0 0.8874080777168274 0.3828125298023224 0.0027573530096560717 0.0031250002793967724
0.0 0.8423713445663452 0.7161458730697632 0.0009191176504828036 0.0010416667209938169
0.0 0.8451286554336548 0.7291666865348816 0.0009191176504828036 0.0020833334419876337
0.0 0.943474292755127 0.3609375059604645 0.0009191176504828036 0.0010416667209938169
0.0 0.14568014442920685 0.9661458730697632 0.0009191176504828036 0.0010416667209938169
0.0 0.6966911554336548 0.8937500715255737 0.0018382353009656072 0.0020833334419876337
0.0 0.9517463445663452 0.9796875715255737 0.0009191176504828036 0.0010416667209938169
0.0 0.8975183963775635 0.45104169845581055 0.0009191176504828036 0.0020833334419876337
0.0 0.4751838147640228 0.6484375596046448 0.0018382353009656072 0.0010416667209938169
0.0 0.9310661554336548 0.6703125238418579 0.0018382353009656072 0.0010416667209938169
0.0 0.8708639740943909 0.7442708611488342 0.0009191176504828036 0.0010416667209938169
0.0 0.7146139740943909 0.721875011920929 0.0009191176504828036 0.0020833334419876337
0.0 0.8920036554336548 0.6609375476837158 0.0009191176504828036 0.0010416667209938169
0.0 0.8579963445663452 0.7828125357627869 0.0009191176504828036 0.0010416667209938169
0.0 0.7771139740943909 0.8567708730697632 0.0009191176504828036 0.0010416667209938169
0.0 0.9039521813392639 0.7463542222976685 0.0009191176504828036 0.0010416667209938169
0.0 0.6686580777168274 0.3359375298023224 0.0009191176504828036 0.0010416667209938169
0.0 0.09788603335618973 0.8921875357627869 0.0009191176504828036 0.0010416667209938169
0.0 0.7035845518112183 0.9041666984558105 0.0009191176504828036 0.0020833334419876337
0.0 0.5592830777168274 0.7718750238418579 0.0009191176504828036 0.0020833334419876337
0.0 0.6888786554336548 0.6244791746139526 0.0009191176504828036 0.0010416667209938169
0.0 0.8874080777168274 0.4932291805744171 0.0009191176504828036 0.0010416667209938169
0.0 0.6861213445663452 0.6640625596046448 0.0009191176504828036 0.0010416667209938169
0.0 0.7945771813392639 0.7187500596046448 0.0009191176504828036 0.0020833334419876337
0.0 0.8924632668495178 0.12083333730697632 0.0018382353009656072 0.0020833334419876337
0.0 0.8396139740943909 0.8390625715255737 0.0027573530096560717 0.0052083334885537624
0.0 0.7679228186607361 0.7151042222976685 0.0009191176504828036 0.0010416667209938169
0.0 0.8791360259056091 0.47708335518836975 0.0009191176504828036 0.0020833334419876337
0.0 0.7329963445663452 0.5765625238418579 0.0009191176504828036 0.0010416667209938169
0.0 0.4857536852359772 0.6942708492279053 0.0009191176504828036 0.0010416667209938169
0.0 0.8396139740943909 0.8989583849906921 0.0009191176504828036 0.0020833334419876337
0.0 0.7605698704719543 0.9192708730697632 0.0009191176504828036 0.0010416667209938169
0.0 0.4030330777168274 0.557812511920929 0.0009191176504828036 0.0010416667209938169
0.0 0.7352941036224365 0.6223958730697632 0.0018382353009656072 0.00729166716337204
0.0 0.8258271813392639 0.7380208969116211 0.0009191176504828036 0.0031250002793967724
0.0 0.7697610259056091 0.5010417103767395 0.0009191176504828036 0.0020833334419876337
0.0 0.9926470518112183 0.41041669249534607 0.0018382353009656072 0.0020833334419876337
0.0 0.9480698704719543 0.5744792222976685 0.0009191176504828036 0.0010416667209938169
0.0 0.6484375 0.7005208730697632 0.0009191176504828036 0.0010416667209938169
0.0 0.9365808963775635 0.3109375238418579 0.0018382353009656072 0.0010416667209938169
0.0 0.9581801295280457 0.6015625596046448 0.0009191176504828036 0.0010416667209938169
0.0 0.6227021813392639 0.9588541984558105 0.0009191176504828036 0.0010416667209938169
0.0 0.6640625 0.6140625476837158 0.0009191176504828036 0.0010416667209938169
0.0 0.7909007668495178 0.91302090883255 0.0009191176504828036 0.0010416667209938169
0.0 0.6943933963775635 0.7598958611488342 0.0009191176504828036 0.0010416667209938169
0.0 0.7706801295280457 0.5348958373069763 0.0009191176504828036 0.0010416667209938169
0.0 0.8644301295280457 0.7083333730697632 0.0009191176504828036 0.0020833334419876337
0.0 0.7596507668495178 0.9015625715255737 0.0009191176504828036 0.0010416667209938169
0.0 0.8322610259056091 0.7755208611488342 0.0009191176504828036 0.0010416667209938169
0.0 0.9692095518112183 0.6864583492279053 0.0009191176504828036 0.0020833334419876337
0.0 0.6989889740943909 0.5848958492279053 0.0009191176504828036 0.0010416667209938169
0.0 0.8947610259056091 0.5755208730697632 0.0009191176504828036 0.0010416667209938169
0.0 0.8083639740943909 0.4453125298023224 0.0009191176504828036 0.0010416667209938169
0.0 0.912224292755127 0.5802083611488342 0.0009191176504828036 0.0020833334419876337
0.0 0.8644301295280457 0.7583333849906921 0.0009191176504828036 0.0020833334419876337
0.0 0.7375919222831726 0.9572917222976685 0.0009191176504828036 0.0020833334419876337
0.0 0.7651654481887817 0.6833333969116211 0.0009191176504828036 0.0020833334419876337
0.0 0.7251838445663452 0.9312500357627869 0.0018382353009656072 0.006250000558793545
0.0 0.02389705926179886 0.6583333611488342 0.0018382353009656072 0.0020833334419876337
0.0 0.8125 0.8796875476837158 0.0018382353009656072 0.0031250002793967724
0.0 0.677849292755127 0.8390625715255737 0.0009191176504828036 0.0010416667209938169
0.0 0.8547794222831726 0.6500000357627869 0.0018382353009656072 0.004166666883975267
0.0 0.8681066036224365 0.6328125596046448 0.0009191176504828036 0.0010416667209938169
0.0 0.6668198704719543 0.7067708969116211 0.0009191176504828036 0.0010416667209938169
0.0 0.7251838445663452 0.9312500357627869 0.005514706019312143 0.008333333767950535
0.0 0.6677389740943909 0.635937511920929 0.0009191176504828036 0.0010416667209938169
0.0 0.865349292755127 0.8739583492279053 0.0009191176504828036 0.0020833334419876337
0.0 0.7568933963775635 0.5843750238418579 0.0009191176504828036 0.0020833334419876337
0.0 0.43152573704719543 0.5687500238418579 0.0009191176504828036 0.0020833334419876337
0.0 0.7899816036224365 0.5984375476837158 0.0009191176504828036 0.0010416667209938169
0.0 0.7564338445663452 0.9062500596046448 0.0018382353009656072 0.0020833334419876337
0.0 0.8579963445663452 0.6791666746139526 0.0009191176504828036 0.0020833334419876337
0.0 0.9250919222831726 0.5942708849906921 0.0009191176504828036 0.0010416667209938169
0.0 0.8864889740943909 0.6661458611488342 0.0009191176504828036 0.0010416667209938169
0.0 0.9048713445663452 0.17031250894069672 0.0027573530096560717 0.0010416667209938169
0.0 0.8717830777168274 0.7880208492279053 0.0009191176504828036 0.0031250002793967724
0.0 0.9880514740943909 0.8718750476837158 0.0018382353009656072 0.0020833334419876337
0.0 0.9370404481887817 0.6703125238418579 0.0009191176504828036 0.0010416667209938169
0.0 0.8065257668495178 0.8906250596046448 0.0009191176504828036 0.0020833334419876337
0.0 0.8000919222831726 0.9213542342185974 0.0009191176504828036 0.0031250002793967724
0.0 0.8520220518112183 0.7109375596046448 0.0036764706019312143 0.00729166716337204
0.0 0.7798713445663452 0.9229167103767395 0.0009191176504828036 0.0020833334419876337
0.0 0.9425551295280457 0.6140625476837158 0.0009191176504828036 0.0010416667209938169
0.0 0.8975183963775635 0.6223958730697632 0.0009191176504828036 0.0010416667209938169
0.0 0.6438419222831726 0.7854167222976685 0.0009191176504828036 0.0020833334419876337
0.0 0.6884191036224365 0.515625 0.0018382353009656072 0.0020833334419876337
0.0 0.9324448704719543 0.5546875 0.0009191176504828036 0.0010416667209938169
0.0 0.9177389740943909 0.5718750357627869 0.0009191176504828036 0.0020833334419876337
0.0 0.9453125 0.5989583730697632 0.0009191176504828036 0.0020833334419876337
0.0 0.9370404481887817 0.589062511920929 0.0009191176504828036 0.0010416667209938169
0.0 0.5082720518112183 0.92083340883255 0.0018382353009656072 0.0020833334419876337
0.0 0.6125919222831726 0.90520840883255 0.0009191176504828036 0.0020833334419876337
0.0 0.8869485259056091 0.38333335518836975 0.0018382353009656072 0.0020833334419876337
0.0 0.8570771813392639 0.7385417222976685 0.0009191176504828036 0.0020833334419876337
0.0 0.7844669222831726 0.4166666865348816 0.0009191176504828036 0.0020833334419876337
0.0 0.9797794222831726 0.47968751192092896 0.0018382353009656072 0.0031250002793967724
0.0 0.9466911554336548 0.6161458492279053 0.0018382353009656072 0.0010416667209938169
0.0 0.29871323704719543 0.8208333849906921 0.0018382353009656072 0.0020833334419876337
0.0 0.5045955777168274 0.8302083611488342 0.007352941203862429 0.010416666977107525
0.0 0.9724264740943909 0.6218750476837158 0.0018382353009656072 0.0020833334419876337
0.0 0.880974292755127 0.6166666746139526 0.0009191176504828036 0.0020833334419876337
0.0 0.7743566036224365 0.8760417103767395 0.0027573530096560717 0.0020833334419876337
0.0 0.9195771813392639 0.6645833849906921 0.0009191176504828036 0.0020833334419876337
0.0 0.24632352590560913 0.2645833492279053 0.007352941203862429 0.010416666977107525
0.0 0.7532169222831726 0.7250000238418579 0.0009191176504828036 0.0020833334419876337
0.0 0.9857536554336548 0.5390625 0.0009191176504828036 0.0010416667209938169
0.0 0.5022978186607361 0.6697916984558105 0.0027573530096560717 0.004166666883975267
0.0 0.47058823704719543 0.7177083492279053 0.005514706019312143 0.006250000558793545
0.0 0.8602941036224365 0.5869792103767395 0.0018382353009656072 0.0031250002793967724
0.0 0.37224265933036804 0.8072916865348816 0.012867647223174572 0.01458333432674408
0.0 0.37224265933036804 0.6609375476837158 0.005514706019312143 0.0031250002793967724
0.0 0.8511029481887817 0.5385416746139526 0.0018382353009656072 0.004166666883975267
