0 0.069393 0.506250 0.004596 0.004167
0 0.525276 0.629688 0.000919 0.001042
0 0.713695 0.224479 0.000919 0.001042
0 0.169118 0.602083 0.001838 0.002083
0 0.212776 0.689063 0.000919 0.001042
0 0.595129 0.461979 0.002757 0.001042
0 0.546415 0.627604 0.000919 0.001042
0 0.067555 0.921354 0.000919 0.001042
0 0.744945 0.534896 0.000919 0.001042
0 0.615349 0.629688 0.000919 0.001042
0 0.789062 0.330729 0.000919 0.001042
0 0.368566 0.194792 0.001838 0.002083
0 0.056985 0.397917 0.001838 0.002083
0 0.308364 0.407813 0.000919 0.001042
0 0.488511 0.609375 0.000919 0.002083
0 0.576746 0.488021 0.000919 0.001042
0 0.547794 0.544792 0.001838 0.004167
0 0.316176 0.699479 0.001838 0.001042
0 0.811121 0.022396 0.000919 0.001042
0 0.961397 0.207813 0.001838 0.003125
0 0.583640 0.502083 0.003676 0.004167
0 0.264246 0.337500 0.000919 0.002083
0 0.853401 0.648438 0.000919 0.001042
0 0.576746 0.483333 0.000919 0.002083
0 0.206342 0.688542 0.000919 0.002083
0 0.320772 0.701042 0.003676 0.002083
0 0.597886 0.478646 0.000919 0.001042
0 0.389246 0.515104 0.000919 0.001042
0 0.796415 0.123958 0.000919 0.002083
0 0.828125 0.279688 0.001838 0.001042
0 0.558364 0.500521 0.000919 0.001042
0 0.503217 0.509896 0.000919 0.001042
0 0.768842 0.531250 0.000919 0.002083
0 0.743566 0.153646 0.001838 0.001042
0 0.197151 0.296875 0.000919 0.002083
0 0.184283 0.555729 0.000919 0.001042
0 0.466912 0.958333 0.001838 0.004167
0 0.423254 0.920833 0.000919 0.002083
0 0.005974 0.869271 0.000919 0.003125
0 0.755974 0.890625 0.000919 0.002083
0 0.194393 0.465625 0.000919 0.002083
0 0.594210 0.572396 0.000919 0.001042
0 0.630515 0.005208 0.001838 0.002083
0 0.050551 0.416667 0.001838 0.002083
0 0.745404 0.196354 0.001838 0.003125
0 0.732996 0.682292 0.000919 0.002083
0 0.772518 0.768750 0.000919 0.002083
0 0.863511 0.876042 0.000919 0.002083
0 0.818474 0.146354 0.000919 0.001042
0 0.863511 0.032813 0.000919 0.001042
0 0.755055 0.986458 0.000919 0.002083
0 0.550092 0.833854 0.000919 0.001042
0 0.514246 0.767708 0.000919 0.002083
0 0.801930 0.036979 0.000919 0.001042
0 0.456342 0.855208 0.000919 0.002083
0 0.879136 0.727604 0.000919 0.001042
0 0.258732 0.475521 0.000919 0.001042
0 0.853401 0.073438 0.000919 0.001042
0 0.529871 0.791667 0.000919 0.002083
0 0.292739 0.541146 0.000919 0.001042
0 0.751379 0.167188 0.000919 0.001042
0 0.208180 0.303646 0.000919 0.001042
0 0.867188 0.626563 0.000919 0.001042
0 0.443015 0.826042 0.001838 0.006250
0 0.551011 0.546354 0.000919 0.001042
0 0.797335 0.148958 0.000919 0.002083
0 0.460938 0.836458 0.002757 0.002083
0 0.809283 0.085938 0.000919 0.001042
0 0.399357 0.396354 0.000919 0.001042
0 0.857996 0.547917 0.000919 0.002083
0 0.751838 0.752083 0.001838 0.002083
0 0.442555 0.994271 0.000919 0.003125
0 0.703585 0.280729 0.000919 0.001042
0 0.617188 0.843750 0.000919 0.002083
0 0.705423 0.342188 0.000919 0.001042
0 0.388327 0.464063 0.000919 0.001042
0 0.638327 0.164063 0.000919 0.001042
0 0.308824 0.408333 0.001838 0.002083
0 0.820312 0.501563 0.000919 0.001042
0 0.887408 0.657292 0.000919 0.002083
0 0.607996 0.551563 0.000919 0.001042
0 0.584099 0.474479 0.000919 0.001042
0 0.820312 0.153646 0.000919 0.001042
0 0.711857 0.220833 0.000919 0.002083
0 0.148897 0.508333 0.001838 0.002083
0 0.622702 0.553646 0.000919 0.001042
0 0.615349 0.487500 0.000919 0.002083
0 0.723805 0.954688 0.000919 0.003125
0 0.624540 0.544271 0.000919 0.001042
0 0.086857 0.420833 0.000919 0.002083
0 0.653952 0.310417 0.000919 0.002083
0 0.789982 0.907292 0.000919 0.002083
0 0.973805 0.639063 0.000919 0.001042
0 0.095129 0.840104 0.000919 0.003125
0 0.699908 0.089063 0.000919 0.001042
0 0.244026 0.467188 0.000919 0.001042
0 0.462776 0.613542 0.000919 0.002083
0 0.570772 0.542708 0.001838 0.002083
0 0.673254 0.330729 0.000919 0.001042
0 0.325827 0.472917 0.000919 0.002083
0 0.827665 0.673958 0.000919 0.002083
0 0.552390 0.385938 0.001838 0.001042
0 0.593290 0.542708 0.000919 0.002083
0 0.164982 0.879167 0.000919 0.002083
0 0.280790 0.619792 0.000919 0.002083
0 0.484835 0.611458 0.000919 0.002083
0 0.552849 0.225521 0.000919 0.001042
0 0.372243 0.129167 0.001838 0.002083
0 0.382353 0.114583 0.001838 0.002083
0 0.329044 0.323958 0.001838 0.002083
0 0.754136 0.587500 0.000919 0.002083
0 0.492188 0.709375 0.000919 0.002083
0 0.573989 0.507292 0.000919 0.002083
0 0.556066 0.719792 0.001838 0.002083
0 0.347426 0.267188 0.001838 0.001042
0 0.623621 0.444792 0.000919 0.002083
0 0.426011 0.373958 0.002757 0.002083
0 0.925551 0.769271 0.001838 0.001042
0 0.971967 0.596875 0.000919 0.002083
0 0.952665 0.004167 0.000919 0.002083
0 0.399816 0.632292 0.001838 0.002083
0 0.397059 0.834375 0.003676 0.002083
0 0.203585 0.498438 0.000919 0.001042
0 0.849724 0.994792 0.000919 0.002083
0 0.763787 0.703125 0.001838 0.002083
0 0.501379 0.758854 0.000919 0.003125
0 0.728401 0.904688 0.000919 0.001042
0 0.587776 0.471875 0.000919 0.002083
0 0.012868 0.824479 0.001838 0.003125
0 0.740349 0.705729 0.000919 0.001042
0 0.267923 0.409375 0.000919 0.002083
0 0.764706 0.565104 0.003676 0.003125
0 0.200827 0.471875 0.000919 0.002083
0 0.894761 0.961979 0.000919 0.001042
0 0.619026 0.279167 0.000919 0.002083
0 0.164522 0.332292 0.001838 0.002083
0 0.652114 0.401563 0.000919 0.001042
0 0.848346 0.608333 0.001838 0.002083
0 0.518842 0.239063 0.000919 0.001042
0 0.611213 0.181250 0.001838 0.002083
0 0.332721 0.907292 0.001838 0.006250
0 0.901195 0.721354 0.000919 0.001042
0 0.648438 0.415625 0.000919 0.002083
0 0.323070 0.485417 0.000919 0.002083
0 0.870864 0.615625 0.000919 0.002083
0 0.552849 0.507292 0.000919 0.002083
0 0.935202 0.764063 0.000919 0.003125
0 0.639246 0.375000 0.000919 0.002083
0 0.952665 0.599479 0.000919 0.001042
0 0.527114 0.648958 0.000919 0.002083
0 0.459099 0.538542 0.000919 0.002083
0 0.251379 0.958854 0.000919 0.003125
0 0.540901 0.927083 0.000919 0.002083
0 0.527114 0.848958 0.000919 0.002083
0 0.733915 0.205729 0.000919 0.001042
0 0.988971 0.529167 0.001838 0.002083
0 0.069853 0.504688 0.007353 0.005208
0 0.626379 0.466146 0.000919 0.001042
0 0.938879 0.555729 0.000919 0.001042
0 0.286765 0.412500 0.001838 0.002083
0 0.539062 0.220313 0.000919 0.001042
0 0.224724 0.559375 0.000919 0.002083
0 0.247243 0.426563 0.001838 0.003125
0 0.589154 0.491667 0.001838 0.002083
0 0.265625 0.838542 0.001838 0.002083
0 0.767004 0.161979 0.000919 0.001042
0 0.926930 0.735417 0.000919 0.002083
0 0.761489 0.990625 0.000919 0.002083
0 0.759651 0.983854 0.000919 0.003125
0 0.823989 0.098958 0.000919 0.002083
0 0.925092 0.489063 0.000919 0.001042
0 0.968290 0.623958 0.000919 0.002083
0 0.728401 0.712500 0.000919 0.002083
0 0.647518 0.395313 0.000919 0.001042
0 0.148438 0.486458 0.000919 0.002083
0 0.074449 0.576042 0.001838 0.002083
0 0.459559 0.585417 0.001838 0.002083
0 0.167279 0.587500 0.003676 0.004167
0 0.039522 0.613542 0.003676 0.002083
0 0.164062 0.826042 0.008272 0.006250
0 0.859375 0.966667 0.001838 0.002083
0 0.766085 0.371354 0.000919 0.001042
0 0.348805 0.611458 0.000919 0.002083
0 0.816636 0.515104 0.000919 0.003125
0 0.120404 0.568750 0.001838 0.002083
0 0.666820 0.398958 0.000919 0.002083
0 0.162224 0.239063 0.002757 0.003125
0 0.753217 0.869271 0.000919 0.003125
0 0.780790 0.972917 0.000919 0.002083
0 0.372702 0.456771 0.000919 0.003125
0 0.821232 0.433854 0.000919 0.001042
0 0.672335 0.379167 0.000919 0.002083
0 0.788143 0.697396 0.000919 0.001042
0 0.412224 0.838542 0.002757 0.004167
0 0.234375 0.584896 0.001838 0.003125
0 0.441636 0.856771 0.000919 0.003125
0 0.914062 0.935417 0.000919 0.002083
0 0.345588 0.207813 0.007353 0.005208
0 0.547335 0.042708 0.006434 0.006250
0 0.421415 0.658333 0.000919 0.002083
0 0.552390 0.839063 0.003676 0.005208
0 0.348805 0.876563 0.002757 0.003125
0 0.259651 0.434375 0.000919 0.002083
0 0.609835 0.018750 0.002757 0.002083
0 0.756434 0.381250 0.001838 0.002083
0 0.656250 0.483854 0.001838 0.003125
0 0.650276 0.360417 0.000919 0.002083
0 0.605699 0.503646 0.001838 0.003125
0 0.520221 0.753646 0.001838 0.003125
0 0.182445 0.360938 0.002757 0.005208
0 0.426930 0.374479 0.002757 0.003125
0 0.547335 0.758333 0.002757 0.004167
0 0.995404 0.644792 0.003676 0.002083
0 0.685202 0.319792 0.000919 0.002083
0 0.424173 0.861458 0.002757 0.008333
0 0.467371 0.959375 0.002757 0.004167
0 0.746324 0.196354 0.001838 0.003125
0 0.753217 0.977604 0.002757 0.003125
0 0.641544 0.436979 0.001838 0.003125
0 0.692555 0.451563 0.000919 0.003125
0 0.961397 0.208854 0.003676 0.003125
0 0.146599 0.858333 0.004596 0.006250
0 0.448989 0.944271 0.002757 0.007292
0 0.919577 0.296875 0.002757 0.002083
0 0.339614 0.721875 0.004596 0.010417
0 0.484835 0.541146 0.002757 0.003125
