0.0 0.2578125 0.6171875596046448 0.0009191176504828036 0.0010416667209938169
0.0 0.8984375 0.4828125238418579 0.0009191176504828036 0.0010416667209938169
0.0 0.7991728186607361 0.6484375596046448 0.0009191176504828036 0.0010416667209938169
0.0 0.8074448704719543 0.8838542103767395 0.0009191176504828036 0.0010416667209938169
0.0 0.8203125 0.35989585518836975 0.0009191176504828036 0.0010416667209938169
0.0 0.9425551295280457 0.5098958611488342 0.0009191176504828036 0.0010416667209938169
0.0 0.7385110259056091 0.8677083849906921 0.0009191176504828036 0.0020833334419876337
0.0 0.7633271813392639 0.9859375357627869 0.0009191176504828036 0.0010416667209938169
0.0 0.7270220518112183 0.8645833730697632 0.0018382353009656072 0.004166666883975267
0.0 0.1750919073820114 0.7322916984558105 0.0009191176504828036 0.0020833334419876337
0.0 0.9811580777168274 0.46562501788139343 0.0009191176504828036 0.0020833334419876337
0.0 0.8207720518112183 0.8104166984558105 0.0018382353009656072 0.0020833334419876337
0.0 0.3883272111415863 0.546875 0.0009191176504828036 0.0020833334419876337
0.0 0.6943933963775635 0.5177083611488342 0.0009191176504828036 0.0020833334419876337
0.0 0.9972426295280457 0.34791669249534607 0.0018382353009656072 0.0020833334419876337
0.0 0.9352021813392639 0.39479169249534607 0.0009191176504828036 0.0020833334419876337
0.0 0.7725183963775635 0.4322916865348816 0.0009191176504828036 0.0020833334419876337
0.0 0.8037683963775635 0.8229166865348816 0.0009191176504828036 0.0020833334419876337
0.0 0.03446691110730171 0.9088541865348816 0.0009191176504828036 0.0010416667209938169
0.0 0.7826286554336548 0.7890625596046448 0.0009191176504828036 0.0010416667209938169
0.0 0.8782169222831726 0.7656250596046448 0.0009191176504828036 0.0020833334419876337
0.0 0.8074448704719543 0.3723958432674408 0.0009191176504828036 0.0010416667209938169
0.0 0.9329044222831726 0.5197917222976685 0.0018382353009656072 0.0020833334419876337
0.0 0.7265625 0.9041666984558105 0.0009191176504828036 0.0020833334419876337
0.0 0.9292279481887817 0.5895833373069763 0.0018382353009656072 0.0020833334419876337
0.0 0.7329963445663452 0.44947919249534607 0.0009191176504828036 0.0010416667209938169
0.0 0.8147978186607361 0.8218750357627869 0.0009191176504828036 0.0020833334419876337
0.0 0.8699448704719543 0.714062511920929 0.0009191176504828036 0.0010416667209938169
0.0 0.8432904481887817 0.8500000238418579 0.0009191176504828036 0.0020833334419876337
0.0 0.7909007668495178 0.5276042222976685 0.0009191176504828036 0.0010416667209938169
0.0 0.7072610259056091 0.24843750894069672 0.0009191176504828036 0.0010416667209938169
0.0 0.693474292755127 0.6421875357627869 0.0009191176504828036 0.0010416667209938169
0.0 0.7771139740943909 0.5963541865348816 0.0009191176504828036 0.0010416667209938169
0.0 0.7467830777168274 0.9005208611488342 0.0009191176504828036 0.0010416667209938169
0.0 0.9508271813392639 0.5375000238418579 0.0009191176504828036 0.0020833334419876337
0.0 0.849724292755127 0.8286458849906921 0.0009191176504828036 0.0010416667209938169
0.0 0.8409926295280457 0.18333333730697632 0.0018382353009656072 0.0020833334419876337
0.0 0.8956801295280457 0.5776041746139526 0.0009191176504828036 0.0010416667209938169
0.0 0.9388786554336548 0.4791666865348816 0.0009191176504828036 0.0020833334419876337
0.0 0.8354779481887817 0.3343750238418579 0.0018382353009656072 0.0020833334419876337
0.0 0.9581801295280457 0.5177083611488342 0.0009191176504828036 0.0020833334419876337
0.0 0.45588234066963196 0.5880208611488342 0.0018382353009656072 0.0010416667209938169
0.0 0.8331801295280457 0.6739583611488342 0.0009191176504828036 0.0020833334419876337
0.0 0.9885110259056091 0.23854167759418488 0.0009191176504828036 0.0020833334419876337
0.0 0.8492646813392639 0.7666667103767395 0.0036764706019312143 0.004166666883975267
0.0 0.7541360259056091 0.9291667342185974 0.0009191176504828036 0.0020833334419876337
0.0 0.9324448704719543 0.6130208373069763 0.0009191176504828036 0.0010416667209938169
0.0 0.5602021813392639 0.7604166865348816 0.0009191176504828036 0.0020833334419876337
0.0 0.8102021813392639 0.7828125357627869 0.0009191176504828036 0.0010416667209938169
0.0 0.8869485259056091 0.5432292222976685 0.0018382353009656072 0.0010416667209938169
0.0 0.8878676295280457 0.30937501788139343 0.0036764706019312143 0.0020833334419876337
0.0 0.34191176295280457 0.6677083969116211 0.0018382353009656072 0.0020833334419876337
0.0 0.7311580777168274 0.20625001192092896 0.0009191176504828036 0.0020833334419876337
0.0 0.8524816036224365 0.6562500596046448 0.0009191176504828036 0.0020833334419876337
0.0 0.8515625 0.6885417103767395 0.0009191176504828036 0.0020833334419876337
0.0 0.865349292755127 0.6062500476837158 0.0009191176504828036 0.0020833334419876337
0.0 0.9508271813392639 0.8380208611488342 0.0009191176504828036 0.0010416667209938169
0.0 0.6171875 0.8968750238418579 0.0009191176504828036 0.0020833334419876337
0.0 0.5666360259056091 0.9109375476837158 0.0009191176504828036 0.0010416667209938169
0.0 0.8786764740943909 0.6156250238418579 0.0018382353009656072 0.004166666883975267
0.0 0.04733455926179886 0.8557292222976685 0.0009191176504828036 0.0010416667209938169
0.0 0.7789521813392639 0.8192708492279053 0.0009191176504828036 0.0010416667209938169
0.0 0.9021139740943909 0.6145833730697632 0.0009191176504828036 0.0020833334419876337
0.0 0.17325367033481598 0.8000000715255737 0.0009191176504828036 0.0020833334419876337
0.0 0.9857536554336548 0.714062511920929 0.0009191176504828036 0.0010416667209938169
0.0 0.8552389740943909 0.6963542103767395 0.0009191176504828036 0.0010416667209938169
0.0 0.9935661554336548 0.4619791805744171 0.0018382353009656072 0.0010416667209938169
0.0 0.6824448704719543 0.4635416865348816 0.0009191176504828036 0.0020833334419876337
0.0 0.9471507668495178 0.5942708849906921 0.0009191176504828036 0.0010416667209938169
0.0 0.9250919222831726 0.4453125298023224 0.0009191176504828036 0.0010416667209938169
0.0 0.9361213445663452 0.4359375238418579 0.0009191176504828036 0.0010416667209938169
0.0 0.9168198704719543 0.2515625059604645 0.0009191176504828036 0.0010416667209938169
0.0 0.8129595518112183 0.7666667103767395 0.0009191176504828036 0.0020833334419876337
0.0 0.5556066036224365 0.44166669249534607 0.0009191176504828036 0.0020833334419876337
0.0 0.6966911554336548 0.8291667103767395 0.0018382353009656072 0.0020833334419876337
0.0 0.8658088445663452 0.6645833849906921 0.0036764706019312143 0.004166666883975267
0.0 0.8727021813392639 0.6343750357627869 0.0009191176504828036 0.0020833334419876337
0.0 0.7578125 0.45000001788139343 0.0009191176504828036 0.0020833334419876337
0.0 0.6925551295280457 0.6942708492279053 0.0009191176504828036 0.0010416667209938169
0.0 0.7734375 0.5598958730697632 0.0009191176504828036 0.0010416667209938169
0.0 0.9489889740943909 0.4671875238418579 0.0009191176504828036 0.0031250002793967724
0.0 0.8814338445663452 0.7145833969116211 0.0018382353009656072 0.004166666883975267
0.0 0.4094669222831726 0.5072916746139526 0.0009191176504828036 0.0020833334419876337
0.0 0.7679228186607361 0.8208333849906921 0.0009191176504828036 0.0020833334419876337
0.0 0.8396139740943909 0.7031250596046448 0.0009191176504828036 0.0020833334419876337
0.0 0.7045036554336548 0.8385416865348816 0.0009191176504828036 0.0020833334419876337
0.0 0.755974292755127 0.41822919249534607 0.0009191176504828036 0.0010416667209938169
0.0 0.8947610259056091 0.5921875238418579 0.0009191176504828036 0.0010416667209938169
0.0 0.8901654481887817 0.41822919249534607 0.0009191176504828036 0.0010416667209938169
0.0 0.6741728186607361 0.7744792103767395 0.0009191176504828036 0.0010416667209938169
0.0 0.9710478186607361 0.3192708492279053 0.0009191176504828036 0.0010416667209938169
0.0 0.6580882668495178 0.5494791865348816 0.0018382353009656072 0.0010416667209938169
0.0 0.8010110259056091 0.9843750596046448 0.0009191176504828036 0.0020833334419876337
0.0 0.9352021813392639 0.23593750596046448 0.0009191176504828036 0.0010416667209938169
0.0 0.9535845518112183 0.5218750238418579 0.0009191176504828036 0.0020833334419876337
0.0 0.37913602590560913 0.49791669845581055 0.0009191176504828036 0.0020833334419876337
0.0 0.49264705181121826 0.8619791865348816 0.0018382353009656072 0.0031250002793967724
0.0 0.8777573704719543 0.6598958969116211 0.0018382353009656072 0.0010416667209938169
0.0 0.8658088445663452 0.6645833849906921 0.0018382353009656072 0.0020833334419876337
0.0 0.8676470518112183 0.7098958492279053 0.0018382353009656072 0.0010416667209938169
0.0 0.5629595518112183 0.9401041865348816 0.0009191176504828036 0.0010416667209938169
0.0 0.8267463445663452 0.9171875715255737 0.0009191176504828036 0.0010416667209938169
0.0 0.7274816036224365 0.8661458492279053 0.0027573530096560717 0.00729166716337204
0.0 0.4866727888584137 0.6072916984558105 0.0027573530096560717 0.0020833334419876337
0.0 0.9958639740943909 0.3348958492279053 0.0027573530096560717 0.0031250002793967724
0.0 0.7863051295280457 0.8536458611488342 0.0009191176504828036 0.0010416667209938169
0.0 0.7302389740943909 0.5083333849906921 0.0009191176504828036 0.0020833334419876337
0.0 0.8120404481887817 0.5276042222976685 0.0009191176504828036 0.0010416667209938169
0.0 0.8359375 0.7630208730697632 0.0009191176504828036 0.0010416667209938169
0.0 0.982536792755127 0.5437500476837158 0.0018382353009656072 0.0020833334419876337
0.0 0.8322610259056091 0.6661458611488342 0.0009191176504828036 0.0031250002793967724
0.0 0.7550551295280457 0.6567708849906921 0.0009191176504828036 0.0010416667209938169
0.0 0.9237132668495178 0.49687501788139343 0.0018382353009656072 0.0020833334419876337
0.0 0.8993566036224365 0.3765625059604645 0.0009191176504828036 0.0010416667209938169
0.0 0.8740808963775635 0.6843750476837158 0.0018382353009656072 0.0020833334419876337
0.0 0.8736213445663452 0.4359375238418579 0.0009191176504828036 0.0010416667209938169
0.0 0.7904411554336548 0.9416667222976685 0.0018382353009656072 0.0020833334419876337
0.0 0.8010110259056091 0.3958333432674408 0.0009191176504828036 0.0020833334419876337
0.0 0.7830882668495178 0.3463541865348816 0.0018382353009656072 0.0010416667209938169
0.0 0.7670036554336548 0.6145833730697632 0.0009191176504828036 0.0020833334419876337
0.0 0.7987132668495178 0.8442708849906921 0.0018382353009656072 0.0010416667209938169
0.0 0.6052389740943909 0.8416666984558105 0.0009191176504828036 0.0020833334419876337
0.0 0.7743566036224365 0.8421875238418579 0.0009191176504828036 0.0031250002793967724
0.0 0.740349292755127 0.44843751192092896 0.0009191176504828036 0.0010416667209938169
0.0 0.9811580777168274 0.6093750596046448 0.0009191176504828036 0.0020833334419876337
0.0 0.6815257668495178 0.44843751192092896 0.0009191176504828036 0.0010416667209938169
0.0 0.7688419222831726 0.42916667461395264 0.0009191176504828036 0.0020833334419876337
0.0 0.765625 0.8515625596046448 0.0018382353009656072 0.0010416667209938169
0.0 0.6613051295280457 0.5713542103767395 0.0009191176504828036 0.0010416667209938169
0.0 0.6842830777168274 0.5942708849906921 0.0009191176504828036 0.0010416667209938169
0.0 0.7881433963775635 0.9250000715255737 0.0009191176504828036 0.0020833334419876337
0.0 0.8745404481887817 0.5598958730697632 0.0009191176504828036 0.0010416667209938169
0.0 0.9701286554336548 0.90520840883255 0.0009191176504828036 0.0020833334419876337
0.0 0.818474292755127 0.7786458730697632 0.0009191176504828036 0.0010416667209938169
0.0 0.6613051295280457 0.6411458849906921 0.0009191176504828036 0.0010416667209938169
0.0 0.8800551295280457 0.6697916984558105 0.0009191176504828036 0.0020833334419876337
0.0 0.755974292755127 0.5151041746139526 0.0009191176504828036 0.0010416667209938169
0.0 0.9558823704719543 0.5395833849906921 0.0018382353009656072 0.0020833334419876337
0.0 0.8768382668495178 0.8020833730697632 0.0018382353009656072 0.0020833334419876337
0.0 0.984375 0.4036458432674408 0.0018382353009656072 0.0031250002793967724
0.0 0.8455882668495178 0.9817708730697632 0.0018382353009656072 0.0031250002793967724
0.0 0.834099292755127 0.9630208611488342 0.0009191176504828036 0.0031250002793967724
0.0 0.8092830777168274 0.7734375596046448 0.0009191176504828036 0.0010416667209938169
0.0 0.8230698704719543 0.7645833492279053 0.0009191176504828036 0.0020833334419876337
0.0 0.7918198704719543 0.9656250476837158 0.0009191176504828036 0.004166666883975267
0.0 0.8432904481887817 0.9125000238418579 0.0009191176504828036 0.0020833334419876337
0.0 0.26838234066963196 0.7718750238418579 0.0018382353009656072 0.0020833334419876337
0.0 0.8814338445663452 0.4020833671092987 0.0018382353009656072 0.0020833334419876337
0.0 0.8386948704719543 0.9302083849906921 0.0009191176504828036 0.0020833334419876337
0.0 0.5891544222831726 0.706250011920929 0.0018382353009656072 0.004166666883975267
0.0 0.7614889740943909 0.8385416865348816 0.0009191176504828036 0.0020833334419876337
0.0 0.734375 0.5531250238418579 0.0018382353009656072 0.006250000558793545
0.0 0.849724292755127 0.643750011920929 0.0009191176504828036 0.0020833334419876337
0.0 0.8598345518112183 0.6380208730697632 0.004595588427037001 0.00729166716337204
0.0 0.20955882966518402 0.2135416716337204 0.007352941203862429 0.010416666977107525
0.0 0.7798713445663452 0.8088542222976685 0.0009191176504828036 0.0031250002793967724
0.0 0.7798713445663452 0.9572917222976685 0.0027573530096560717 0.006250000558793545
0.0 0.8713235259056091 0.2770833373069763 0.0018382353009656072 0.0020833334419876337
0.0 0.4898897111415863 0.7713541984558105 0.007352941203862429 0.00937500037252903
0.0 0.8644301295280457 0.5135416984558105 0.0027573530096560717 0.004166666883975267
0.0 0.8492646813392639 0.7671875357627869 0.0018382353009656072 0.0052083334885537624
0.0 0.8079044222831726 0.8515625596046448 0.0018382353009656072 0.0031250002793967724
0.0 0.7693014740943909 0.9375000596046448 0.0018382353009656072 0.0020833334419876337
0.0 0.9025735259056091 0.09947916865348816 0.0018382353009656072 0.0010416667209938169
0.0 0.8878676295280457 0.3098958432674408 0.0018382353009656072 0.0031250002793967724
0.0 0.8901654481887817 0.0520833358168602 0.0027573530096560717 0.0020833334419876337
0.0 0.48621323704719543 0.6072916984558105 0.0036764706019312143 0.004166666883975267
0.0 0.8524816036224365 0.4609375298023224 0.0027573530096560717 0.0052083334885537624
0.0 0.34650734066963196 0.7536458969116211 0.012867647223174572 0.01770833507180214
0.0 0.34558823704719543 0.6000000238418579 0.005514706019312143 0.004166666883975267
0.0 0.4522058963775635 0.6562500596046448 0.005514706019312143 0.006250000558793545
