0.0 0.8102021813392639 0.6973958611488342 0.0009191176504828036 0.0010416667209938169
0.0 0.49954044818878174 0.05937500298023224 0.0009191176504828036 0.0020833334419876337
0.0 0.3157169222831726 0.42760419845581055 0.0027573530096560717 0.0031250002793967724
0.0 0.20266544818878174 0.03802083432674408 0.0009191176504828036 0.0010416667209938169
0.0 0.25045955181121826 0.46562501788139343 0.0009191176504828036 0.0020833334419876337
0.0 0.5036764740943909 0.18906250596046448 0.0018382353009656072 0.0010416667209938169
0.0 0.0859375 0.5796875357627869 0.0009191176504828036 0.0010416667209938169
0.0 0.22472426295280457 0.9567708969116211 0.0009191176504828036 0.0010416667209938169
0.0 0.5886948704719543 0.06927083432674408 0.0009191176504828036 0.0031250002793967724
0.0 0.0914522036910057 0.3645833432674408 0.0009191176504828036 0.0020833334419876337
0.0 0.8938419222831726 0.6151041984558105 0.0009191176504828036 0.0010416667209938169
0.0 0.9113051295280457 0.5833333730697632 0.0027573530096560717 0.0020833334419876337
0.0 0.2904411852359772 0.42916667461395264 0.0018382353009656072 0.0020833334419876337
0.0 0.6668198704719543 0.35208335518836975 0.0009191176504828036 0.0020833334419876337
0.0 0.47288602590560913 0.16041667759418488 0.0027573530096560717 0.0020833334419876337
0.0 0.6603860259056091 0.7723958492279053 0.0009191176504828036 0.0010416667209938169
0.0 0.06939338147640228 0.5880208611488342 0.0009191176504828036 0.0031250002793967724
0.0 0.7964154481887817 0.3192708492279053 0.0009191176504828036 0.0010416667209938169
0.0 0.6585478186607361 0.7385417222976685 0.0027573530096560717 0.0020833334419876337
0.0 0.2389705926179886 0.8791667222976685 0.0018382353009656072 0.0020833334419876337
0.0 0.9273896813392639 0.4843750298023224 0.0018382353009656072 0.004166666883975267
0.0 0.8929228186607361 0.5411458611488342 0.0009191176504828036 0.0010416667209938169
0.0 0.6029411554336548 0.8947917222976685 0.0036764706019312143 0.0020833334419876337
0.0 0.578125 0.0572916679084301 0.0018382353009656072 0.0020833334419876337
0.0 0.5491728186607361 0.2536458373069763 0.0009191176504828036 0.0010416667209938169
0.0 0.7927389740943909 0.6895833611488342 0.0009191176504828036 0.0020833334419876337
0.0 0.5896139740943909 0.6333333849906921 0.0009191176504828036 0.0020833334419876337
0.0 0.47931984066963196 0.1015625074505806 0.0009191176504828036 0.0010416667209938169
0.0 0.31985294818878174 0.6755208969116211 0.0018382353009656072 0.0010416667209938169
0.0 0.24402573704719543 0.7536458969116211 0.0009191176504828036 0.0010416667209938169
0.0 0.2954963147640228 0.4036458432674408 0.0009191176504828036 0.0010416667209938169
0.0 0.5252757668495178 0.1901041716337204 0.0009191176504828036 0.0010416667209938169
0.0 0.37913602590560913 0.34427085518836975 0.0009191176504828036 0.0010416667209938169
0.0 0.0013786765048280358 0.7177083492279053 0.0027573530096560717 0.0020833334419876337
0.0 0.49034926295280457 0.28697916865348816 0.0009191176504828036 0.0010416667209938169
0.0 0.1999080926179886 0.6677083969116211 0.0009191176504828036 0.0020833334419876337
0.0 0.9131433963775635 0.49635419249534607 0.0009191176504828036 0.0010416667209938169
0.0 0.904411792755127 0.6296875476837158 0.0018382353009656072 0.0010416667209938169
0.0 0.9011948704719543 0.5213541984558105 0.0009191176504828036 0.0010416667209938169
0.0 0.5454963445663452 0.02031250111758709 0.0009191176504828036 0.0010416667209938169
0.0 0.873161792755127 0.3552083373069763 0.0018382353009656072 0.0020833334419876337
0.0 0.6943933963775635 0.6947916746139526 0.0009191176504828036 0.0020833334419876337
0.0 0.9255514740943909 0.04479166865348816 0.0018382353009656072 0.0020833334419876337
0.0 0.32215073704719543 0.3786458671092987 0.0027573530096560717 0.0031250002793967724
0.0 0.4609375 0.2682291865348816 0.0027573530096560717 0.0031250002793967724
0.0 0.203125 0.0338541679084301 0.0018382353009656072 0.0010416667209938169
0.0 0.7201286554336548 0.7692708969116211 0.0009191176504828036 0.0010416667209938169
0.0 0.5441176295280457 0.5640625357627869 0.0018382353009656072 0.0052083334885537624
0.0 0.46047794818878174 0.1380208432674408 0.0018382353009656072 0.0010416667209938169
0.0 0.4719669222831726 0.7515625357627869 0.0009191176504828036 0.0010416667209938169
0.0 0.3736213147640228 0.06197917088866234 0.0009191176504828036 0.0010416667209938169
0.0 0.7284007668495178 0.7588542103767395 0.0009191176504828036 0.0010416667209938169
0.0 0.06158088147640228 0.6255208849906921 0.0018382353009656072 0.0010416667209938169
0.0 0.04365808889269829 0.31562501192092896 0.0009191176504828036 0.0020833334419876337
0.0 0.3138786852359772 0.36250001192092896 0.0009191176504828036 0.0020833334419876337
0.0 0.5583639740943909 0.0651041716337204 0.0009191176504828036 0.0010416667209938169
0.0 0.5537683963775635 0.12552084028720856 0.0009191176504828036 0.0010416667209938169
0.0 0.8892463445663452 0.3473958373069763 0.0009191176504828036 0.0010416667209938169
0.0 0.9499080777168274 0.7109375596046448 0.0009191176504828036 0.0010416667209938169
0.0 0.6144301295280457 0.7911458611488342 0.0009191176504828036 0.0010416667209938169
0.0 0.5675551295280457 0.6807292103767395 0.0009191176504828036 0.0010416667209938169
0.0 0.12913602590560913 0.24791668355464935 0.0027573530096560717 0.0020833334419876337
0.0 0.8405330777168274 0.5494791865348816 0.0009191176504828036 0.0010416667209938169
0.0 0.2720588147640228 0.2796875238418579 0.0018382353009656072 0.0010416667209938169
0.0 0.9361213445663452 0.6057292222976685 0.0009191176504828036 0.0010416667209938169
0.0 0.7284007668495178 0.36510419845581055 0.0009191176504828036 0.0010416667209938169
0.0 0.7890625 0.6546875238418579 0.0009191176504828036 0.0010416667209938169
0.0 0.05101102963089943 0.5640625357627869 0.0009191176504828036 0.0031250002793967724
0.0 0.9682904481887817 0.89739590883255 0.0009191176504828036 0.0010416667209938169
0.0 0.033088237047195435 0.499479204416275 0.0018382353009656072 0.0010416667209938169
0.0 0.9361213445663452 0.8411458730697632 0.0009191176504828036 0.0010416667209938169
0.0 0.5932904481887817 0.47864586114883423 0.0009191176504828036 0.0010416667209938169
0.0 0.6663603186607361 0.95208340883255 0.0018382353009656072 0.0020833334419876337
0.0 0.9296875 0.9390625357627869 0.0009191176504828036 0.0010416667209938169
0.0 0.3382352888584137 0.3604166805744171 0.0018382353009656072 0.0020833334419876337
0.0 0.7054228186607361 0.13645833730697632 0.0009191176504828036 0.0020833334419876337
0.0 0.36443015933036804 0.09427084028720856 0.0009191176504828036 0.0010416667209938169
0.0 0.8515625 0.6015625596046448 0.0009191176504828036 0.0010416667209938169
0.0 0.8313419222831726 0.9703125357627869 0.0009191176504828036 0.0010416667209938169
0.0 0.08318014442920685 0.5614583492279053 0.0027573530096560717 0.0020833334419876337
0.0 0.06847426295280457 0.38072919845581055 0.0009191176504828036 0.0010416667209938169
0.0 0.1686580926179886 0.4505208432674408 0.0009191176504828036 0.0031250002793967724
0.0 0.8193933963775635 0.6609375476837158 0.0027573530096560717 0.0010416667209938169
0.0 0.5859375 0.18281251192092896 0.0009191176504828036 0.0010416667209938169
0.0 0.09788603335618973 0.8796875476837158 0.0009191176504828036 0.0010416667209938169
0.0 0.3368566334247589 0.3427083492279053 0.0009191176504828036 0.0020833334419876337
0.0 0.3267463147640228 0.5515625476837158 0.0009191176504828036 0.0010416667209938169
0.0 0.27527573704719543 0.36510419845581055 0.0009191176504828036 0.0010416667209938169
0.0 0.2366727888584137 0.4515625238418579 0.0027573530096560717 0.0010416667209938169
0.0 0.03216911852359772 0.8901042342185974 0.0018382353009656072 0.0010416667209938169
0.0 0.9453125 0.9890625476837158 0.0009191176504828036 0.0010416667209938169
0.0 0.1484375 0.41354167461395264 0.0009191176504828036 0.0020833334419876337
0.0 0.7293198704719543 0.8026041984558105 0.0009191176504828036 0.0010416667209938169
0.0 0.2311580926179886 0.24947917461395264 0.0009191176504828036 0.0010416667209938169
0.0 0.5519301295280457 0.28593751788139343 0.0009191176504828036 0.0010416667209938169
0.0 0.26608455181121826 0.41458335518836975 0.0027573530096560717 0.0020833334419876337
0.0 0.17693014442920685 0.612500011920929 0.0009191176504828036 0.0020833334419876337
0.0 0.5114889740943909 0.3098958432674408 0.0009191176504828036 0.0010416667209938169
0.0 0.8354779481887817 0.7072917222976685 0.0018382353009656072 0.0020833334419876337
0.0 0.03860294073820114 0.3895833492279053 0.0018382353009656072 0.0020833334419876337
0.0 0.9756433963775635 0.6104167103767395 0.0009191176504828036 0.0020833334419876337
0.0 0.7219669222831726 0.42135417461395264 0.0009191176504828036 0.0010416667209938169
0.0 0.834099292755127 0.009895834140479565 0.0009191176504828036 0.0031250002793967724
0.0 0.6401654481887817 0.6765625476837158 0.0009191176504828036 0.0010416667209938169
0.0 0.5119485259056091 0.18854168057441711 0.0018382353009656072 0.0020833334419876337
0.0 0.39476102590560913 0.30520835518836975 0.0027573530096560717 0.004166666883975267
0.0 0.5693933963775635 0.6015625596046448 0.0009191176504828036 0.0031250002793967724
0.0 0.5390625 0.10625000298023224 0.0027573530096560717 0.004166666883975267
0.0 0.41773897409439087 0.6244791746139526 0.0009191176504828036 0.0010416667209938169
0.0 0.5298713445663452 0.17864584922790527 0.0009191176504828036 0.0010416667209938169
0.0 0.5625 0.45729169249534607 0.0018382353009656072 0.0020833334419876337
0.0 0.3841911852359772 0.2953125238418579 0.0018382353009656072 0.0010416667209938169
0.0 0.7201286554336548 0.6796875596046448 0.0009191176504828036 0.0010416667209938169
0.0 0.7798713445663452 0.5140625238418579 0.0009191176504828036 0.0010416667209938169
0.0 0.9384191036224365 0.4739583432674408 0.0018382353009656072 0.0020833334419876337
0.0 0.8138786554336548 0.9510416984558105 0.0009191176504828036 0.0020833334419876337
0.0 0.6815257668495178 0.93645840883255 0.0009191176504828036 0.0020833334419876337
0.0 0.8469669222831726 0.19375000894069672 0.0009191176504828036 0.0020833334419876337
0.0 0.5905330777168274 0.5838541984558105 0.0009191176504828036 0.0010416667209938169
0.0 0.2867647111415863 0.3802083432674408 0.0018382353009656072 0.0020833334419876337
0.0 0.11121323704719543 0.5364583730697632 0.0018382353009656072 0.0020833334419876337
0.0 0.18841911852359772 0.31041666865348816 0.0018382353009656072 0.0020833334419876337
0.0 0.5790441036224365 0.08645834028720856 0.0018382353009656072 0.0020833334419876337
0.0 0.7412683963775635 0.8380208611488342 0.0009191176504828036 0.0010416667209938169
0.0 0.109375 0.6708333492279053 0.0018382353009656072 0.0020833334419876337
0.0 0.7936580777168274 0.5182291865348816 0.0009191176504828036 0.0031250002793967724
0.0 0.5804228186607361 0.7468750476837158 0.0009191176504828036 0.0020833334419876337
0.0 0.8396139740943909 0.14635416865348816 0.0009191176504828036 0.0031250002793967724
0.0 0.23805147409439087 0.3682291805744171 0.0018382353009656072 0.0052083334885537624
0.0 0.9016544222831726 0.3630208671092987 0.0018382353009656072 0.0010416667209938169
0.0 0.6590073704719543 0.7395833730697632 0.0018382353009656072 0.0020833334419876337
0.0 0.5248161554336548 0.10572917014360428 0.0018382353009656072 0.0010416667209938169
0.0 0.6447610259056091 0.7364583611488342 0.0009191176504828036 0.0020833334419876337
0.0 0.1773897111415863 0.4750000238418579 0.0018382353009656072 0.0020833334419876337
0.0 0.21369485557079315 0.3427083492279053 0.0009191176504828036 0.0020833334419876337
0.0 0.6962316036224365 0.6755208969116211 0.0009191176504828036 0.0010416667209938169
0.0 0.4820772111415863 0.06718750298023224 0.0009191176504828036 0.0010416667209938169
0.0 0.546875 0.06875000149011612 0.0018382353009656072 0.0020833334419876337
0.0 0.9581801295280457 0.3619791865348816 0.0009191176504828036 0.0010416667209938169
0.0 0.3685661852359772 0.2786458432674408 0.0018382353009656072 0.00729166716337204
0.0 0.8690257668495178 0.9838542342185974 0.0009191176504828036 0.0010416667209938169
0.0 0.2665441334247589 0.31718751788139343 0.0018382353009656072 0.0010416667209938169
0.0 0.8943014740943909 0.1953125149011612 0.0018382353009656072 0.0010416667209938169
0.0 0.7210478186607361 0.6234375238418579 0.0009191176504828036 0.0031250002793967724
0.0 0.49034926295280457 0.20937500894069672 0.0009191176504828036 0.0020833334419876337
0.0 0.4085477888584137 0.26614585518836975 0.0009191176504828036 0.0010416667209938169
0.0 0.28538602590560913 0.18593750894069672 0.004595588427037001 0.0031250002793967724
0.0 0.20726102590560913 0.2958333492279053 0.0009191176504828036 0.0020833334419876337
0.0 0.5427389740943909 0.11510417610406876 0.0009191176504828036 0.0010416667209938169
0.0 0.8051470518112183 0.6427083611488342 0.0018382353009656072 0.0020833334419876337
0.0 0.37316176295280457 0.2692708373069763 0.0018382353009656072 0.0010416667209938169
0.0 0.08318014442920685 0.7614583969116211 0.0009191176504828036 0.0020833334419876337
0.0 0.5900735259056091 0.45104169845581055 0.0018382353009656072 0.0020833334419876337
0.0 0.8373161554336548 0.2848958373069763 0.0018382353009656072 0.0010416667209938169
0.0 0.7017463445663452 0.8015625476837158 0.0009191176504828036 0.0031250002793967724
0.0 0.6677389740943909 0.13177083432674408 0.0009191176504828036 0.0010416667209938169
0.0 0.943474292755127 0.1432291716337204 0.0009191176504828036 0.0010416667209938169
0.0 0.5395220518112183 0.05260416865348816 0.0018382353009656072 0.0031250002793967724
0.0 0.8924632668495178 0.45468753576278687 0.0018382353009656072 0.0010416667209938169
0.0 0.959099292755127 0.9135417342185974 0.0009191176504828036 0.0020833334419876337
0.0 0.9103860259056091 0.28437501192092896 0.0009191176504828036 0.0020833334419876337
0.0 0.5229779481887817 0.9416667222976685 0.0018382353009656072 0.0020833334419876337
0.0 0.5326286554336548 0.0963541716337204 0.0027573530096560717 0.0052083334885537624
0.0 0.052389707416296005 0.4947916865348816 0.0018382353009656072 0.0020833334419876337
0.0 0.2624080777168274 0.4062500298023224 0.0009191176504828036 0.0020833334419876337
0.0 0.2711397111415863 0.13958333432674408 0.0018382353009656072 0.0020833334419876337
0.0 0.13970588147640228 0.04479166865348816 0.0018382353009656072 0.0020833334419876337
0.0 0.8818933963775635 0.3270833492279053 0.0009191176504828036 0.0020833334419876337
0.0 0.6966911554336548 0.7401041984558105 0.0018382353009656072 0.0010416667209938169
0.0 0.46829044818878174 0.9192708730697632 0.0009191176504828036 0.0031250002793967724
0.0 0.8933823704719543 0.2135416716337204 0.0018382353009656072 0.0020833334419876337
0.0 0.2679227888584137 0.4989583492279053 0.0009191176504828036 0.0020833334419876337
0.0 0.9581801295280457 0.6645833849906921 0.0027573530096560717 0.0020833334419876337
0.0 0.8377757668495178 0.1302083432674408 0.0009191176504828036 0.0020833334419876337
0.0 0.09972426295280457 0.15156251192092896 0.0009191176504828036 0.0010416667209938169
0.0 0.9237132668495178 0.6937500238418579 0.0018382353009656072 0.004166666883975267
0.0 0.1750919073820114 0.37291669845581055 0.0009191176504828036 0.0020833334419876337
0.0 0.34650734066963196 0.6041666865348816 0.0018382353009656072 0.004166666883975267
0.0 0.8589154481887817 0.6213542222976685 0.0009191176504828036 0.0010416667209938169
0.0 0.7697610259056091 0.7864583730697632 0.0009191176504828036 0.0020833334419876337
0.0 0.8386948704719543 0.5234375 0.0009191176504828036 0.0031250002793967724
0.0 0.23621323704719543 0.46562501788139343 0.0018382353009656072 0.0020833334419876337
0.0 0.008272059261798859 0.7208333611488342 0.0036764706019312143 0.004166666883975267
0.0 0.890625 0.6973958611488342 0.0018382353009656072 0.0031250002793967724
0.0 0.5721507668495178 0.19635418057441711 0.0009191176504828036 0.0031250002793967724
0.0 0.20588235557079315 0.7270833849906921 0.0018382353009656072 0.0020833334419876337
0.0 0.8198529481887817 0.6614583730697632 0.0036764706019312143 0.0020833334419876337
0.0 0.3216911852359772 0.37968751788139343 0.0018382353009656072 0.0031250002793967724
0.0 0.8736213445663452 0.43906253576278687 0.0027573530096560717 0.0031250002793967724
0.0 0.16498161852359772 0.35729169845581055 0.0009191176504828036 0.0020833334419876337
0.0 0.5101103186607361 0.15520833432674408 0.0018382353009656072 0.0020833334419876337
0.0 0.6011029481887817 0.8520833849906921 0.0018382353009656072 0.0020833334419876337
0.0 0.5863970518112183 0.04583333432674408 0.0018382353009656072 0.0020833334419876337
0.0 0.33088234066963196 0.8338541984558105 0.0018382353009656072 0.0031250002793967724
0.0 0.42233455181121826 0.2770833373069763 0.0009191176504828036 0.0020833334419876337
0.0 0.7821691036224365 0.40833336114883423 0.0018382353009656072 0.004166666883975267
0.0 0.9223345518112183 0.25729167461395264 0.0009191176504828036 0.0020833334419876337
0.0 0.6424632668495178 0.7546875476837158 0.0018382353009656072 0.0031250002793967724
0.0 0.8717830777168274 0.7072917222976685 0.0027573530096560717 0.004166666883975267
0.0 0.9705882668495178 0.47864586114883423 0.0018382353009656072 0.0010416667209938169
0.0 0.8727021813392639 0.8192708492279053 0.0009191176504828036 0.0010416667209938169
0.0 0.880974292755127 0.4989583492279053 0.0009191176504828036 0.0020833334419876337
0.0 0.14430147409439087 0.47083336114883423 0.0036764706019312143 0.0020833334419876337
0.0 0.25 0.9791667461395264 0.0018382353009656072 0.0020833334419876337
0.0 0.7945771813392639 0.6411458849906921 0.0027573530096560717 0.0031250002793967724
0.0 0.3115808963775635 0.06093750149011612 0.0018382353009656072 0.0031250002793967724
0.0 0.8998161554336548 0.43177086114883423 0.0018382353009656072 0.0031250002793967724
0.0 0.9214154481887817 0.6072916984558105 0.0009191176504828036 0.0020833334419876337
0.0 0.22150735557079315 0.5697916746139526 0.0018382353009656072 0.0020833334419876337
0.0 0.14016544818878174 0.4895833730697632 0.0027573530096560717 0.004166666883975267
0.0 0.41819852590560913 0.34583336114883423 0.0018382353009656072 0.0020833334419876337
0.0 0.8060661554336548 0.6864583492279053 0.0018382353009656072 0.004166666883975267
0.0 0.33088234066963196 0.7343750596046448 0.0018382353009656072 0.0020833334419876337
0.0 0.5386029481887817 0.14114584028720856 0.0018382353009656072 0.0010416667209938169
0.0 0.3033088147640228 0.06354167312383652 0.0018382353009656072 0.0020833334419876337
0.0 0.9067095518112183 0.8026041984558105 0.0027573530096560717 0.0031250002793967724
0.0 0.7578125 0.6338542103767395 0.0027573530096560717 0.0052083334885537624
0.0 0.10018382221460342 0.5718750357627869 0.0036764706019312143 0.004166666883975267
0.0 0.35569852590560913 0.4244791865348816 0.0018382353009656072 0.0031250002793967724
0.0 0.515625 0.7812500596046448 0.0018382353009656072 0.0020833334419876337
0.0 0.5510110259056091 0.8312500715255737 0.0009191176504828036 0.0020833334419876337
0.0 0.037683822214603424 0.5171875357627869 0.0018382353009656072 0.0031250002793967724
0.0 0.4388786852359772 0.18020834028720856 0.0027573530096560717 0.006250000558793545
0.0 0.6001838445663452 0.8729166984558105 0.0018382353009656072 0.0020833334419876337
0.0 0.7334558963775635 0.7838541865348816 0.0018382353009656072 0.0031250002793967724
0.0 0.1842830926179886 0.4072916805744171 0.004595588427037001 0.008333333767950535
0.0 0.8754595518112183 0.7182291746139526 0.0009191176504828036 0.0031250002793967724
0.0 0.6034007668495178 0.8947917222976685 0.0027573530096560717 0.004166666883975267
0.0 0.7541360259056091 0.9562500715255737 0.0027573530096560717 0.006250000558793545
0.0 0.3295036852359772 0.22291667759418488 0.004595588427037001 0.004166666883975267
0.0 0.5726103186607361 0.10729166865348816 0.0036764706019312143 0.004166666883975267
0.0 0.049172792583703995 0.6453125476837158 0.004595588427037001 0.0052083334885537624
0.0 0.6383271813392639 0.9354166984558105 0.0027573530096560717 0.006250000558793545
0.0 0.6034007668495178 0.9197916984558105 0.004595588427037001 0.008333333767950535
