0.0 0.8515625 0.2213541716337204 0.0009191176504828036 0.0010416667209938169
0.0 0.3892463147640228 0.6276041865348816 0.0009191176504828036 0.0010416667209938169
0.0 0.48483455181121826 0.21197918057441711 0.0009191176504828036 0.0010416667209938169
0.0 0.8019301295280457 0.4281250238418579 0.0009191176504828036 0.0020833334419876337
0.0 0.5464154481887817 0.5781250596046448 0.0009191176504828036 0.0020833334419876337
0.0 0.22380514442920685 0.5755208730697632 0.0009191176504828036 0.0010416667209938169
0.0 0.07215073704719543 0.8031250238418579 0.0009191176504828036 0.0020833334419876337
0.0 0.9113051295280457 0.9854167103767395 0.0009191176504828036 0.0020833334419876337
0.0 0.6475183963775635 0.1276041716337204 0.0009191176504828036 0.0010416667209938169
0.0 0.8460478186607361 0.44947919249534607 0.0009191176504828036 0.0010416667209938169
0.0 0.34375 0.7890625596046448 0.0018382353009656072 0.0031250002793967724
0.0 0.4710477888584137 0.6802083849906921 0.0009191176504828036 0.0020833334419876337
0.0 0.5418198704719543 0.17135417461395264 0.0009191176504828036 0.0010416667209938169
0.0 0.9159007668495178 0.7046875357627869 0.0009191176504828036 0.0010416667209938169
0.0 0.5045955777168274 0.557812511920929 0.0018382353009656072 0.0010416667209938169
0.0 0.5500919222831726 0.34010419249534607 0.0009191176504828036 0.0010416667209938169
0.0 0.3616727888584137 0.6197916865348816 0.0027573530096560717 0.0020833334419876337
0.0 0.20496323704719543 0.47031253576278687 0.0018382353009656072 0.0010416667209938169
0.0 0.30974265933036804 0.4583333432674408 0.0018382353009656072 0.0020833334419876337
0.0 0.06939338147640228 0.16093750298023224 0.0009191176504828036 0.0010416667209938169
0.0 0.5896139740943909 0.48750001192092896 0.0009191176504828036 0.0020833334419876337
0.0 0.1227022036910057 0.8505208492279053 0.0009191176504828036 0.0010416667209938169
0.0 0.2477022111415863 0.6843750476837158 0.0009191176504828036 0.0020833334419876337
0.0 0.5225183963775635 0.36406251788139343 0.0009191176504828036 0.0010416667209938169
0.0 0.6920955777168274 0.16458334028720856 0.0018382353009656072 0.0020833334419876337
0.0 0.6121323704719543 0.16979166865348816 0.0018382353009656072 0.0020833334419876337
0.0 0.48391544818878174 0.4140625298023224 0.0009191176504828036 0.0010416667209938169
0.0 0.3460477888584137 0.4947916865348816 0.0009191176504828036 0.0020833334419876337
0.0 0.12086397409439087 0.12864583730697632 0.0009191176504828036 0.0010416667209938169
0.0 0.7895220518112183 0.3942708671092987 0.0018382353009656072 0.0010416667209938169
0.0 0.4388786852359772 0.45729169249534607 0.0009191176504828036 0.0020833334419876337
0.0 0.5703125 0.41718751192092896 0.0009191176504828036 0.0010416667209938169
0.0 0.974724292755127 0.3270833492279053 0.0009191176504828036 0.0020833334419876337
0.0 0.1194852963089943 0.6333333849906921 0.0018382353009656072 0.0020833334419876337
0.0 0.41590073704719543 0.5171875357627869 0.0009191176504828036 0.0010416667209938169
0.0 0.2881433963775635 0.15729168057441711 0.0009191176504828036 0.0020833334419876337
0.0 0.8056066036224365 0.9635417461395264 0.0009191176504828036 0.0020833334419876337
0.0 0.39108455181121826 0.5697916746139526 0.0009191176504828036 0.0020833334419876337
0.0 0.37132352590560913 0.04583333432674408 0.0018382353009656072 0.0020833334419876337
0.0 0.4384191334247589 0.43541669845581055 0.0018382353009656072 0.0020833334419876337
0.0 0.6236213445663452 0.3973958492279053 0.0009191176504828036 0.0010416667209938169
0.0 0.41130515933036804 0.03281250223517418 0.0009191176504828036 0.0010416667209938169
0.0 0.3092830777168274 0.8385416865348816 0.0027573530096560717 0.0020833334419876337
0.0 0.8111213445663452 0.6244791746139526 0.0009191176504828036 0.0010416667209938169
0.0 0.6806066036224365 0.12708334624767303 0.0027573530096560717 0.0020833334419876337
0.0 0.3547794222831726 0.8390625715255737 0.0018382353009656072 0.0010416667209938169
0.0 0.23345588147640228 0.9343750476837158 0.0018382353009656072 0.0020833334419876337
0.0 0.8501838445663452 0.6947916746139526 0.0018382353009656072 0.0020833334419876337
0.0 0.30882352590560913 0.8343750238418579 0.0018382353009656072 0.004166666883975267
0.0 0.3625919222831726 0.8296875357627869 0.0009191176504828036 0.0010416667209938169
0.0 0.4140625 0.5572916865348816 0.0027573530096560717 0.0020833334419876337
0.0 0.8350183963775635 0.5083333849906921 0.0009191176504828036 0.0020833334419876337
0.0 0.5560661554336548 0.518750011920929 0.0018382353009656072 0.0020833334419876337
0.0 0.4889705777168274 0.3843750059604645 0.0018382353009656072 0.0020833334419876337
0.0 0.5229779481887817 0.4286458492279053 0.0018382353009656072 0.0010416667209938169
0.0 0.6236213445663452 0.2223958522081375 0.0009191176504828036 0.0010416667209938169
0.0 0.5969669222831726 0.02864583395421505 0.0009191176504828036 0.0010416667209938169
0.0 0.16314338147640228 0.7411458492279053 0.0009191176504828036 0.0010416667209938169
0.0 0.049172792583703995 0.7244791984558105 0.0009191176504828036 0.0010416667209938169
0.0 0.5229779481887817 0.36354169249534607 0.0018382353009656072 0.0020833334419876337
0.0 0.8368566036224365 0.8776041865348816 0.0009191176504828036 0.0010416667209938169
0.0 0.46920955181121826 0.6625000238418579 0.0009191176504828036 0.0020833334419876337
0.0 0.5367646813392639 0.4333333671092987 0.0018382353009656072 0.0020833334419876337
0.0 0.2054227888584137 0.6505208611488342 0.004595588427037001 0.00729166716337204
0.0 0.5831801295280457 0.22760418057441711 0.0009191176504828036 0.0031250002793967724
0.0 0.6911764740943909 0.4281250238418579 0.0018382353009656072 0.0020833334419876337
0.0 0.6511948704719543 0.3776041865348816 0.0009191176504828036 0.0010416667209938169
0.0 0.4921875 0.33229169249534607 0.0009191176504828036 0.0020833334419876337
0.0 0.5009191036224365 0.47864586114883423 0.0018382353009656072 0.0010416667209938169
0.0 0.018841911107301712 0.4869791865348816 0.0009191176504828036 0.0010416667209938169
0.0 0.3874080777168274 0.6114583611488342 0.0009191176504828036 0.0020833334419876337
0.0 0.8212316036224365 0.36510419845581055 0.0009191176504828036 0.0010416667209938169
0.0 0.8000919222831726 0.5984375476837158 0.0009191176504828036 0.0010416667209938169
0.0 0.4140625 0.557812511920929 0.0009191176504828036 0.0031250002793967724
0.0 0.5064338445663452 0.5760416984558105 0.0018382353009656072 0.0020833334419876337
0.0 0.36213234066963196 0.7015625238418579 0.0018382353009656072 0.0010416667209938169
0.0 0.48023897409439087 0.5395833849906921 0.0009191176504828036 0.0020833334419876337
0.0 0.4756433963775635 0.25208336114883423 0.0009191176504828036 0.0020833334419876337
0.0 0.4779411852359772 0.526562511920929 0.0036764706019312143 0.0052083334885537624
0.0 0.49172794818878174 0.5572916865348816 0.0018382353009656072 0.0020833334419876337
0.0 0.5514705777168274 0.25833335518836975 0.0036764706019312143 0.0020833334419876337
0.0 0.13556985557079315 0.3828125298023224 0.0027573530096560717 0.0010416667209938169
0.0 0.8258271813392639 0.5739583373069763 0.0009191176504828036 0.0020833334419876337
0.0 0.8465073704719543 0.21927084028720856 0.0018382353009656072 0.0010416667209938169
0.0 0.014705882407724857 0.729687511920929 0.0018382353009656072 0.0031250002793967724
0.0 0.47931984066963196 0.16302084922790527 0.0009191176504828036 0.0010416667209938169
0.0 0.8432904481887817 0.7322916984558105 0.0009191176504828036 0.0020833334419876337
0.0 0.3975183963775635 0.6250000596046448 0.0009191176504828036 0.0020833334419876337
0.0 0.4131433963775635 0.8406250476837158 0.0009191176504828036 0.0020833334419876337
0.0 0.40211397409439087 0.8468750715255737 0.0009191176504828036 0.0020833334419876337
0.0 0.03814338147640228 0.42656251788139343 0.0009191176504828036 0.0010416667209938169
0.0 0.5160845518112183 0.4619791805744171 0.0009191176504828036 0.0010416667209938169
0.0 0.6208639740943909 0.47291669249534607 0.0009191176504828036 0.0020833334419876337
0.0 0.5680146813392639 0.26250001788139343 0.0018382353009656072 0.0020833334419876337
0.0 0.4623161852359772 0.5239583849906921 0.0018382353009656072 0.0020833334419876337
0.0 0.3727022111415863 0.3453125059604645 0.0009191176504828036 0.0010416667209938169
0.0 0.4563419222831726 0.6578125357627869 0.0009191176504828036 0.0010416667209938169
0.0 0.6599264740943909 0.07760416716337204 0.0018382353009656072 0.0010416667209938169
0.0 0.4990808963775635 0.41093751788139343 0.0018382353009656072 0.0010416667209938169
0.0 0.2881433963775635 0.7213541865348816 0.0009191176504828036 0.0010416667209938169
0.0 0.0914522036910057 0.2223958522081375 0.0009191176504828036 0.0010416667209938169
0.0 0.890625 0.5182291865348816 0.0018382353009656072 0.0010416667209938169
0.0 0.8313419222831726 0.31562501192092896 0.0009191176504828036 0.0020833334419876337
0.0 0.23299632966518402 0.8791667222976685 0.0009191176504828036 0.0020833334419876337
0.0 0.6098345518112183 0.15729168057441711 0.0009191176504828036 0.0020833334419876337
0.0 0.46599265933036804 0.4229166805744171 0.0018382353009656072 0.0020833334419876337
0.0 0.3304227888584137 0.7723958492279053 0.0009191176504828036 0.0010416667209938169
0.0 0.4306066334247589 0.8453125357627869 0.0009191176504828036 0.0010416667209938169
0.0 0.8129595518112183 0.3661458492279053 0.0027573530096560717 0.0031250002793967724
0.0 0.2265625 0.8760417103767395 0.0009191176504828036 0.0020833334419876337
0.0 0.040900737047195435 0.550000011920929 0.0009191176504828036 0.0020833334419876337
0.0 0.8386948704719543 0.9489583969116211 0.0009191176504828036 0.0020833334419876337
0.0 0.6475183963775635 0.3671875298023224 0.0009191176504828036 0.0010416667209938169
0.0 0.23069852590560913 0.28593751788139343 0.0018382353009656072 0.0010416667209938169
0.0 0.23943014442920685 0.9421875476837158 0.0009191176504828036 0.0010416667209938169
0.0 0.1438419073820114 0.39479169249534607 0.0009191176504828036 0.0020833334419876337
0.0 0.2063419073820114 0.41458335518836975 0.0009191176504828036 0.0020833334419876337
0.0 0.4655330777168274 0.6177083849906921 0.0009191176504828036 0.0020833334419876337
0.0 0.6034007668495178 0.2875000238418579 0.0009191176504828036 0.0020833334419876337
0.0 0.8883271813392639 0.41197919845581055 0.0009191176504828036 0.0010416667209938169
0.0 0.5602021813392639 0.3526041805744171 0.0009191176504828036 0.0010416667209938169
0.0 0.9416360259056091 0.9526042342185974 0.0009191176504828036 0.0010416667209938169
0.0 0.34420955181121826 0.7885417342185974 0.0009191176504828036 0.0020833334419876337
0.0 0.693474292755127 0.33229169249534607 0.0009191176504828036 0.0020833334419876337
0.0 0.7201286554336548 0.8838542103767395 0.0009191176504828036 0.0010416667209938169
0.0 0.4898897111415863 0.3843750059604645 0.0018382353009656072 0.0020833334419876337
0.0 0.6580882668495178 0.9593750238418579 0.0018382353009656072 0.0020833334419876337
0.0 0.19623161852359772 0.05937500298023224 0.0009191176504828036 0.0020833334419876337
0.0 0.7817095518112183 0.5182291865348816 0.0009191176504828036 0.0010416667209938169
0.0 0.4388786852359772 0.5411458611488342 0.0009191176504828036 0.0031250002793967724
0.0 0.4508272111415863 0.7317708730697632 0.0009191176504828036 0.0010416667209938169
0.0 0.13189338147640228 0.612500011920929 0.0009191176504828036 0.0020833334419876337
0.0 0.5721507668495178 0.3005208373069763 0.0009191176504828036 0.0031250002793967724
0.0 0.5496323704719543 0.468229204416275 0.0018382353009656072 0.0031250002793967724
0.0 0.8249080777168274 0.27812501788139343 0.0009191176504828036 0.0020833334419876337
0.0 0.5009191036224365 0.4661458432674408 0.0018382353009656072 0.0031250002793967724
0.0 0.33180147409439087 0.03541667014360428 0.0018382353009656072 0.0020833334419876337
0.0 0.025275735184550285 0.30781251192092896 0.0009191176504828036 0.0010416667209938169
0.0 0.8662683963775635 0.8458333611488342 0.0009191176504828036 0.0020833334419876337
0.0 0.46875 0.46250003576278687 0.0036764706019312143 0.004166666883975267
0.0 0.5891544222831726 0.16250000894069672 0.0018382353009656072 0.0020833334419876337
0.0 0.4710477888584137 0.5114583373069763 0.0027573530096560717 0.008333333767950535
0.0 0.9168198704719543 0.9848958849906921 0.0009191176504828036 0.0010416667209938169
0.0 0.18014706671237946 0.8005208969116211 0.0018382353009656072 0.0010416667209938169
0.0 0.3524816334247589 0.8281250596046448 0.0009191176504828036 0.0020833334419876337
0.0 0.5298713445663452 0.42343753576278687 0.0009191176504828036 0.0010416667209938169
0.0 0.24494485557079315 0.9270833730697632 0.0027573530096560717 0.0020833334419876337
0.0 0.42233455181121826 0.04583333432674408 0.0009191176504828036 0.0020833334419876337
0.0 0.2265625 0.9135417342185974 0.0009191176504828036 0.0020833334419876337
0.0 0.49172794818878174 0.39791667461395264 0.0018382353009656072 0.0020833334419876337
0.0 0.5317095518112183 0.43437501788139343 0.0009191176504828036 0.0020833334419876337
0.0 0.8313419222831726 0.9135417342185974 0.0009191176504828036 0.0020833334419876337
0.0 0.8681066036224365 0.745312511920929 0.0009191176504828036 0.0010416667209938169
0.0 0.27619484066963196 0.05885417014360428 0.0027573530096560717 0.0010416667209938169
0.0 0.6608455777168274 0.12604168057441711 0.0018382353009656072 0.0020833334419876337
0.0 0.8478860259056091 0.5369791984558105 0.0009191176504828036 0.0010416667209938169
0.0 0.20450367033481598 0.7703125476837158 0.0009191176504828036 0.0031250002793967724
0.0 0.22288602590560913 0.2343750149011612 0.0009191176504828036 0.0020833334419876337
0.0 0.3984375 0.6114583611488342 0.0027573530096560717 0.004166666883975267
0.0 0.5992646813392639 0.1718750149011612 0.0018382353009656072 0.0020833334419876337
0.0 0.1741727888584137 0.9385417103767395 0.0009191176504828036 0.0020833334419876337
0.0 0.1429227888584137 0.40156251192092896 0.0009191176504828036 0.0010416667209938169
0.0 0.3772977888584137 0.8270833492279053 0.0009191176504828036 0.0020833334419876337
0.0 0.01930147036910057 0.5838541984558105 0.0018382353009656072 0.0031250002793967724
0.0 0.16911764442920685 0.3697916865348816 0.0018382353009656072 0.0020833334419876337
0.0 0.9802389740943909 0.6286458373069763 0.0009191176504828036 0.0010416667209938169
0.0 0.2876838147640228 0.9020833969116211 0.0018382353009656072 0.0020833334419876337
0.0 0.421875 0.4677083492279053 0.0018382353009656072 0.0020833334419876337
0.0 0.4623161852359772 0.6416667103767395 0.0018382353009656072 0.0020833334419876337
0.0 0.4342830777168274 0.8109375238418579 0.0009191176504828036 0.0010416667209938169
0.0 0.8791360259056091 0.8041667342185974 0.0009191176504828036 0.0020833334419876337
0.0 0.10064338147640228 0.5645833611488342 0.0009191176504828036 0.0020833334419876337
0.0 0.02389705926179886 0.8166667222976685 0.0018382353009656072 0.0020833334419876337
0.0 0.5211396813392639 0.4973958730697632 0.0018382353009656072 0.0031250002793967724
0.0 0.5363051295280457 0.18697917461395264 0.0027573530096560717 0.0031250002793967724
0.0 0.13373161852359772 0.9463542103767395 0.0027573530096560717 0.0052083334885537624
0.0 0.4954044222831726 0.32343751192092896 0.0018382353009656072 0.0031250002793967724
0.0 0.9131433963775635 0.27656251192092896 0.0009191176504828036 0.0010416667209938169
0.0 0.9103860259056091 0.6151041984558105 0.0009191176504828036 0.0010416667209938169
0.0 0.5234375 0.23385417461395264 0.0027573530096560717 0.0031250002793967724
0.0 0.4108455777168274 0.8052083849906921 0.0018382353009656072 0.0020833334419876337
0.0 0.9701286554336548 0.6083333492279053 0.0009191176504828036 0.0020833334419876337
0.0 0.056066177785396576 0.4833333492279053 0.0018382353009656072 0.0020833334419876337
0.0 0.296875 0.5062500238418579 0.0018382353009656072 0.0020833334419876337
0.0 0.8083639740943909 0.5307291746139526 0.0009191176504828036 0.0010416667209938169
0.0 0.4430147111415863 0.6541666984558105 0.0018382353009656072 0.0020833334419876337
0.0 0.07215073704719543 0.9572917222976685 0.0027573530096560717 0.0020833334419876337
0.0 0.7936580777168274 0.5770833492279053 0.0009191176504828036 0.0020833334419876337
0.0 0.7973345518112183 0.3776041865348816 0.0027573530096560717 0.0031250002793967724
0.0 0.8423713445663452 0.4203125238418579 0.0009191176504828036 0.0010416667209938169
0.0 0.17003676295280457 0.8645833730697632 0.0018382353009656072 0.0020833334419876337
0.0 0.39338234066963196 0.17135417461395264 0.0036764706019312143 0.0031250002793967724
0.0 0.3570772111415863 0.6968750357627869 0.0027573530096560717 0.004166666883975267
0.0 0.6112132668495178 0.5708333849906921 0.0018382353009656072 0.0020833334419876337
0.0 0.8216911554336548 0.26614585518836975 0.0018382353009656072 0.0010416667209938169
0.0 0.8065257668495178 0.41562503576278687 0.0009191176504828036 0.0020833334419876337
0.0 0.8910845518112183 0.518750011920929 0.0009191176504828036 0.0020833334419876337
0.0 0.30055147409439087 0.8197917342185974 0.0018382353009656072 0.0020833334419876337
0.0 0.48805147409439087 0.47083336114883423 0.0018382353009656072 0.0020833334419876337
0.0 0.421875 0.5932291746139526 0.0018382353009656072 0.0031250002793967724
0.0 0.8000919222831726 0.5677083730697632 0.0009191176504828036 0.0020833334419876337
0.0 0.9260110259056091 0.7020833492279053 0.0009191176504828036 0.0020833334419876337
0.0 0.3290441334247589 0.9072917103767395 0.0018382353009656072 0.004166666883975267
0.0 0.46920955181121826 0.6468750238418579 0.0009191176504828036 0.0020833334419876337
0.0 0.19347426295280457 0.5770833492279053 0.0009191176504828036 0.0020833334419876337
0.0 0.4319852888584137 0.8270833492279053 0.0018382353009656072 0.0020833334419876337
0.0 0.23943014442920685 0.24843750894069672 0.004595588427037001 0.0031250002793967724
0.0 0.8520220518112183 0.9770833849906921 0.0018382353009656072 0.0020833334419876337
0.0 0.5050551295280457 0.6692708730697632 0.0009191176504828036 0.0031250002793967724
0.0 0.6383271813392639 0.21302084624767303 0.0009191176504828036 0.0031250002793967724
0.0 0.24494485557079315 0.8989583849906921 0.0009191176504828036 0.0020833334419876337
0.0 0.6181066036224365 0.03072916902601719 0.0027573530096560717 0.0010416667209938169
0.0 0.6222426295280457 0.20416668057441711 0.0018382353009656072 0.0020833334419876337
0.0 0.5900735259056091 0.24687501788139343 0.0018382353009656072 0.0020833334419876337
0.0 0.22472426295280457 0.7968750596046448 0.0009191176504828036 0.0020833334419876337
0.0 0.8492646813392639 0.7276042103767395 0.0018382353009656072 0.0031250002793967724
0.0 0.18152573704719543 0.9703125357627869 0.0027573530096560717 0.0031250002793967724
0.0 0.48253676295280457 0.4479166865348816 0.0018382353009656072 0.004166666883975267
0.0 0.056066177785396576 0.9302083849906921 0.0018382353009656072 0.0020833334419876337
0.0 0.2913602888584137 0.7802083492279053 0.0018382353009656072 0.0020833334419876337
0.0 0.1829044073820114 0.3604166805744171 0.0018382353009656072 0.0020833334419876337
0.0 0.4186580777168274 0.6848958730697632 0.0009191176504828036 0.0031250002793967724
0.0 0.4250919222831726 0.6270833611488342 0.0009191176504828036 0.0020833334419876337
0.0 0.8193933963775635 0.9583333730697632 0.0009191176504828036 0.004166666883975267
0.0 0.10891544073820114 0.8281250596046448 0.0009191176504828036 0.0020833334419876337
0.0 0.8138786554336548 0.3307291865348816 0.0009191176504828036 0.0031250002793967724
0.0 0.4756433963775635 0.7583333849906921 0.0009191176504828036 0.0020833334419876337
0.0 0.7991728186607361 0.6848958730697632 0.0009191176504828036 0.0031250002793967724
0.0 0.06617647409439087 0.9604167342185974 0.0018382353009656072 0.004166666883975267
0.0 0.5211396813392639 0.6479166746139526 0.0018382353009656072 0.0020833334419876337
0.0 0.018841911107301712 0.4619791805744171 0.0009191176504828036 0.0010416667209938169
0.0 0.47472426295280457 0.8093750476837158 0.0009191176504828036 0.0020833334419876337
0.0 0.7826286554336548 0.8322917222976685 0.0009191176504828036 0.0020833334419876337
0.0 0.8556985259056091 0.32343751192092896 0.0018382353009656072 0.0031250002793967724
0.0 0.7936580777168274 0.6036458611488342 0.0009191176504828036 0.0031250002793967724
0.0 0.2421875 0.45729169249534607 0.0027573530096560717 0.004166666883975267
0.0 0.5569853186607361 0.39010417461395264 0.0018382353009656072 0.0031250002793967724
0.0 0.296875 0.04062500223517418 0.0018382353009656072 0.0020833334419876337
0.0 0.23345588147640228 0.4609375298023224 0.0018382353009656072 0.0031250002793967724
0.0 0.5041360259056091 0.7343750596046448 0.0009191176504828036 0.0020833334419876337
0.0 0.4967830777168274 0.35364586114883423 0.0027573530096560717 0.0031250002793967724
0.0 0.025275735184550285 0.7557291984558105 0.0027573530096560717 0.0031250002793967724
0.0 0.6617646813392639 0.33645835518836975 0.0036764706019312143 0.0020833334419876337
0.0 0.8511029481887817 0.6947916746139526 0.0018382353009656072 0.0020833334419876337
0.0 0.8920036554336548 0.44687503576278687 0.0027573530096560717 0.004166666883975267
0.0 0.48805147409439087 0.2723958492279053 0.0018382353009656072 0.0052083334885537624
0.0 0.1452205926179886 0.2536458373069763 0.0018382353009656072 0.0031250002793967724
0.0 0.3818933963775635 0.7791666984558105 0.0027573530096560717 0.004166666883975267
0.0 0.13419117033481598 0.2786458432674408 0.0018382353009656072 0.0031250002793967724
0.0 0.08685661852359772 0.8546875715255737 0.0027573530096560717 0.0031250002793967724
0.0 0.3993566334247589 0.7145833969116211 0.0009191176504828036 0.0020833334419876337
0.0 0.4430147111415863 0.6031250357627869 0.0018382353009656072 0.004166666883975267
0.0 0.19806985557079315 0.9682292342185974 0.0009191176504828036 0.0031250002793967724
0.0 0.9347426295280457 0.3255208432674408 0.0036764706019312143 0.0031250002793967724
0.0 0.4742647111415863 0.5822917222976685 0.0018382353009656072 0.0020833334419876337
0.0 0.607536792755127 0.2515625059604645 0.0018382353009656072 0.0052083334885537624
0.0 0.43382352590560913 0.6552083492279053 0.0018382353009656072 0.0020833334419876337
0.0 0.5206801295280457 0.11041667312383652 0.0027573530096560717 0.006250000558793545
0.0 0.21691176295280457 0.9312500357627869 0.0018382353009656072 0.0020833334419876337
0.0 0.22380514442920685 0.9572917222976685 0.0027573530096560717 0.004166666883975267
0.0 0.36351102590560913 0.6395833492279053 0.006433823611587286 0.004166666883975267
0.0 0.5128676295280457 0.5307291746139526 0.0036764706019312143 0.0052083334885537624
0.0 0.24908088147640228 0.7067708969116211 0.005514706019312143 0.0052083334885537624
0.0 0.07398897409439087 0.41562503576278687 0.0027573530096560717 0.004166666883975267
