0.0 0.8727021813392639 0.9270833730697632 0.0027573530096560717 0.004166666883975267
0.0 0.8635110259056091 0.8901042342185974 0.0009191176504828036 0.0010416667209938169
0.0 0.7302389740943909 0.8671875596046448 0.0009191176504828036 0.0010416667209938169
0.0 0.755974292755127 0.9369792342185974 0.0009191176504828036 0.0010416667209938169
0.0 0.8901654481887817 0.8828125596046448 0.0009191176504828036 0.0010416667209938169
0.0 0.16681985557079315 0.8234375715255737 0.0009191176504828036 0.0010416667209938169
0.0 0.7513786554336548 0.7916666865348816 0.0009191176504828036 0.0020833334419876337
0.0 0.8644301295280457 0.8994792103767395 0.0009191176504828036 0.0010416667209938169
0.0 0.7743566036224365 0.7572917342185974 0.0009191176504828036 0.0020833334419876337
0.0 0.7238051295280457 0.6427083611488342 0.0009191176504828036 0.0020833334419876337
0.0 0.9306066036224365 0.7333333492279053 0.0009191176504828036 0.0020833334419876337
0.0 0.8722426295280457 0.8963541984558105 0.0018382353009656072 0.0010416667209938169
0.0 0.9489889740943909 0.6333333849906921 0.0009191176504828036 0.0020833334419876337
0.0 0.9995404481887817 0.6588541865348816 0.0009191176504828036 0.0010416667209938169
0.0 0.7504595518112183 0.5598958730697632 0.0009191176504828036 0.0010416667209938169
0.0 0.7045036554336548 0.7260417342185974 0.0009191176504828036 0.0020833334419876337
0.0 0.9664521813392639 0.5484375357627869 0.0009191176504828036 0.0010416667209938169
0.0 0.9333639740943909 0.8927083611488342 0.0009191176504828036 0.0020833334419876337
0.0 0.9393382668495178 0.8437500596046448 0.0018382353009656072 0.004166666883975267
0.0 0.7504595518112183 0.6567708849906921 0.0009191176504828036 0.0010416667209938169
0.0 0.9140625 0.7807292342185974 0.0009191176504828036 0.0010416667209938169
0.0 0.2743566334247589 0.7338542342185974 0.0009191176504828036 0.0010416667209938169
0.0 0.7440257668495178 0.6979166865348816 0.0009191176504828036 0.0020833334419876337
0.0 0.8368566036224365 0.6708333492279053 0.0009191176504828036 0.0020833334419876337
0.0 0.9673713445663452 0.745312511920929 0.0009191176504828036 0.0010416667209938169
0.0 0.15487132966518402 0.8682292103767395 0.0009191176504828036 0.0010416667209938169
0.0 0.48253676295280457 0.7807292342185974 0.0018382353009656072 0.0031250002793967724
0.0 0.8249080777168274 0.9505208730697632 0.0009191176504828036 0.0031250002793967724
0.0 0.8929228186607361 0.9692708849906921 0.0009191176504828036 0.0010416667209938169
0.0 0.4186580777168274 0.7244791984558105 0.0009191176504828036 0.0010416667209938169
0.0 0.10891544073820114 0.5958333611488342 0.0009191176504828036 0.0020833334419876337
0.0 0.7927389740943909 0.6536458730697632 0.0009191176504828036 0.0010416667209938169
0.0 0.8129595518112183 0.9458333849906921 0.0009191176504828036 0.0020833334419876337
0.0 0.9273896813392639 0.7906250357627869 0.0018382353009656072 0.0020833334419876337
0.0 0.46829044818878174 0.5973958373069763 0.0009191176504828036 0.0010416667209938169
0.0 0.8166360259056091 0.9411458969116211 0.0009191176504828036 0.0010416667209938169
0.0 0.8607536554336548 0.7661458849906921 0.0009191176504828036 0.0010416667209938169
0.0 0.9489889740943909 0.5510417222976685 0.0009191176504828036 0.0020833334419876337
0.0 0.8065257668495178 0.7130208611488342 0.0009191176504828036 0.0010416667209938169
0.0 0.8396139740943909 0.7098958492279053 0.0009191176504828036 0.0010416667209938169
0.0 0.7899816036224365 0.9932292103767395 0.0009191176504828036 0.0010416667209938169
0.0 0.4388786852359772 0.7281250357627869 0.0027573530096560717 0.0020833334419876337
0.0 0.8120404481887817 0.30104169249534607 0.0009191176504828036 0.0020833334419876337
0.0 0.9499080777168274 0.6703125238418579 0.0009191176504828036 0.0010416667209938169
0.0 0.9411764740943909 0.7984375357627869 0.0018382353009656072 0.0010416667209938169
0.0 0.8313419222831726 0.7604166865348816 0.0009191176504828036 0.0020833334419876337
0.0 0.724724292755127 0.7364583611488342 0.0009191176504828036 0.0020833334419876337
0.0 0.9113051295280457 0.8130208849906921 0.0009191176504828036 0.0010416667209938169
0.0 0.7532169222831726 0.5453125238418579 0.0009191176504828036 0.0010416667209938169
0.0 0.8037683963775635 0.5562500357627869 0.0009191176504828036 0.0020833334419876337
0.0 0.8984375 0.8260416984558105 0.0009191176504828036 0.0020833334419876337
0.0 0.6962316036224365 0.8114583492279053 0.0009191176504828036 0.0020833334419876337
0.0 0.7624080777168274 0.6182292103767395 0.0009191176504828036 0.0010416667209938169
0.0 0.9977021813392639 0.6322916746139526 0.0009191176504828036 0.0020833334419876337
0.0 0.7486213445663452 0.9250000715255737 0.0009191176504828036 0.0020833334419876337
0.0 0.7274816036224365 0.6661458611488342 0.0009191176504828036 0.0010416667209938169
0.0 0.9563419222831726 0.6734375357627869 0.0009191176504828036 0.0010416667209938169
0.0 0.8203125 0.9291667342185974 0.0009191176504828036 0.0020833334419876337
0.0 0.056525737047195435 0.9906250238418579 0.0027573530096560717 0.0020833334419876337
0.0 0.8313419222831726 0.7593750357627869 0.0009191176504828036 0.0020833334419876337
0.0 0.9618566036224365 0.721875011920929 0.0009191176504828036 0.0020833334419876337
0.0 0.7642463445663452 0.6890625357627869 0.0009191176504828036 0.0010416667209938169
0.0 0.8359375 0.9625000357627869 0.0009191176504828036 0.0020833334419876337
0.0 0.6686580777168274 0.9760417342185974 0.0009191176504828036 0.0020833334419876337
0.0 0.8295036554336548 0.7276042103767395 0.0009191176504828036 0.0010416667209938169
0.0 0.9241728186607361 0.29218751192092896 0.0009191176504828036 0.0010416667209938169
0.0 0.5542279481887817 0.6739583611488342 0.0018382353009656072 0.004166666883975267
0.0 0.05974264815449715 0.47187501192092896 0.009191176854074001 0.010416666977107525
0.0 0.9517463445663452 0.39791667461395264 0.0009191176504828036 0.0020833334419876337
0.0 0.8929228186607361 0.7880208492279053 0.0009191176504828036 0.0031250002793967724
0.0 0.7982536554336548 0.6140625476837158 0.0009191176504828036 0.0010416667209938169
0.0 0.9425551295280457 0.6880208849906921 0.0009191176504828036 0.0010416667209938169
0.0 0.9393382668495178 0.7880208492279053 0.0018382353009656072 0.0010416667209938169
0.0 0.9260110259056091 0.8364583849906921 0.0009191176504828036 0.0020833334419876337
0.0 0.9361213445663452 0.7625000476837158 0.0009191176504828036 0.0020833334419876337
0.0 0.9342830777168274 0.8125000596046448 0.0009191176504828036 0.0020833334419876337
0.0 0.9581801295280457 0.53125 0.0009191176504828036 0.0020833334419876337
0.0 0.8386948704719543 0.5416666865348816 0.0009191176504828036 0.0020833334419876337
0.0 0.9977021813392639 0.7239583730697632 0.0009191176504828036 0.0020833334419876337
0.0 0.8152573704719543 0.7671875357627869 0.0018382353009656072 0.0010416667209938169
0.0 0.5289521813392639 0.6463541984558105 0.0009191176504828036 0.0010416667209938169
0.0 0.8161764740943909 0.9578125476837158 0.0018382353009656072 0.0010416667209938169
0.0 0.48851102590560913 0.5609375238418579 0.0009191176504828036 0.0010416667209938169
0.0 0.8589154481887817 0.6432291865348816 0.0009191176504828036 0.0010416667209938169
0.0 0.9926470518112183 0.21145834028720856 0.0018382353009656072 0.0020833334419876337
0.0 0.9296875 0.9281250238418579 0.0009191176504828036 0.0020833334419876337
0.0 0.8230698704719543 0.6260417103767395 0.0009191176504828036 0.0020833334419876337
0.0 0.8556985259056091 0.45781251788139343 0.0018382353009656072 0.0010416667209938169
0.0 0.982536792755127 0.15729168057441711 0.0036764706019312143 0.0020833334419876337
0.0 0.5533088445663452 0.9187500476837158 0.0018382353009656072 0.0020833334419876337
0.0 0.7628676295280457 0.6177083849906921 0.0018382353009656072 0.0020833334419876337
0.0 0.8681066036224365 0.6869791746139526 0.0009191176504828036 0.0010416667209938169
0.0 0.9774816036224365 0.5062500238418579 0.0009191176504828036 0.0020833334419876337
0.0 0.46139705181121826 0.5453125238418579 0.0018382353009656072 0.0010416667209938169
0.0 0.7987132668495178 0.659375011920929 0.0018382353009656072 0.006250000558793545
0.0 0.9002757668495178 0.9500000476837158 0.0009191176504828036 0.0020833334419876337
0.0 0.8483455777168274 0.9552083611488342 0.0018382353009656072 0.0020833334419876337
0.0 0.9273896813392639 0.7916666865348816 0.0018382353009656072 0.0020833334419876337
0.0 0.8327205777168274 0.9192708730697632 0.0018382353009656072 0.0031250002793967724
0.0 0.42141544818878174 0.7041667103767395 0.0009191176504828036 0.0020833334419876337
0.0 0.9039521813392639 0.8890625238418579 0.0027573530096560717 0.0052083334885537624
0.0 0.912224292755127 0.7682291865348816 0.0009191176504828036 0.0010416667209938169
0.0 0.6603860259056091 0.9229167103767395 0.0009191176504828036 0.0020833334419876337
0.0 0.9678308963775635 0.4359375238418579 0.0018382353009656072 0.0031250002793967724
0.0 0.35202205181121826 0.7864583730697632 0.0018382353009656072 0.0020833334419876337
0.0 0.7766544222831726 0.9656250476837158 0.0018382353009656072 0.0020833334419876337
0.0 0.857536792755127 0.9645833969116211 0.0018382353009656072 0.004166666883975267
0.0 0.552849292755127 0.8296875357627869 0.006433823611587286 0.00937500037252903
0.0 0.3272058963775635 0.24062500894069672 0.007352941203862429 0.010416666977107525
0.0 0.9347426295280457 0.6416667103767395 0.0018382353009656072 0.004166666883975267
0.0 0.9269301295280457 0.5901042222976685 0.0027573530096560717 0.0052083334885537624
0.0 0.9232536554336548 0.7640625238418579 0.004595588427037001 0.00729166716337204
0.0 0.5542279481887817 0.6734375357627869 0.0036764706019312143 0.0052083334885537624
0.0 0.4232536852359772 0.7848958969116211 0.010110294446349144 0.015625
0.0 0.5211396813392639 0.7145833969116211 0.005514706019312143 0.006250000558793545
0.0 0.4287683963775635 0.6416667103767395 0.004595588427037001 0.004166666883975267
