0 0.175092 0.409375 0.000919 0.002083
0 0.823070 0.404688 0.000919 0.001042
0 0.728401 0.615104 0.000919 0.003125
0 0.004136 0.426563 0.002757 0.001042
0 0.448070 0.760417 0.000919 0.002083
0 0.465533 0.790104 0.000919 0.001042
0 0.017923 0.577604 0.002757 0.001042
0 0.557445 0.189583 0.000919 0.002083
0 0.948070 0.381250 0.000919 0.002083
0 0.793658 0.054167 0.000919 0.002083
0 0.208180 0.331771 0.000919 0.001042
0 0.987132 0.187500 0.001838 0.002083
0 0.480239 0.596354 0.000919 0.001042
0 0.299173 0.061979 0.000919 0.003125
0 0.585938 0.672396 0.000919 0.001042
0 0.588695 0.446354 0.000919 0.001042
0 0.628217 0.129167 0.000919 0.002083
0 0.912224 0.383854 0.000919 0.001042
0 0.418658 0.550000 0.000919 0.002083
0 0.378217 0.493229 0.000919 0.001042
0 0.878217 0.308333 0.000919 0.002083
0 0.661305 0.645313 0.000919 0.001042
0 0.642923 0.114583 0.000919 0.002083
0 0.742188 0.693750 0.000919 0.002083
0 0.589614 0.216146 0.000919 0.001042
0 0.620864 0.063021 0.000919 0.001042
0 0.473805 0.486458 0.000919 0.002083
0 0.298254 0.888021 0.000919 0.001042
0 0.191636 0.686979 0.000919 0.001042
0 0.436121 0.538542 0.000919 0.002083
0 0.274357 0.526042 0.000919 0.002083
0 0.797794 0.367708 0.001838 0.002083
0 0.461397 0.582813 0.001838 0.001042
0 0.111213 0.230729 0.003676 0.001042
0 0.678768 0.921354 0.000919 0.001042
0 0.460938 0.195313 0.000919 0.001042
0 0.396140 0.801563 0.001838 0.003125
0 0.228401 0.702083 0.000919 0.002083
0 0.429688 0.617188 0.000919 0.001042
0 0.535386 0.493229 0.000919 0.001042
0 0.854320 0.820313 0.000919 0.001042
0 0.717371 0.030729 0.000919 0.001042
0 0.363971 0.722396 0.003676 0.011458
0 0.750000 0.991146 0.003676 0.003125
0 0.300092 0.582813 0.000919 0.001042
0 0.371783 0.100521 0.000919 0.001042
0 0.130055 0.694271 0.000919 0.001042
0 0.366268 0.048438 0.000919 0.001042
0 0.055147 0.560938 0.003676 0.005208
0 0.570312 0.297396 0.000919 0.001042
0 0.326287 0.786458 0.001838 0.002083
0 0.471048 0.527604 0.000919 0.001042
0 0.721048 0.858333 0.000919 0.002083
0 0.324449 0.759896 0.001838 0.001042
0 0.208640 0.205208 0.001838 0.002083
0 0.811121 0.610417 0.000919 0.002083
0 0.368107 0.984896 0.000919 0.001042
0 0.405790 0.198438 0.000919 0.001042
0 0.287684 0.941146 0.001838 0.003125
0 0.732996 0.022917 0.000919 0.002083
0 0.506893 0.384896 0.000919 0.001042
0 0.743107 0.974479 0.000919 0.001042
0 0.794118 0.369271 0.001838 0.001042
0 0.388327 0.600521 0.000919 0.001042
0 0.754136 0.539583 0.000919 0.002083
0 0.037224 0.288542 0.000919 0.002083
0 0.300092 0.865104 0.000919 0.001042
0 0.553768 0.176563 0.000919 0.001042
0 0.301011 0.916146 0.000919 0.001042
0 0.809743 0.377083 0.001838 0.002083
0 0.848805 0.077604 0.000919 0.001042
0 0.495864 0.463542 0.000919 0.002083
0 0.917739 0.473958 0.000919 0.002083
0 0.432445 0.005729 0.000919 0.001042
0 0.845129 0.690104 0.000919 0.003125
0 0.345588 0.733333 0.001838 0.002083
0 0.086857 0.801563 0.000919 0.001042
0 0.741268 0.095313 0.000919 0.001042
0 0.360294 0.097396 0.001838 0.001042
0 0.966912 0.997396 0.003676 0.005208
0 0.495864 0.626563 0.000919 0.001042
0 0.231618 0.855729 0.001838 0.003125
0 0.225643 0.954688 0.000919 0.001042
0 0.195312 0.607813 0.000919 0.001042
0 0.312960 0.666146 0.000919 0.001042
0 0.310662 0.185417 0.001838 0.002083
0 0.783548 0.452604 0.000919 0.001042
0 0.405790 0.595313 0.000919 0.001042
0 0.782629 0.655729 0.000919 0.001042
0 0.411305 0.085938 0.000919 0.001042
0 0.718290 0.572917 0.000919 0.002083
0 0.550551 0.152083 0.001838 0.002083
0 0.437960 0.610938 0.000919 0.001042
0 0.364430 0.181771 0.000919 0.001042
0 0.036305 0.334896 0.000919 0.001042
0 0.771599 0.604688 0.000919 0.001042
0 0.823989 0.958854 0.000919 0.001042
0 0.232537 0.183333 0.001838 0.002083
0 0.463695 0.641146 0.000919 0.001042
0 0.857996 0.435938 0.000919 0.001042
0 0.315717 0.890104 0.000919 0.001042
0 0.088695 0.318750 0.000919 0.002083
0 0.818474 0.969271 0.000919 0.001042
0 0.657629 0.119271 0.000919 0.001042
0 0.699908 0.726042 0.000919 0.002083
0 0.088695 0.639063 0.000919 0.001042
0 0.423254 0.038542 0.000919 0.002083
0 0.132353 0.458854 0.001838 0.001042
0 0.521140 0.398958 0.001838 0.002083
0 0.438879 0.805208 0.000919 0.002083
0 0.768842 0.480208 0.000919 0.002083
0 0.215533 0.825521 0.000919 0.001042
0 0.678768 0.117708 0.000919 0.002083
0 0.078125 0.679688 0.001838 0.001042
0 0.455882 0.667708 0.001838 0.004167
0 0.724724 0.956250 0.000919 0.002083
0 0.478860 0.316146 0.001838 0.001042
0 0.921415 0.494792 0.000919 0.002083
0 0.332261 0.555208 0.000919 0.002083
0 0.100643 0.942188 0.000919 0.003125
0 0.272978 0.846354 0.001838 0.005208
0 0.727941 0.554167 0.001838 0.002083
0 0.497702 0.607813 0.000919 0.001042
0 0.142004 0.986979 0.000919 0.001042
0 0.496324 0.427083 0.001838 0.004167
0 0.417739 0.846354 0.000919 0.001042
0 0.960938 0.423438 0.000919 0.001042
0 0.531710 0.666146 0.000919 0.001042
0 0.398438 0.634375 0.000919 0.002083
0 0.405790 0.503125 0.000919 0.002083
0 0.269761 0.177604 0.000919 0.001042
0 0.381434 0.777604 0.001838 0.001042
0 0.403952 0.786979 0.000919 0.001042
0 0.434743 0.598438 0.001838 0.003125
0 0.331342 0.907292 0.000919 0.002083
0 0.792279 0.364583 0.001838 0.002083
0 0.812960 0.407292 0.000919 0.002083
0 0.432445 0.631250 0.000919 0.002083
0 0.637408 0.437500 0.000919 0.002083
0 0.369485 0.740104 0.003676 0.005208
0 0.826746 0.846875 0.000919 0.002083
0 0.370864 0.756250 0.000919 0.002083
0 0.541820 0.578646 0.000919 0.001042
0 0.899357 0.861979 0.000919 0.001042
0 0.772978 0.330729 0.001838 0.001042
0 0.333640 0.653125 0.001838 0.002083
0 0.712776 0.114063 0.000919 0.001042
0 0.570312 0.543229 0.000919 0.001042
0 0.902114 0.584896 0.000919 0.001042
0 0.710938 0.826042 0.000919 0.002083
0 0.737592 0.744792 0.000919 0.002083
0 0.436121 0.669792 0.000919 0.002083
0 0.706342 0.797917 0.000919 0.002083
0 0.517004 0.548958 0.000919 0.002083
0 0.741268 0.794271 0.000919 0.001042
0 0.209099 0.309896 0.000919 0.001042
0 0.362592 0.762500 0.000919 0.002083
0 0.301471 0.728125 0.001838 0.002083
0 0.045496 0.917188 0.000919 0.001042
0 0.714614 0.786458 0.000919 0.002083
0 0.477482 0.525000 0.000919 0.002083
0 0.413143 0.318750 0.000919 0.002083
0 0.814798 0.363021 0.000919 0.001042
0 0.372702 0.863542 0.000919 0.002083
0 0.346967 0.894792 0.000919 0.002083
0 0.400276 0.663542 0.000919 0.002083
0 0.270680 0.861458 0.000919 0.002083
0 0.299632 0.823958 0.001838 0.002083
0 0.294577 0.780208 0.000919 0.002083
0 0.133732 0.393750 0.000919 0.002083
0 0.929688 0.826563 0.000919 0.003125
0 0.427849 0.651563 0.000919 0.005208
0 0.621783 0.502604 0.000919 0.001042
0 0.812960 0.727083 0.000919 0.002083
0 0.530790 0.447396 0.000919 0.001042
0 0.961857 0.475000 0.000919 0.002083
0 0.357996 0.875000 0.000919 0.002083
0 0.129596 0.398438 0.001838 0.001042
0 0.418658 0.657292 0.000919 0.002083
0 0.223346 0.961458 0.001838 0.002083
0 0.470129 0.333333 0.002757 0.004167
0 0.835478 0.954688 0.001838 0.001042
0 0.611673 0.203646 0.000919 0.001042
0 0.611673 0.616667 0.000919 0.002083
0 0.890625 0.837500 0.001838 0.002083
0 0.495864 0.418750 0.000919 0.002083
0 0.553768 0.806771 0.000919 0.003125
0 0.468290 0.511458 0.000919 0.002083
0 0.414982 0.702604 0.000919 0.003125
0 0.260570 0.845833 0.000919 0.002083
0 0.511029 0.065104 0.001838 0.001042
0 0.765165 0.435417 0.000919 0.002083
0 0.685202 0.652083 0.000919 0.002083
0 0.412224 0.364063 0.000919 0.001042
0 0.346048 0.936979 0.000919 0.003125
0 0.528033 0.301042 0.000919 0.002083
0 0.397518 0.563021 0.000919 0.001042
0 0.124540 0.213021 0.000919 0.001042
0 0.071691 0.547917 0.001838 0.002083
0 0.352941 0.737500 0.001838 0.002083
0 0.426930 0.977083 0.000919 0.002083
0 0.443934 0.621875 0.001838 0.002083
0 0.438419 0.625000 0.001838 0.002083
0 0.492188 0.590625 0.000919 0.002083
0 0.411765 0.492708 0.001838 0.002083
0 0.517004 0.377083 0.000919 0.002083
0 0.511029 0.793750 0.001838 0.002083
0 0.608456 0.255729 0.001838 0.001042
0 0.365349 0.659375 0.002757 0.004167
0 0.961397 0.380208 0.001838 0.002083
0 0.750000 0.991667 0.001838 0.004167
0 0.572610 0.152604 0.001838 0.003125
0 0.275276 0.857813 0.000919 0.003125
0 0.345588 0.958333 0.001838 0.002083
0 0.551930 0.309375 0.000919 0.002083
0 0.749081 0.499479 0.001838 0.003125
0 0.550551 0.294271 0.001838 0.003125
0 0.470588 0.569271 0.001838 0.003125
0 0.763787 0.419792 0.001838 0.002083
0 0.409007 0.526042 0.003676 0.004167
0 0.530790 0.671875 0.000919 0.002083
0 0.383272 0.641667 0.001838 0.006250
0 0.340074 0.886979 0.001838 0.003125
0 0.794118 0.491146 0.001838 0.003125
0 0.320312 0.322396 0.002757 0.003125
0 0.701746 0.935417 0.000919 0.004167
0 0.699449 0.087500 0.001838 0.002083
0 0.139706 0.950521 0.001838 0.003125
0 0.053309 0.803125 0.001838 0.002083
0 0.193934 0.659375 0.001838 0.002083
0 0.542739 0.654167 0.000919 0.002083
0 0.703585 0.832292 0.000919 0.004167
0 0.404871 0.893750 0.002757 0.002083
0 0.173713 0.717708 0.001838 0.002083
0 0.451287 0.388542 0.001838 0.002083
0 0.317555 0.901042 0.000919 0.002083
0 0.559743 0.350521 0.001838 0.003125
0 0.745864 0.540625 0.002757 0.004167
0 0.452206 0.655729 0.001838 0.003125
0 0.386489 0.670313 0.000919 0.003125
0 0.030790 0.451563 0.002757 0.005208
0 0.629596 0.256771 0.001838 0.003125
0 0.984375 0.505729 0.001838 0.003125
0 0.409007 0.433854 0.001838 0.005208
0 0.755515 0.948438 0.001838 0.003125
0 0.587776 0.505729 0.002757 0.003125
0 0.413143 0.306250 0.000919 0.002083
0 0.384191 0.923438 0.001838 0.003125
0 0.307445 0.902083 0.002757 0.002083
0 0.420037 0.704688 0.001838 0.003125
0 0.110754 0.665625 0.002757 0.004167
0 0.098805 0.968750 0.006434 0.006250
0 0.495864 0.689583 0.000919 0.002083
0 0.937040 0.828125 0.002757 0.004167
0 0.878217 0.496354 0.004596 0.005208
0 0.145221 0.414063 0.005515 0.003125
0 0.574908 0.358333 0.000919 0.002083
0 0.267923 0.794271 0.000919 0.003125
0 0.045956 0.423958 0.001838 0.004167
0 0.232077 0.880729 0.008272 0.005208
0 0.539982 0.403125 0.002757 0.006250
0 0.359375 0.810938 0.001838 0.003125
0 0.822151 0.637500 0.002757 0.004167
0 0.121324 0.660938 0.001838 0.005208
0 0.322151 0.836458 0.002757 0.004167
0 0.218290 0.956771 0.002757 0.005208
0 0.462776 0.247396 0.002757 0.005208
0 0.407629 0.744271 0.004596 0.007292
