0 0.740349 0.554688 0.000919 0.001042
0 0.428768 0.554688 0.000919 0.001042
0 0.257812 0.801042 0.000919 0.002083
0 0.417739 0.559896 0.000919 0.001042
0 0.317555 0.244792 0.000919 0.002083
0 0.958180 0.296875 0.000919 0.002083
0 0.266085 0.729167 0.000919 0.002083
0 0.541820 0.323438 0.000919 0.001042
0 0.240809 0.033333 0.001838 0.002083
0 0.354320 0.795313 0.000919 0.001042
0 0.621783 0.191146 0.000919 0.001042
0 0.957261 0.608854 0.000919 0.001042
0 0.880055 0.861979 0.000919 0.001042
0 0.292739 0.865625 0.002757 0.006250
0 0.370864 0.766146 0.000919 0.001042
0 0.921415 0.545313 0.000919 0.001042
0 0.464154 0.669792 0.001838 0.002083
0 0.453585 0.217188 0.000919 0.001042
0 0.415901 0.633854 0.000919 0.001042
0 0.010110 0.205729 0.001838 0.003125
0 0.482996 0.582813 0.000919 0.001042
0 0.104320 0.445313 0.000919 0.001042
0 0.484835 0.668750 0.000919 0.002083
0 0.640625 0.976042 0.001838 0.002083
0 0.486673 0.609375 0.000919 0.002083
0 0.361673 0.576563 0.000919 0.001042
0 0.383272 0.685417 0.001838 0.002083
0 0.731158 0.452083 0.000919 0.002083
0 0.466452 0.726563 0.000919 0.001042
0 0.718290 0.551563 0.000919 0.001042
0 0.404412 0.710938 0.001838 0.001042
0 0.419577 0.715104 0.000919 0.001042
0 0.243107 0.900521 0.000919 0.001042
0 0.051011 0.845313 0.000919 0.001042
0 0.972886 0.677604 0.000919 0.001042
0 0.369026 0.420313 0.000919 0.001042
0 0.563879 0.356771 0.000919 0.001042
0 0.115349 0.838021 0.000919 0.001042
0 0.440717 0.497396 0.000919 0.001042
0 0.368107 0.281771 0.000919 0.001042
0 0.671875 0.104688 0.001838 0.001042
0 0.362592 0.792708 0.000919 0.004167
0 0.480239 0.572917 0.000919 0.002083
0 0.437960 0.757813 0.000919 0.001042
0 0.403952 0.047396 0.000919 0.001042
0 0.539982 0.324479 0.000919 0.001042
0 0.399357 0.855729 0.000919 0.001042
0 0.304688 0.747917 0.000919 0.002083
0 0.580423 0.580729 0.000919 0.001042
0 0.588695 0.441667 0.000919 0.002083
0 0.463695 0.630729 0.000919 0.001042
0 0.620864 0.180729 0.000919 0.001042
0 0.528952 0.393229 0.000919 0.001042
0 0.407629 0.505729 0.000919 0.001042
0 0.262408 0.981771 0.000919 0.001042
0 0.322151 0.933333 0.000919 0.002083
0 0.487592 0.703125 0.000919 0.002083
0 0.192555 0.257292 0.000919 0.002083
0 0.432445 0.735417 0.000919 0.002083
0 0.348805 0.603646 0.000919 0.001042
0 0.865349 0.936458 0.000919 0.002083
0 0.421415 0.547396 0.000919 0.001042
0 0.912224 0.583333 0.000919 0.002083
0 0.220129 0.987500 0.000919 0.002083
0 0.835018 0.253125 0.000919 0.002083
0 0.461857 0.660938 0.000919 0.001042
0 0.035846 0.533333 0.001838 0.002083
0 0.425092 0.647396 0.000919 0.001042
0 0.399357 0.008854 0.004596 0.005208
0 0.034467 0.542188 0.000919 0.001042
0 0.876379 0.578646 0.000919 0.001042
0 0.855239 0.700000 0.000919 0.002083
0 0.509651 0.406250 0.000919 0.002083
0 0.708180 0.162500 0.000919 0.002083
0 0.611673 0.580208 0.000919 0.002083
0 0.270221 0.852604 0.001838 0.003125
0 0.368566 0.751042 0.001838 0.002083
0 0.119026 0.443229 0.000919 0.001042
0 0.791820 0.818750 0.000919 0.004167
0 0.844210 0.216146 0.000919 0.003125
0 0.561121 0.451563 0.000919 0.001042
0 0.339154 0.713021 0.001838 0.003125
0 0.770680 0.475000 0.002757 0.002083
0 0.685202 0.084896 0.000919 0.001042
0 0.444393 0.516146 0.000919 0.001042
0 0.365349 0.470313 0.000919 0.001042
0 0.362592 0.557292 0.000919 0.002083
0 0.002298 0.680729 0.004596 0.005208
0 0.405790 0.633854 0.000919 0.001042
0 0.292739 0.870313 0.002757 0.009375
0 0.321691 0.957813 0.001838 0.003125
0 0.650276 0.161979 0.000919 0.001042
0 0.354320 0.944792 0.000919 0.002083
0 0.678768 0.895833 0.000919 0.002083
0 0.377757 0.743750 0.001838 0.002083
0 0.553768 0.351563 0.000919 0.001042
0 0.328585 0.841667 0.002757 0.004167
0 0.546415 0.324479 0.000919 0.001042
0 0.573989 0.615104 0.000919 0.001042
0 0.392004 0.085938 0.000919 0.001042
0 0.424173 0.276563 0.000919 0.001042
0 0.414982 0.695833 0.002757 0.004167
0 0.248621 0.563021 0.000919 0.001042
0 0.431985 0.524479 0.003676 0.003125
0 0.402574 0.775521 0.001838 0.001042
0 0.764246 0.417188 0.000919 0.001042
0 0.497702 0.442708 0.000919 0.002083
0 0.471507 0.804167 0.001838 0.002083
0 0.941636 0.499479 0.000919 0.001042
0 0.912224 0.777604 0.000919 0.001042
0 0.411305 0.529688 0.000919 0.001042
0 0.218290 0.885938 0.000919 0.001042
0 0.472426 0.796875 0.001838 0.002083
0 0.119945 0.526563 0.000919 0.001042
0 0.766085 0.991667 0.000919 0.002083
0 0.952665 0.200000 0.000919 0.002083
0 0.910386 0.480729 0.000919 0.001042
0 0.568474 0.348438 0.000919 0.001042
0 0.519761 0.659896 0.000919 0.001042
0 0.337776 0.162500 0.000919 0.002083
0 0.162224 0.411979 0.000919 0.001042
0 0.955423 0.269271 0.000919 0.001042
0 0.573529 0.289583 0.001838 0.002083
0 0.234835 0.718229 0.000919 0.001042
0 0.167739 0.283854 0.002757 0.001042
0 0.898438 0.055729 0.002757 0.001042
0 0.772518 0.506771 0.000919 0.001042
0 0.880974 0.434896 0.000919 0.001042
0 0.079963 0.508333 0.001838 0.002083
0 0.681526 0.937500 0.000919 0.002083
0 0.266085 0.796875 0.000919 0.002083
0 0.755055 0.467188 0.000919 0.001042
0 0.771599 0.717188 0.000919 0.001042
0 0.965533 0.384896 0.000919 0.001042
0 0.827665 0.794792 0.000919 0.002083
0 0.795496 0.961979 0.000919 0.001042
0 0.536305 0.227604 0.002757 0.001042
0 0.159467 0.827604 0.000919 0.001042
0 0.012408 0.778646 0.000919 0.001042
0 0.902114 0.339583 0.000919 0.002083
0 0.631893 0.778646 0.000919 0.003125
0 0.523438 0.491667 0.000919 0.002083
0 0.483915 0.559375 0.000919 0.002083
0 0.879136 0.600521 0.000919 0.001042
0 0.910386 0.218229 0.000919 0.001042
0 0.478860 0.121875 0.001838 0.002083
0 0.761029 0.115104 0.001838 0.001042
0 0.863971 0.782813 0.001838 0.001042
0 0.557445 0.741146 0.000919 0.001042
0 0.350643 0.628125 0.000919 0.002083
0 0.803768 0.814583 0.000919 0.002083
0 0.963695 0.443750 0.000919 0.002083
0 0.759191 0.465625 0.001838 0.002083
0 0.645221 0.938542 0.001838 0.002083
0 0.486213 0.957292 0.001838 0.002083
0 0.152114 0.853646 0.000919 0.003125
0 0.273897 0.884896 0.001838 0.003125
0 0.997702 0.690104 0.002757 0.003125
0 0.801011 0.602604 0.000919 0.001042
0 0.435202 0.605208 0.002757 0.006250
0 0.082721 0.291146 0.001838 0.001042
0 0.760570 0.469271 0.000919 0.001042
0 0.383732 0.755208 0.000919 0.004167
0 0.348346 0.844792 0.001838 0.004167
0 0.071691 0.581771 0.001838 0.001042
0 0.514706 0.226563 0.001838 0.001042
0 0.316636 0.708333 0.000919 0.002083
0 0.249540 0.943229 0.000919 0.001042
0 0.436581 0.418229 0.001838 0.001042
0 0.721048 0.726042 0.000919 0.002083
0 0.226562 0.878646 0.000919 0.001042
0 0.299173 0.800521 0.002757 0.005208
0 0.776195 0.459896 0.000919 0.001042
0 0.448529 0.529167 0.001838 0.002083
0 0.105699 0.855208 0.001838 0.002083
0 0.335018 0.803125 0.000919 0.002083
0 0.448989 0.539062 0.000919 0.003125
0 0.249081 0.914583 0.001838 0.002083
0 0.535846 0.786458 0.001838 0.002083
0 0.389706 0.873958 0.001838 0.002083
0 0.923254 0.525000 0.000919 0.002083
0 0.703125 0.605208 0.001838 0.004167
0 0.372702 0.807292 0.000919 0.002083
0 0.243566 0.813542 0.001838 0.002083
0 0.722886 0.537500 0.000919 0.002083
0 0.366728 0.960417 0.001838 0.002083
0 0.347886 0.523438 0.000919 0.003125
0 0.434283 0.826042 0.000919 0.002083
0 0.326746 0.158333 0.000919 0.002083
0 0.921875 0.579167 0.001838 0.002083
0 0.075368 0.514063 0.001838 0.001042
0 0.677390 0.185938 0.001838 0.001042
0 0.532169 0.461979 0.001838 0.003125
0 0.486673 0.397917 0.000919 0.002083
0 0.442096 0.944271 0.001838 0.003125
0 0.722426 0.520833 0.001838 0.002083
0 0.369485 0.406250 0.001838 0.002083
0 0.090074 0.532813 0.005515 0.003125
0 0.639706 0.976042 0.001838 0.004167
0 0.517463 0.452604 0.001838 0.003125
0 0.038603 0.422396 0.001838 0.001042
0 0.698070 0.652083 0.002757 0.004167
0 0.590533 0.350521 0.002757 0.003125
0 0.665441 0.155208 0.001838 0.002083
0 0.830882 0.979167 0.001838 0.002083
0 0.871783 0.968229 0.000919 0.003125
0 0.837316 0.451563 0.001838 0.001042
0 0.476103 0.507292 0.001838 0.002083
0 0.392463 0.804688 0.001838 0.003125
0 0.297794 0.890104 0.003676 0.007292
0 0.218290 0.936458 0.000919 0.002083
0 0.357996 0.551563 0.002757 0.007292
0 0.753676 0.462500 0.001838 0.002083
0 0.188419 0.955208 0.001838 0.004167
0 0.817555 0.536458 0.000919 0.002083
0 0.756893 0.859375 0.000919 0.002083
0 0.266085 0.115104 0.000919 0.003125
0 0.242188 0.998438 0.002757 0.003125
0 0.496783 0.410417 0.000919 0.004167
0 0.318934 0.780729 0.001838 0.005208
0 0.376838 0.758854 0.001838 0.003125
0 0.319853 0.810938 0.001838 0.003125
0 0.436121 0.717708 0.000919 0.002083
0 0.289522 0.916667 0.001838 0.002083
0 0.748621 0.597396 0.000919 0.003125
0 0.700827 0.077083 0.000919 0.002083
0 0.426471 0.436458 0.001838 0.004167
0 0.679228 0.667188 0.001838 0.003125
0 0.357077 0.617188 0.000919 0.003125
0 0.210478 0.656250 0.001838 0.004167
0 0.878217 0.969792 0.002757 0.004167
0 0.404412 0.496354 0.001838 0.003125
0 0.495864 0.512500 0.002757 0.006250
0 0.924632 0.479167 0.001838 0.002083
0 0.771599 0.761979 0.002757 0.005208
0 0.423254 0.605208 0.000919 0.002083
0 0.353860 0.846354 0.001838 0.003125
0 0.298254 0.908333 0.000919 0.002083
0 0.118566 0.807292 0.001838 0.002083
0 0.352941 0.653646 0.003676 0.003125
0 0.282629 0.970313 0.002757 0.003125
0 0.033088 0.811458 0.001838 0.004167
0 0.944393 0.610938 0.002757 0.003125
0 0.095129 0.871875 0.002757 0.002083
0 0.280331 0.888542 0.001838 0.002083
0 0.835938 0.605729 0.004596 0.005208
0 0.043658 0.806250 0.002757 0.004167
0 0.423254 0.339583 0.002757 0.006250
0 0.273897 0.423958 0.003676 0.004167
0 0.539062 0.619792 0.002757 0.002083
0 0.337776 0.893229 0.004596 0.007292
