0 0.260570 0.651563 0.000919 0.001042
0 0.897059 0.570833 0.001838 0.002083
0 0.971507 0.403646 0.001838 0.001042
0 0.886029 0.541667 0.001838 0.002083
0 0.926930 0.491146 0.000919 0.001042
0 0.941636 0.491146 0.000919 0.003125
0 0.903033 0.647917 0.000919 0.002083
0 0.930147 0.461979 0.001838 0.001042
0 0.942555 0.533854 0.000919 0.001042
0 0.754136 0.478646 0.000919 0.001042
0 0.638787 0.743229 0.001838 0.001042
0 0.800092 0.910417 0.000919 0.002083
0 0.244485 0.714583 0.001838 0.002083
0 0.626379 0.850521 0.000919 0.001042
0 0.859375 0.538542 0.001838 0.002083
0 0.945772 0.561458 0.001838 0.002083
0 0.805147 0.902604 0.001838 0.001042
0 0.704044 0.276042 0.001838 0.002083
0 0.563879 0.972917 0.000919 0.002083
0 0.845588 0.680729 0.001838 0.001042
0 0.926471 0.233333 0.001838 0.002083
0 0.828585 0.808854 0.000919 0.001042
0 0.469210 0.665625 0.000919 0.002083
0 0.731618 0.581771 0.001838 0.005208
0 0.812500 0.801563 0.001838 0.001042
0 0.727482 0.488021 0.000919 0.001042
0 0.911305 0.528125 0.000919 0.002083
0 0.957261 0.546354 0.000919 0.001042
0 0.807445 0.789583 0.000919 0.002083
0 0.836857 0.211458 0.000919 0.002083
0 0.869485 0.683854 0.001838 0.001042
0 0.172335 0.802604 0.000919 0.001042
0 0.422335 0.527604 0.000919 0.001042
0 0.753217 0.954167 0.000919 0.002083
0 0.865809 0.709375 0.001838 0.002083
0 0.691636 0.670313 0.000919 0.001042
0 0.920496 0.601563 0.000919 0.001042
0 0.042739 0.938542 0.000919 0.002083
0 0.751379 0.447396 0.000919 0.001042
0 0.344669 0.701042 0.001838 0.002083
0 0.737592 0.918750 0.000919 0.002083
0 0.868566 0.463021 0.001838 0.001042
0 0.930147 0.261979 0.001838 0.001042
0 0.886489 0.614583 0.000919 0.002083
0 0.854320 0.640104 0.000919 0.001042
0 0.893842 0.593229 0.000919 0.001042
0 0.937960 0.311458 0.000919 0.002083
0 0.971967 0.737500 0.000919 0.002083
0 0.627298 0.940104 0.000919 0.003125
0 0.710938 0.682813 0.000919 0.001042
0 0.803768 0.833854 0.000919 0.001042
0 0.926471 0.491667 0.001838 0.002083
0 0.107077 0.964583 0.000919 0.002083
0 0.774357 0.982813 0.000919 0.005208
0 0.785846 0.989583 0.001838 0.004167
0 0.642923 0.665104 0.000919 0.001042
0 0.753217 0.898958 0.000919 0.002083
0 0.852941 0.971354 0.001838 0.001042
0 0.778033 0.812500 0.000919 0.002083
0 0.925092 0.542708 0.000919 0.002083
0 0.784467 0.967188 0.000919 0.001042
0 0.053768 0.885417 0.000919 0.002083
0 0.847886 0.720313 0.000919 0.001042
0 0.682445 0.619792 0.000919 0.002083
0 0.893842 0.637500 0.000919 0.002083
0 0.893842 0.403646 0.000919 0.001042
0 0.782629 0.850521 0.000919 0.001042
0 0.880515 0.566146 0.001838 0.001042
0 0.874081 0.564583 0.001838 0.002083
0 0.886949 0.745313 0.001838 0.001042
0 0.988971 0.371875 0.001838 0.002083
0 0.872702 0.738542 0.000919 0.004167
0 0.734835 0.894271 0.000919 0.001042
0 0.826746 0.893229 0.000919 0.001042
0 0.916820 0.519792 0.002757 0.002083
0 0.516085 0.918229 0.000919 0.001042
0 0.774357 0.843750 0.000919 0.002083
0 0.760570 0.858333 0.000919 0.002083
0 0.488051 0.637500 0.001838 0.004167
0 0.616268 0.928125 0.000919 0.002083
0 0.731158 0.580208 0.000919 0.004167
0 0.936581 0.535417 0.001838 0.002083
0 0.944393 0.544271 0.000919 0.001042
0 0.876379 0.430208 0.000919 0.002083
0 0.918658 0.545313 0.002757 0.003125
0 0.722886 0.931250 0.000919 0.002083
0 0.456801 0.617188 0.001838 0.001042
0 0.832721 0.727604 0.001838 0.003125
0 0.841452 0.851563 0.000919 0.001042
0 0.761489 0.876563 0.000919 0.001042
0 0.803768 0.796354 0.000919 0.001042
0 0.835938 0.936979 0.000919 0.001042
0 0.971048 0.566146 0.000919 0.003125
0 0.767923 0.672917 0.000919 0.002083
0 0.691636 0.544792 0.000919 0.002083
0 0.851103 0.565104 0.001838 0.001042
0 0.994485 0.477604 0.001838 0.001042
0 0.787224 0.553646 0.000919 0.001042
0 0.859835 0.733854 0.000919 0.003125
0 0.885110 0.076563 0.001838 0.001042
0 0.835938 0.873438 0.000919 0.001042
0 0.897518 0.126042 0.000919 0.002083
0 0.864890 0.657813 0.001838 0.001042
0 0.736673 0.476563 0.000919 0.001042
0 0.177849 0.832292 0.000919 0.002083
0 0.380974 0.527604 0.000919 0.001042
0 0.868107 0.825000 0.000919 0.002083
0 0.763787 0.845313 0.001838 0.001042
0 0.765165 0.491667 0.000919 0.002083
0 0.659467 0.669271 0.000919 0.001042
0 0.988051 0.359375 0.001838 0.002083
0 0.494485 0.899479 0.001838 0.003125
0 0.831342 0.955208 0.000919 0.002083
0 0.765165 0.458333 0.000919 0.002083
0 0.936581 0.616667 0.001838 0.002083
0 0.778493 0.372917 0.001838 0.002083
0 0.866728 0.303125 0.001838 0.002083
0 0.782629 0.951042 0.000919 0.002083
0 0.859835 0.539062 0.002757 0.003125
0 0.919118 0.612500 0.001838 0.002083
0 0.749540 0.956250 0.000919 0.002083
0 0.707261 0.646354 0.000919 0.001042
0 0.968750 0.631771 0.001838 0.001042
0 0.701746 0.866146 0.000919 0.001042
0 0.681526 0.585938 0.000919 0.001042
0 0.904412 0.694271 0.001838 0.001042
0 0.983456 0.485938 0.001838 0.001042
0 0.723346 0.891146 0.001838 0.005208
0 0.656710 0.577604 0.000919 0.001042
0 0.673254 0.802083 0.000919 0.002083
0 0.659467 0.598438 0.000919 0.001042
0 0.881434 0.335417 0.001838 0.002083
0 0.814338 0.833333 0.001838 0.004167
0 0.740349 0.631771 0.000919 0.001042
0 0.769761 0.867188 0.000919 0.003125
0 0.781710 0.879167 0.000919 0.002083
0 0.808364 0.844271 0.000919 0.003125
0 0.775276 0.832813 0.000919 0.003125
0 0.976103 0.428646 0.001838 0.003125
0 0.826287 0.987500 0.001838 0.002083
0 0.752298 0.683854 0.000919 0.001042
0 0.990809 0.817708 0.001838 0.002083
0 0.410846 0.536979 0.001838 0.001042
0 0.589154 0.734375 0.001838 0.004167
0 0.492188 0.805208 0.006434 0.010417
0 0.799173 0.596354 0.000919 0.001042
0 0.763327 0.641667 0.000919 0.002083
0 0.802390 0.875521 0.001838 0.003125
0 0.272978 0.806771 0.001838 0.003125
0 0.694393 0.856250 0.000919 0.002083
0 0.843290 0.668229 0.000919 0.001042
0 0.871324 0.694271 0.001838 0.001042
0 0.605699 0.873958 0.001838 0.002083
0 0.752298 0.541667 0.000919 0.002083
0 0.763787 0.964063 0.001838 0.003125
0 0.852482 0.661979 0.004596 0.007292
0 0.857537 0.688542 0.001838 0.004167
0 0.847886 0.486979 0.002757 0.005208
0 0.841452 0.790104 0.002757 0.005208
0 0.678768 0.477083 0.000919 0.002083
0 0.756893 0.863021 0.002757 0.003125
0 0.793199 0.868750 0.001838 0.002083
0 0.348805 0.632292 0.004596 0.004167
0 0.207721 0.245833 0.007353 0.010417
0 0.488051 0.636979 0.003676 0.005208
0 0.454044 0.686979 0.005515 0.007292
0 0.348805 0.788542 0.011949 0.018750
