0.0 0.19255514442920685 0.6317708492279053 0.0009191176504828036 0.0010416667209938169
0.0 0.3368566334247589 0.5213541984558105 0.0009191176504828036 0.0010416667209938169
0.0 0.38005515933036804 0.9906250238418579 0.0009191176504828036 0.0020833334419876337
0.0 0.4623161852359772 0.6296875476837158 0.0018382353009656072 0.0010416667209938169
0.0 0.4076286852359772 0.7666667103767395 0.0009191176504828036 0.0020833334419876337
0.0 0.3469669222831726 0.7838541865348816 0.0009191176504828036 0.0010416667209938169
0.0 0.5739889740943909 0.26979169249534607 0.0009191176504828036 0.0020833334419876337
0.0 0.14568014442920685 0.19635418057441711 0.0009191176504828036 0.0010416667209938169
0.0 0.6879595518112183 0.26510417461395264 0.0009191176504828036 0.0010416667209938169
0.0 0.43566176295280457 0.46302086114883423 0.0018382353009656072 0.0031250002793967724
0.0 0.6245404481887817 0.17239584028720856 0.0009191176504828036 0.0010416667209938169
0.0 0.5620404481887817 0.5369791984558105 0.0009191176504828036 0.0010416667209938169
0.0 0.5105698704719543 0.7010416984558105 0.0009191176504828036 0.0020833334419876337
0.0 0.42141544818878174 0.6947916746139526 0.0009191176504828036 0.0020833334419876337
0.0 0.7720588445663452 0.16822917759418488 0.0018382353009656072 0.0010416667209938169
0.0 0.6429228186607361 0.15416666865348816 0.0009191176504828036 0.0020833334419876337
0.0 0.5721507668495178 0.4593750238418579 0.0009191176504828036 0.0020833334419876337
0.0 0.6162683963775635 0.35885417461395264 0.0009191176504828036 0.0010416667209938169
0.0 0.43152573704719543 0.8651041984558105 0.0009191176504828036 0.0010416667209938169
0.0 0.03492647036910057 0.6411458849906921 0.0018382353009656072 0.0010416667209938169
0.0 0.6116728186607361 0.7046875357627869 0.0009191176504828036 0.0010416667209938169
0.0 0.2141544073820114 0.7838541865348816 0.0018382353009656072 0.0010416667209938169
0.0 0.6603860259056091 0.26614585518836975 0.0009191176504828036 0.0010416667209938169
0.0 0.6006433963775635 0.4750000238418579 0.0009191176504828036 0.0020833334419876337
0.0 0.5206801295280457 0.9020833969116211 0.0009191176504828036 0.0020833334419876337
0.0 0.6043198704719543 0.4385416805744171 0.0009191176504828036 0.0020833334419876337
0.0 0.6254595518112183 0.42760419845581055 0.0009191176504828036 0.0010416667209938169
0.0 0.19025735557079315 0.89739590883255 0.0018382353009656072 0.0010416667209938169
0.0 0.4232536852359772 0.8661458492279053 0.0009191176504828036 0.0010416667209938169
0.0 0.35340073704719543 0.5171875357627869 0.0009191176504828036 0.0010416667209938169
0.0 0.12545956671237946 0.6942708492279053 0.0027573530096560717 0.0031250002793967724
0.0 0.8635110259056091 0.08489583432674408 0.0009191176504828036 0.0010416667209938169
0.0 0.7210478186607361 0.9291667342185974 0.0009191176504828036 0.0020833334419876337
0.0 0.9260110259056091 0.7859375476837158 0.0009191176504828036 0.0010416667209938169
0.0 0.2054227888584137 0.4739583432674408 0.0009191176504828036 0.0020833334419876337
0.0 0.35891544818878174 0.5552083849906921 0.0009191176504828036 0.0020833334419876337
0.0 0.7293198704719543 0.9687500596046448 0.0009191176504828036 0.0020833334419876337
0.0 0.49402573704719543 0.8067708611488342 0.0009191176504828036 0.0010416667209938169
0.0 0.6061580777168274 0.40052086114883423 0.0009191176504828036 0.0010416667209938169
0.0 0.4264705777168274 0.9093750715255737 0.0018382353009656072 0.0020833334419876337
0.0 0.8584558963775635 0.8552083969116211 0.0018382353009656072 0.0020833334419876337
0.0 0.5928308963775635 0.42916667461395264 0.0018382353009656072 0.0020833334419876337
0.0 0.6613051295280457 0.3177083432674408 0.0009191176504828036 0.0020833334419876337
0.0 0.4296875 0.9718750715255737 0.0009191176504828036 0.0020833334419876337
0.0 0.24402573704719543 0.9494792222976685 0.0009191176504828036 0.0010416667209938169
0.0 0.43336397409439087 0.4817708730697632 0.0009191176504828036 0.0010416667209938169
0.0 0.3157169222831726 0.4062500298023224 0.0009191176504828036 0.0020833334419876337
0.0 0.4829963147640228 0.5953125357627869 0.0009191176504828036 0.0010416667209938169
0.0 0.6227021813392639 0.14114584028720856 0.0009191176504828036 0.0010416667209938169
0.0 0.4986213147640228 0.7187500596046448 0.0009191176504828036 0.0020833334419876337
0.0 0.7136948704719543 0.6083333492279053 0.0009191176504828036 0.0020833334419876337
0.0 0.32306984066963196 0.5213541984558105 0.004595588427037001 0.0031250002793967724
0.0 0.6300551295280457 0.8927083611488342 0.0009191176504828036 0.0020833334419876337
0.0 0.6677389740943909 0.8697916865348816 0.0009191176504828036 0.0020833334419876337
0.0 0.4310661852359772 0.6770833730697632 0.0018382353009656072 0.0020833334419876337
0.0 0.7927389740943909 0.14531250298023224 0.0009191176504828036 0.0010416667209938169
0.0 0.3841911852359772 0.9276041984558105 0.0018382353009656072 0.0010416667209938169
0.0 0.47288602590560913 0.6765625476837158 0.0009191176504828036 0.0010416667209938169
0.0 0.3451286852359772 0.7770833969116211 0.0009191176504828036 0.0020833334419876337
0.0 0.5491728186607361 0.6614583730697632 0.0009191176504828036 0.0020833334419876337
0.0 0.4609375 0.9734375476837158 0.0009191176504828036 0.0010416667209938169
0.0 0.630974292755127 0.3760416805744171 0.0009191176504828036 0.0020833334419876337
0.0 0.18704044818878174 0.9822916984558105 0.0009191176504828036 0.0020833334419876337
0.0 0.39108455181121826 0.9161458611488342 0.0009191176504828036 0.0031250002793967724
0.0 0.7320771813392639 0.10781250894069672 0.0009191176504828036 0.0010416667209938169
0.0 0.7853860259056091 0.3411458432674408 0.0009191176504828036 0.0010416667209938169
0.0 0.5454963445663452 0.39895835518836975 0.0009191176504828036 0.0020833334419876337
0.0 0.6056985259056091 0.41562503576278687 0.0018382353009656072 0.0020833334419876337
0.0 0.4912683963775635 0.6791666746139526 0.0009191176504828036 0.0020833334419876337
0.0 0.45909926295280457 0.6494792103767395 0.0009191176504828036 0.0010416667209938169
0.0 0.5280330777168274 0.3994791805744171 0.0009191176504828036 0.0010416667209938169
0.0 0.8818933963775635 0.3151041865348816 0.0009191176504828036 0.0010416667209938169
0.0 0.48391544818878174 0.3583333492279053 0.0009191176504828036 0.0020833334419876337
0.0 0.8469669222831726 0.8854166865348816 0.0009191176504828036 0.0020833334419876337
0.0 0.7440257668495178 0.3609375059604645 0.0009191176504828036 0.0010416667209938169
0.0 0.7017463445663452 0.43437501788139343 0.0009191176504828036 0.0020833334419876337
0.0 0.7665441036224365 0.03541667014360428 0.0018382353009656072 0.0020833334419876337
0.0 0.5988051295280457 0.19635418057441711 0.0009191176504828036 0.0010416667209938169
0.0 0.6217830777168274 0.3671875298023224 0.0009191176504828036 0.0010416667209938169
0.0 0.5160845518112183 0.8859375715255737 0.0009191176504828036 0.0010416667209938169
0.0 0.4912683963775635 0.29322919249534607 0.0009191176504828036 0.0010416667209938169
0.0 0.10248161852359772 0.7244791984558105 0.0009191176504828036 0.0010416667209938169
0.0 0.3561580777168274 0.8791667222976685 0.0009191176504828036 0.0020833334419876337
0.0 0.049172792583703995 0.8380208611488342 0.0009191176504828036 0.0010416667209938169
0.0 0.8198529481887817 0.9916667342185974 0.0018382353009656072 0.0020833334419876337
0.0 0.6879595518112183 0.19687500596046448 0.0009191176504828036 0.0020833334419876337
0.0 0.45726102590560913 0.8098958730697632 0.0009191176504828036 0.0010416667209938169
0.0 0.5776654481887817 0.3515625298023224 0.0009191176504828036 0.0010416667209938169
0.0 0.5399816036224365 0.3630208671092987 0.0009191176504828036 0.0010416667209938169
0.0 0.6116728186607361 0.98333340883255 0.0009191176504828036 0.0020833334419876337
0.0 0.3092830777168274 0.4322916865348816 0.0009191176504828036 0.0020833334419876337
0.0 0.9260110259056091 0.07656250149011612 0.0009191176504828036 0.0010416667209938169
0.0 0.5022978186607361 0.6286458373069763 0.0009191176504828036 0.0010416667209938169
0.0 0.9301470518112183 0.5411458611488342 0.0018382353009656072 0.0010416667209938169
0.0 0.5252757668495178 0.8078125715255737 0.0027573530096560717 0.0031250002793967724
0.0 0.6167279481887817 0.5390625 0.0018382353009656072 0.0010416667209938169
0.0 0.5225183963775635 0.9062500596046448 0.0009191176504828036 0.0020833334419876337
0.0 0.7375919222831726 0.13489584624767303 0.0009191176504828036 0.0010416667209938169
0.0 0.34972426295280457 0.5359375476837158 0.0009191176504828036 0.0031250002793967724
0.0 0.7109375 0.41822919249534607 0.0009191176504828036 0.0010416667209938169
0.0 0.7284007668495178 0.20208334922790527 0.0009191176504828036 0.0020833334419876337
0.0 0.8065257668495178 0.4541666805744171 0.0009191176504828036 0.0020833334419876337
0.0 0.3451286852359772 0.6703125238418579 0.0009191176504828036 0.0010416667209938169
0.0 0.6677389740943909 0.2614583373069763 0.0009191176504828036 0.0020833334419876337
0.0 0.6557904481887817 0.3114583492279053 0.0009191176504828036 0.0020833334419876337
0.0 0.9448529481887817 0.03958333656191826 0.0018382353009656072 0.0020833334419876337
0.0 0.40808823704719543 0.8802083730697632 0.0018382353009656072 0.0020833334419876337
0.0 0.5960478186607361 0.4125000238418579 0.0009191176504828036 0.0020833334419876337
0.0 0.8092830777168274 0.14687500894069672 0.0009191176504828036 0.0020833334419876337
0.0 0.26056984066963196 0.7307292222976685 0.0009191176504828036 0.0031250002793967724
0.0 0.018382353708148003 0.6552083492279053 0.0018382353009656072 0.0020833334419876337
0.0 0.1695772111415863 0.5088542103767395 0.0009191176504828036 0.0010416667209938169
0.0 0.8331801295280457 0.8927083611488342 0.0009191176504828036 0.0020833334419876337
0.0 0.4388786852359772 0.8682292103767395 0.0009191176504828036 0.0010416667209938169
0.0 0.38556984066963196 0.526562511920929 0.0009191176504828036 0.0010416667209938169
0.0 0.9710478186607361 0.7682291865348816 0.0009191176504828036 0.0010416667209938169
0.0 0.5896139740943909 0.19635418057441711 0.0009191176504828036 0.0010416667209938169
0.0 0.35891544818878174 0.9875000715255737 0.0009191176504828036 0.0020833334419876337
0.0 0.8465073704719543 0.9500000476837158 0.0018382353009656072 0.004166666883975267
0.0 0.42371323704719543 0.4833333492279053 0.0018382353009656072 0.0020833334419876337
0.0 0.46461397409439087 0.9770833849906921 0.0009191176504828036 0.0020833334419876337
0.0 0.4898897111415863 0.6895833611488342 0.0018382353009656072 0.0020833334419876337
0.0 0.07490808516740799 0.6057292222976685 0.0009191176504828036 0.0010416667209938169
0.0 0.3782169222831726 0.9682292342185974 0.0009191176504828036 0.0010416667209938169
0.0 0.46829044818878174 0.88177090883255 0.0009191176504828036 0.0010416667209938169
0.0 0.4820772111415863 0.8635417222976685 0.0009191176504828036 0.0020833334419876337
0.0 0.41360294818878174 0.88958340883255 0.0018382353009656072 0.0020833334419876337
0.0 0.521599292755127 0.6171875596046448 0.0009191176504828036 0.0010416667209938169
0.0 0.5634191036224365 0.6536458730697632 0.0018382353009656072 0.0010416667209938169
0.0 0.537224292755127 0.8020833730697632 0.0009191176504828036 0.0020833334419876337
0.0 0.2748161852359772 0.39114585518836975 0.0018382353009656072 0.0010416667209938169
0.0 0.4508272111415863 0.9552083611488342 0.0009191176504828036 0.0020833334419876337
0.0 0.5289521813392639 0.6135417222976685 0.0009191176504828036 0.0020833334419876337
0.0 0.1640625 0.5276042222976685 0.0009191176504828036 0.0031250002793967724
0.0 0.6760110259056091 0.39635419845581055 0.0009191176504828036 0.0010416667209938169
0.0 0.4172794222831726 0.5494791865348816 0.0018382353009656072 0.0010416667209938169
0.0 0.4204963147640228 0.9098958969116211 0.0027573530096560717 0.0052083334885537624
0.0 0.8864889740943909 0.7812500596046448 0.0009191176504828036 0.0020833334419876337
0.0 0.6842830777168274 0.7416667342185974 0.0009191176504828036 0.0020833334419876337
0.0 0.5707720518112183 0.4557291865348816 0.0018382353009656072 0.0031250002793967724
0.0 0.4719669222831726 0.5526041984558105 0.0009191176504828036 0.0010416667209938169
0.0 0.40119484066963196 0.9447917342185974 0.0009191176504828036 0.0020833334419876337
0.0 0.9333639740943909 0.05833333730697632 0.0009191176504828036 0.0020833334419876337
0.0 0.4701286852359772 0.8031250238418579 0.0009191176504828036 0.0020833334419876337
0.0 0.4149816334247589 0.9890625476837158 0.0009191176504828036 0.0010416667209938169
0.0 0.9241728186607361 0.3385416865348816 0.0009191176504828036 0.0020833334419876337
0.0 0.7118566036224365 0.24270834028720856 0.0009191176504828036 0.0020833334419876337
0.0 0.6043198704719543 0.9062500596046448 0.0009191176504828036 0.0020833334419876337
0.0 0.36994484066963196 0.5515625476837158 0.0009191176504828036 0.0010416667209938169
0.0 0.6677389740943909 0.31979167461395264 0.0009191176504828036 0.0020833334419876337
0.0 0.724724292755127 0.9125000238418579 0.0027573530096560717 0.004166666883975267
0.0 0.4967830777168274 0.8020833730697632 0.0009191176504828036 0.0020833334419876337
0.0 0.802849292755127 0.2510416805744171 0.0009191176504828036 0.0020833334419876337
0.0 0.3984375 0.7156250476837158 0.0009191176504828036 0.0020833334419876337
0.0 0.5041360259056091 0.5536458492279053 0.0009191176504828036 0.0010416667209938169
0.0 0.4016544222831726 0.49427086114883423 0.0018382353009656072 0.0010416667209938169
0.0 0.5206801295280457 0.6098958849906921 0.0009191176504828036 0.0010416667209938169
0.0 0.3092830777168274 0.7817708849906921 0.0009191176504828036 0.0031250002793967724
0.0 0.959099292755127 0.7505208849906921 0.0009191176504828036 0.0031250002793967724
0.0 0.27619484066963196 0.5989583730697632 0.0009191176504828036 0.0020833334419876337
0.0 0.2982536852359772 0.6130208373069763 0.0009191176504828036 0.0010416667209938169
0.0 0.5082720518112183 0.5901042222976685 0.0018382353009656072 0.0010416667209938169
0.0 0.3524816334247589 0.2578125 0.0009191176504828036 0.0010416667209938169
0.0 0.26746323704719543 0.4359375238418579 0.0018382353009656072 0.0031250002793967724
0.0 0.6162683963775635 0.27135416865348816 0.0009191176504828036 0.0010416667209938169
0.0 0.9296875 0.9848958849906921 0.0009191176504828036 0.0010416667209938169
0.0 0.4195772111415863 0.4098958671092987 0.0009191176504828036 0.0010416667209938169
0.0 0.7927389740943909 0.8104166984558105 0.0009191176504828036 0.0020833334419876337
0.0 0.9517463445663452 0.7401041984558105 0.0009191176504828036 0.0010416667209938169
0.0 0.8432904481887817 0.9651042222976685 0.0009191176504828036 0.0031250002793967724
0.0 0.9324448704719543 0.8208333849906921 0.0009191176504828036 0.0020833334419876337
0.0 0.10523897409439087 0.9630208611488342 0.0009191176504828036 0.0010416667209938169
0.0 0.9034926295280457 0.9171875715255737 0.0018382353009656072 0.0010416667209938169
0.0 0.3782169222831726 0.8208333849906921 0.0009191176504828036 0.0020833334419876337
0.0 0.2054227888584137 0.7859375476837158 0.0009191176504828036 0.0010416667209938169
0.0 0.48943015933036804 0.8390625715255737 0.0009191176504828036 0.0010416667209938169
0.0 0.7261029481887817 0.19062501192092896 0.0018382353009656072 0.004166666883975267
0.0 0.9204963445663452 0.8390625715255737 0.0009191176504828036 0.0031250002793967724
0.0 0.7201286554336548 0.7083333730697632 0.0009191176504828036 0.0020833334419876337
0.0 0.6897978186607361 0.5135416984558105 0.0009191176504828036 0.0020833334419876337
0.0 0.2375919073820114 0.9703125357627869 0.0009191176504828036 0.0031250002793967724
0.0 0.3616727888584137 0.5223958492279053 0.0009191176504828036 0.0010416667209938169
0.0 0.5602021813392639 0.2796875238418579 0.0009191176504828036 0.0010416667209938169
0.0 0.4641544222831726 0.7015625238418579 0.0018382353009656072 0.0010416667209938169
0.0 0.8386948704719543 0.04635417088866234 0.0009191176504828036 0.0010416667209938169
0.0 0.4453125 0.635937511920929 0.0009191176504828036 0.0010416667209938169
0.0 0.5193014740943909 0.7197917103767395 0.0018382353009656072 0.0020833334419876337
0.0 0.1672794073820114 0.3682291805744171 0.0018382353009656072 0.0031250002793967724
0.0 0.7509191036224365 0.784375011920929 0.0018382353009656072 0.0020833334419876337
0.0 0.4673713147640228 0.4177083671092987 0.0009191176504828036 0.0020833334419876337
0.0 0.3929227888584137 0.7302083969116211 0.0009191176504828036 0.0020833334419876337
0.0 0.6024816036224365 0.3604166805744171 0.0027573530096560717 0.0020833334419876337
0.0 0.3368566334247589 0.573437511920929 0.0009191176504828036 0.0031250002793967724
0.0 0.8074448704719543 0.9072917103767395 0.0009191176504828036 0.0020833334419876337
0.0 0.037683822214603424 0.6218750476837158 0.0036764706019312143 0.0020833334419876337
0.0 0.7045036554336548 0.3921875059604645 0.0009191176504828036 0.0010416667209938169
0.0 0.5261948704719543 0.6869791746139526 0.0009191176504828036 0.0031250002793967724
0.0 0.6824448704719543 0.2770833373069763 0.0009191176504828036 0.0020833334419876337
0.0 0.6806066036224365 0.8619791865348816 0.0009191176504828036 0.0031250002793967724
0.0 0.40349265933036804 0.9791667461395264 0.0018382353009656072 0.0020833334419876337
0.0 0.45358455181121826 0.7937500476837158 0.0009191176504828036 0.0020833334419876337
0.0 0.6801470518112183 0.34687501192092896 0.0018382353009656072 0.0020833334419876337
0.0 0.9756433963775635 0.6192708611488342 0.0009191176504828036 0.0010416667209938169
0.0 0.9397978186607361 0.9817708730697632 0.0009191176504828036 0.0010416667209938169
0.0 0.0960477963089943 0.8411458730697632 0.0009191176504828036 0.0031250002793967724
0.0 0.5124080777168274 0.8135417103767395 0.0009191176504828036 0.0020833334419876337
0.0 0.1594669073820114 0.5166667103767395 0.008272059261798859 0.006250000558793545
0.0 0.9388786554336548 0.7854167222976685 0.0009191176504828036 0.0020833334419876337
0.0 0.4875919222831726 0.18437500298023224 0.0027573530096560717 0.0020833334419876337
0.0 0.045036766678094864 0.8531250357627869 0.0018382353009656072 0.0020833334419876337
0.0 0.10983455926179886 0.9427083730697632 0.0009191176504828036 0.0020833334419876337
0.0 0.8584558963775635 0.8562500476837158 0.0018382353009656072 0.0020833334419876337
0.0 0.4273897111415863 0.8911458849906921 0.0018382353009656072 0.0031250002793967724
0.0 0.1539522111415863 0.6041666865348816 0.0009191176504828036 0.0020833334419876337
0.0 0.42784926295280457 0.8609375357627869 0.0009191176504828036 0.0031250002793967724
0.0 0.49954044818878174 0.7500000596046448 0.0009191176504828036 0.0020833334419876337
0.0 0.5418198704719543 0.5958333611488342 0.0009191176504828036 0.004166666883975267
0.0 0.6052389740943909 0.41562503576278687 0.0027573530096560717 0.004166666883975267
0.0 0.8465073704719543 0.9510416984558105 0.0036764706019312143 0.004166666883975267
0.0 0.9365808963775635 0.8875000476837158 0.0018382353009656072 0.0020833334419876337
0.0 0.3272058963775635 0.9432291984558105 0.0018382353009656072 0.0031250002793967724
0.0 0.05055147036910057 0.737500011920929 0.0018382353009656072 0.004166666883975267
0.0 0.4719669222831726 0.8364583849906921 0.0009191176504828036 0.0020833334419876337
0.0 0.5018382668495178 0.6635416746139526 0.0018382353009656072 0.0020833334419876337
0.0 0.26148897409439087 0.8479167222976685 0.0009191176504828036 0.0020833334419876337
0.0 0.3860294222831726 0.4911458492279053 0.0018382353009656072 0.0010416667209938169
0.0 0.4361213147640228 0.5760416984558105 0.0009191176504828036 0.0020833334419876337
0.0 0.6341911554336548 0.28437501192092896 0.0018382353009656072 0.004166666883975267
0.0 0.03998161852359772 0.6338542103767395 0.0027573530096560717 0.0031250002793967724
0.0 0.49954044818878174 0.8208333849906921 0.0009191176504828036 0.0020833334419876337
0.0 0.4466911852359772 0.9057292342185974 0.0018382353009656072 0.0031250002793967724
0.0 0.5477941036224365 0.7901042103767395 0.0018382353009656072 0.0031250002793967724
0.0 0.06893382221460342 0.8531250357627869 0.0018382353009656072 0.0020833334419876337
0.0 0.03400735184550285 0.8932291865348816 0.0018382353009656072 0.0031250002793967724
0.0 0.6167279481887817 0.6692708730697632 0.0018382353009656072 0.0031250002793967724
0.0 0.505974292755127 0.8567708730697632 0.0027573530096560717 0.0031250002793967724
0.0 0.45818015933036804 0.8760417103767395 0.0009191176504828036 0.004166666883975267
0.0 0.018841911107301712 0.8828125596046448 0.0027573530096560717 0.0031250002793967724
0.0 0.4912683963775635 0.7848958969116211 0.0027573530096560717 0.0052083334885537624
0.0 0.125 0.6947916746139526 0.0018382353009656072 0.0020833334419876337
0.0 0.7840073704719543 0.5375000238418579 0.0036764706019312143 0.004166666883975267
0.0 0.1920955926179886 0.4020833671092987 0.0018382353009656072 0.0020833334419876337
0.0 0.3984375 0.25 0.006433823611587286 0.008333333767950535
0.0 0.2421875 0.7458333969116211 0.0027573530096560717 0.004166666883975267
0.0 0.8244485259056091 0.4125000238418579 0.0036764706019312143 0.004166666883975267
0.0 0.39430147409439087 0.18437500298023224 0.0036764706019312143 0.0020833334419876337
0.0 0.20588235557079315 0.37812501192092896 0.0018382353009656072 0.004166666883975267
0.0 0.3014705777168274 0.99895840883255 0.0036764706019312143 0.0020833334419876337
0.0 0.18566176295280457 0.49375003576278687 0.0018382353009656072 0.0020833334419876337
0.0 0.4655330777168274 0.20677083730697632 0.0027573530096560717 0.0031250002793967724
