0 0.093290 0.383333 0.000919 0.002083
0 0.540901 0.383854 0.000919 0.001042
0 0.633732 0.163021 0.000919 0.003125
0 0.250460 0.379167 0.000919 0.002083
0 0.371324 0.735938 0.001838 0.003125
0 0.410386 0.157813 0.000919 0.001042
0 0.919577 0.194271 0.000919 0.001042
0 0.139706 0.821875 0.001838 0.002083
0 0.186581 0.819271 0.001838 0.001042
0 0.600643 0.557813 0.000919 0.001042
0 0.512408 0.674479 0.000919 0.001042
0 0.339614 0.893750 0.000919 0.002083
0 0.300092 0.808854 0.000919 0.003125
0 0.333180 0.715625 0.000919 0.002083
0 0.158548 0.717708 0.000919 0.002083
0 0.442555 0.490104 0.000919 0.001042
0 0.784007 0.821354 0.001838 0.001042
0 0.481618 0.652604 0.001838 0.001042
0 0.893842 0.679688 0.000919 0.001042
0 0.599724 0.092708 0.000919 0.002083
0 0.379136 0.919271 0.000919 0.001042
0 0.408548 0.656250 0.000919 0.002083
0 0.926930 0.451563 0.000919 0.001042
0 0.946232 0.893229 0.000919 0.001042
0 0.181066 0.983854 0.003676 0.003125
0 0.448989 0.256771 0.000919 0.001042
0 0.387408 0.650000 0.000919 0.002083
0 0.496783 0.469271 0.000919 0.001042
0 0.514706 0.487500 0.001838 0.004167
0 0.747702 0.427083 0.000919 0.002083
0 0.165901 0.953646 0.000919 0.001042
0 0.994026 0.201563 0.000919 0.001042
0 0.554688 0.285938 0.000919 0.001042
0 0.221967 0.388021 0.000919 0.001042
0 0.298254 0.736979 0.000919 0.001042
0 0.030331 0.785417 0.001838 0.002083
0 0.960938 0.176563 0.000919 0.001042
0 0.416820 0.607813 0.000919 0.001042
0 0.415901 0.298438 0.000919 0.001042
0 0.551930 0.618229 0.000919 0.001042
0 0.017923 0.664063 0.002757 0.005208
0 0.668658 0.823958 0.000919 0.002083
0 0.419577 0.835938 0.000919 0.001042
0 0.762408 0.697396 0.002757 0.001042
0 0.561121 0.300000 0.000919 0.002083
0 0.432445 0.615104 0.000919 0.001042
0 0.450827 0.702083 0.000919 0.002083
0 0.372243 0.698958 0.001838 0.002083
0 0.632812 0.150000 0.000919 0.002083
0 0.183824 0.250521 0.001838 0.001042
0 0.701746 0.056250 0.000919 0.002083
0 0.542739 0.535938 0.000919 0.001042
0 0.233915 0.978646 0.000919 0.001042
0 0.604320 0.174479 0.000919 0.001042
0 0.401195 0.701563 0.002757 0.003125
0 0.324908 0.833854 0.002757 0.009375
0 0.340533 0.228125 0.000919 0.002083
0 0.525735 0.368750 0.001838 0.004167
0 0.274357 0.534375 0.000919 0.002083
0 0.654871 0.025521 0.000919 0.001042
0 0.680607 0.027604 0.000919 0.001042
0 0.664062 0.145313 0.000919 0.001042
0 0.738511 0.528646 0.000919 0.001042
0 0.225184 0.968750 0.001838 0.004167
0 0.744945 0.694792 0.000919 0.002083
0 0.770680 0.438542 0.000919 0.002083
0 0.940257 0.495313 0.001838 0.001042
0 0.778033 0.444792 0.000919 0.002083
0 0.404412 0.062500 0.001838 0.002083
0 0.428768 0.604167 0.000919 0.002083
0 0.707261 0.689583 0.000919 0.002083
0 0.544577 0.513021 0.000919 0.001042
0 0.776195 0.440625 0.000919 0.002083
0 0.468750 0.513021 0.001838 0.003125
0 0.308364 0.401042 0.000919 0.002083
0 0.404871 0.713542 0.000919 0.002083
0 0.483915 0.585417 0.000919 0.002083
0 0.700827 0.705729 0.000919 0.003125
0 0.364890 0.768750 0.001838 0.002083
0 0.484835 0.633854 0.000919 0.001042
0 0.393842 0.511979 0.000919 0.001042
0 0.285846 0.230729 0.001838 0.001042
0 0.339614 0.128646 0.000919 0.001042
0 0.275735 0.955208 0.001838 0.002083
0 0.490349 0.457292 0.000919 0.004167
0 0.437040 0.246354 0.000919 0.001042
0 0.556526 0.298438 0.000919 0.001042
0 0.377298 0.790104 0.000919 0.001042
0 0.386489 0.391146 0.000919 0.001042
0 0.562500 0.532292 0.001838 0.002083
0 0.686121 0.963542 0.000919 0.002083
0 0.706342 0.595833 0.000919 0.002083
0 0.378217 0.807813 0.000919 0.003125
0 0.682445 0.076563 0.000919 0.001042
0 0.581801 0.710938 0.001838 0.001042
0 0.890165 0.455729 0.000919 0.001042
0 0.684283 0.985938 0.000919 0.001042
0 0.383272 0.760938 0.001838 0.001042
0 0.942555 0.232813 0.000919 0.001042
0 0.295496 0.938542 0.000919 0.002083
0 0.693474 0.734896 0.000919 0.001042
0 0.431526 0.503646 0.000919 0.001042
0 0.746783 0.632813 0.000919 0.001042
0 0.619945 0.196354 0.000919 0.001042
0 0.528952 0.772396 0.000919 0.001042
0 0.691636 0.663021 0.000919 0.001042
0 0.278952 0.089583 0.000919 0.002083
0 0.288143 0.766146 0.000919 0.001042
0 0.751379 0.294271 0.000919 0.001042
0 0.239890 0.625521 0.001838 0.003125
0 0.397978 0.917188 0.001838 0.003125
0 0.853860 0.424479 0.001838 0.001042
0 0.036305 0.650000 0.002757 0.002083
0 0.400735 0.773438 0.001838 0.003125
0 0.688419 0.158333 0.001838 0.002083
0 0.554688 0.606250 0.000919 0.002083
0 0.456801 0.579688 0.001838 0.001042
0 0.180607 0.398958 0.000919 0.002083
0 0.795496 0.945833 0.000919 0.002083
0 0.709559 0.896875 0.001838 0.002083
0 0.297335 0.658333 0.000919 0.002083
0 0.373621 0.960938 0.000919 0.001042
0 0.480239 0.467708 0.000919 0.002083
0 0.451287 0.484375 0.001838 0.002083
0 0.038143 0.335938 0.000919 0.001042
0 0.654871 0.160417 0.000919 0.002083
0 0.772518 0.443229 0.000919 0.001042
0 0.145221 0.489583 0.001838 0.002083
0 0.612592 0.304688 0.000919 0.001042
0 0.384651 0.443229 0.000919 0.001042
0 0.696232 0.102604 0.000919 0.001042
0 0.008732 0.397396 0.000919 0.001042
0 0.738051 0.844792 0.001838 0.002083
0 0.729320 0.624479 0.000919 0.001042
0 0.251379 0.850521 0.000919 0.001042
0 0.439798 0.666667 0.000919 0.002083
0 0.393382 0.755208 0.001838 0.006250
0 0.779871 0.286979 0.000919 0.001042
0 0.794577 0.683854 0.000919 0.001042
0 0.910386 0.153646 0.000919 0.001042
0 0.395680 0.720313 0.000919 0.001042
0 0.717371 0.136458 0.000919 0.002083
0 0.677849 0.930729 0.000919 0.001042
0 0.439338 0.604167 0.001838 0.002083
0 0.460018 0.472396 0.000919 0.001042
0 0.898438 0.571354 0.000919 0.001042
0 0.098346 0.255729 0.001838 0.001042
0 0.914982 0.313021 0.000919 0.001042
0 0.444393 0.686458 0.000919 0.002083
0 0.500460 0.274479 0.000919 0.001042
0 0.181526 0.372917 0.000919 0.002083
0 0.867188 0.957292 0.000919 0.002083
0 0.416820 0.527604 0.000919 0.001042
0 0.282629 0.904688 0.000919 0.001042
0 0.326746 0.981250 0.000919 0.002083
0 0.499081 0.764583 0.001838 0.002083
0 0.744945 0.561979 0.000919 0.001042
0 0.463695 0.727083 0.000919 0.002083
0 0.410846 0.724479 0.001838 0.003125
0 0.707261 0.843229 0.000919 0.003125
0 0.226562 0.982292 0.000919 0.002083
0 0.680607 0.760938 0.000919 0.001042
0 0.682445 0.889583 0.000919 0.002083
0 0.823989 0.915625 0.000919 0.002083
0 0.788143 0.450521 0.002757 0.001042
0 0.324908 0.837500 0.002757 0.006250
0 0.152574 0.777083 0.001838 0.002083
0 0.769761 0.090625 0.000919 0.002083
0 0.760110 0.532292 0.001838 0.002083
0 0.350643 0.132812 0.000919 0.001042
0 0.987592 0.618229 0.000919 0.001042
0 0.592371 0.380729 0.000919 0.001042
0 0.907629 0.031250 0.002757 0.002083
0 0.274357 0.778646 0.000919 0.003125
0 0.516085 0.914583 0.000919 0.002083
0 0.364890 0.665104 0.001838 0.003125
0 0.935202 0.741146 0.000919 0.001042
0 0.656710 0.744792 0.000919 0.002083
0 0.448070 0.619271 0.000919 0.001042
0 0.323989 0.985938 0.000919 0.001042
0 0.445312 0.577083 0.000919 0.002083
0 0.792739 0.434896 0.000919 0.001042
0 0.587316 0.263021 0.001838 0.001042
0 0.105239 0.475521 0.000919 0.001042
0 0.828585 0.779688 0.000919 0.001042
0 0.022518 0.418750 0.000919 0.002083
0 0.347426 0.747396 0.001838 0.005208
0 0.487592 0.642708 0.000919 0.002083
0 0.595129 0.591146 0.000919 0.001042
0 0.035846 0.796354 0.001838 0.001042
0 0.296415 0.762500 0.000919 0.002083
0 0.460938 0.791667 0.000919 0.002083
0 0.877298 0.667708 0.000919 0.002083
0 0.420037 0.770313 0.001838 0.005208
0 0.365809 0.682813 0.001838 0.003125
0 0.548713 0.198958 0.001838 0.002083
0 0.329963 0.870833 0.001838 0.002083
0 0.060202 0.381250 0.000919 0.002083
0 0.099724 0.476042 0.000919 0.002083
0 0.208640 0.225521 0.001838 0.001042
0 0.130055 0.837500 0.002757 0.002083
0 0.526654 0.383854 0.001838 0.003125
0 0.417279 0.758333 0.001838 0.002083
0 0.491268 0.091667 0.000919 0.002083
0 0.405790 0.636458 0.000919 0.002083
0 0.939338 0.550000 0.001838 0.002083
0 0.569393 0.328125 0.000919 0.002083
0 0.673254 0.901042 0.000919 0.002083
0 0.561581 0.754167 0.001838 0.002083
0 0.350184 0.776563 0.001838 0.003125
0 0.542279 0.634896 0.001838 0.001042
0 0.472426 0.901042 0.001838 0.002083
0 0.899816 0.919792 0.001838 0.002083
0 0.836857 0.511458 0.000919 0.002083
0 0.710938 0.050000 0.000919 0.002083
0 0.526654 0.197396 0.001838 0.001042
0 0.126379 0.404688 0.000919 0.001042
0 0.468290 0.504688 0.000919 0.003125
0 0.497702 0.771875 0.000919 0.002083
0 0.852482 0.760417 0.000919 0.002083
0 0.460938 0.689063 0.000919 0.003125
0 0.529871 0.491667 0.000919 0.002083
0 0.252298 0.986458 0.000919 0.002083
0 0.329504 0.855208 0.004596 0.006250
0 0.453125 0.392708 0.001838 0.002083
0 0.494485 0.482813 0.001838 0.003125
0 0.742188 0.514583 0.000919 0.002083
0 0.344210 0.678125 0.000919 0.002083
0 0.386029 0.377083 0.001838 0.002083
0 0.502298 0.375000 0.000919 0.002083
0 0.468290 0.552604 0.000919 0.003125
0 0.513327 0.387500 0.000919 0.004167
0 0.510570 0.753646 0.000919 0.003125
0 0.010110 0.343750 0.001838 0.002083
0 0.702206 0.641146 0.001838 0.003125
0 0.259651 0.843229 0.000919 0.001042
0 0.222886 0.916146 0.000919 0.003125
0 0.770221 0.572917 0.001838 0.004167
0 0.513787 0.487500 0.001838 0.006250
0 0.676471 0.126042 0.001838 0.002083
0 0.670037 0.936458 0.001838 0.004167
0 0.941176 0.450000 0.001838 0.002083
0 0.211857 0.970313 0.000919 0.001042
0 0.369026 0.496354 0.000919 0.003125
0 0.525276 0.368750 0.000919 0.002083
0 0.740809 0.498438 0.001838 0.001042
0 0.534926 0.428646 0.001838 0.003125
0 0.375460 0.597396 0.000919 0.003125
0 0.078585 0.776563 0.002757 0.005208
0 0.584099 0.325000 0.000919 0.002083
0 0.724724 0.582813 0.000919 0.003125
0 0.856618 0.575521 0.003676 0.005208
0 0.329504 0.766667 0.002757 0.004167
0 0.443934 0.410938 0.001838 0.005208
0 0.253676 0.944271 0.001838 0.003125
0 0.251379 0.898958 0.000919 0.002083
0 0.962316 0.582292 0.001838 0.004167
0 0.859375 0.931250 0.001838 0.002083
0 0.549173 0.438021 0.000919 0.003125
0 0.383732 0.809896 0.002757 0.003125
0 0.068474 0.781250 0.002757 0.004167
0 0.404412 0.727604 0.001838 0.003125
0 0.321232 0.879167 0.000919 0.002083
0 0.281710 0.878125 0.000919 0.002083
0 0.795037 0.727083 0.001838 0.004167
0 0.905790 0.921354 0.002757 0.003125
0 0.377757 0.622917 0.003676 0.004167
0 0.451746 0.499479 0.002757 0.003125
0 0.381434 0.585417 0.001838 0.002083
0 0.379596 0.522917 0.001838 0.006250
0 0.721048 0.626563 0.002757 0.003125
0 0.100184 0.543229 0.001838 0.003125
0 0.292279 0.389583 0.003676 0.004167
0 0.423713 0.471354 0.001838 0.003125
0 0.312500 0.852604 0.001838 0.003125
0 0.115809 0.493750 0.005515 0.004167
0 0.605699 0.326042 0.001838 0.002083
0 0.103860 0.470313 0.001838 0.003125
0 0.015165 0.500000 0.002757 0.004167
0 0.276195 0.955208 0.002757 0.004167
0 0.560202 0.595833 0.002757 0.002083
0 0.369026 0.855729 0.004596 0.007292
0 0.315257 0.928125 0.001838 0.002083
0 0.437040 0.310938 0.002757 0.007292
