0.0 0.7890625 0.643750011920929 0.0009191176504828036 0.0020833334419876337
0.0 0.10064338147640228 0.23333334922790527 0.0009191176504828036 0.0020833334419876337
0.0 0.39659926295280457 0.9135417342185974 0.0009191176504828036 0.0020833334419876337
0.0 0.8313419222831726 0.35625001788139343 0.0009191176504828036 0.0020833334419876337
0.0 0.8120404481887817 0.24635417759418488 0.0009191176504828036 0.0010416667209938169
0.0 0.7697610259056091 0.5942708849906921 0.0009191176504828036 0.0010416667209938169
0.0 0.4499080777168274 0.5723958611488342 0.0009191176504828036 0.0010416667209938169
0.0 0.6590073704719543 0.5338541865348816 0.0018382353009656072 0.0010416667209938169
0.0 0.4710477888584137 0.5682291984558105 0.0009191176504828036 0.0010416667209938169
0.0 0.43704044818878174 0.7708333730697632 0.0009191176504828036 0.0020833334419876337
0.0 0.5197610259056091 0.5151041746139526 0.0009191176504828036 0.0010416667209938169
0.0 0.47380515933036804 0.39114585518836975 0.0027573530096560717 0.0031250002793967724
0.0 0.41038602590560913 0.04114583507180214 0.0009191176504828036 0.0010416667209938169
0.0 0.5390625 0.42239585518836975 0.0009191176504828036 0.0010416667209938169
0.0 0.3092830777168274 0.682812511920929 0.0009191176504828036 0.0010416667209938169
0.0 0.677849292755127 0.03437500074505806 0.0009191176504828036 0.0020833334419876337
0.0 0.8511029481887817 0.2880208492279053 0.0018382353009656072 0.0010416667209938169
0.0 0.2008272111415863 0.29322919249534607 0.0009191176504828036 0.0010416667209938169
0.0 0.1282169073820114 0.3786458671092987 0.0009191176504828036 0.0010416667209938169
0.0 0.8295036554336548 0.8130208849906921 0.0009191176504828036 0.0010416667209938169
0.0 0.26286765933036804 0.9369792342185974 0.0036764706019312143 0.00729166716337204
0.0 0.39338234066963196 0.01458333432674408 0.0018382353009656072 0.0020833334419876337
0.0 0.4499080777168274 0.6062500476837158 0.0027573530096560717 0.004166666883975267
0.0 0.4241727888584137 0.006770833861082792 0.0009191176504828036 0.0010416667209938169
0.0 0.7624080777168274 0.02291666716337204 0.0009191176504828036 0.0020833334419876337
0.0 0.5013786554336548 0.03229166939854622 0.0009191176504828036 0.0020833334419876337
0.0 0.6171875 0.15260417759418488 0.0009191176504828036 0.0031250002793967724
0.0 0.3892463147640228 0.7317708730697632 0.0009191176504828036 0.0010416667209938169
0.0 0.4283088147640228 0.7281250357627869 0.0018382353009656072 0.0020833334419876337
0.0 0.45818015933036804 0.7093750238418579 0.0009191176504828036 0.0020833334419876337
0.0 0.3405330777168274 0.8765625357627869 0.0027573530096560717 0.0031250002793967724
0.0 0.21001838147640228 0.9473958611488342 0.0009191176504828036 0.0031250002793967724
0.0 0.8000919222831726 0.7192708849906921 0.0009191176504828036 0.0010416667209938169
0.0 0.41130515933036804 0.6453125476837158 0.0009191176504828036 0.0010416667209938169
0.0 0.5620404481887817 0.5255208611488342 0.0009191176504828036 0.0010416667209938169
0.0 0.46461397409439087 0.03854166716337204 0.0009191176504828036 0.0020833334419876337
0.0 0.4756433963775635 0.6390625238418579 0.0009191176504828036 0.0010416667209938169
0.0 0.35202205181121826 0.6973958611488342 0.0018382353009656072 0.0031250002793967724
0.0 0.4912683963775635 0.7020833492279053 0.0009191176504828036 0.0020833334419876337
0.0 0.32306984066963196 0.7854167222976685 0.0009191176504828036 0.0020833334419876337
0.0 0.2155330926179886 0.2395833432674408 0.0009191176504828036 0.0020833334419876337
0.0 0.3639705777168274 0.6973958611488342 0.0018382353009656072 0.0052083334885537624
0.0 0.4710477888584137 0.3890625238418579 0.0009191176504828036 0.0010416667209938169
0.0 0.4039522111415863 0.5348958373069763 0.0009191176504828036 0.0010416667209938169
0.0 0.40441176295280457 0.0182291679084301 0.0018382353009656072 0.0010416667209938169
0.0 0.7881433963775635 0.6755208969116211 0.0009191176504828036 0.0010416667209938169
0.0 0.6245404481887817 0.6057292222976685 0.0009191176504828036 0.0010416667209938169
0.0 0.09329044073820114 0.02239583432674408 0.0009191176504828036 0.0010416667209938169
0.0 0.16130514442920685 0.3151041865348816 0.0009191176504828036 0.0010416667209938169
0.0 0.11672794073820114 0.3135416805744171 0.0018382353009656072 0.0020833334419876337
0.0 0.5004595518112183 0.4348958432674408 0.0009191176504828036 0.0010416667209938169
0.0 0.943474292755127 0.5432292222976685 0.0009191176504828036 0.0010416667209938169
0.0 0.599724292755127 0.5473958849906921 0.0009191176504828036 0.0010416667209938169
0.0 0.7936580777168274 0.6578125357627869 0.0009191176504828036 0.0010416667209938169
0.0 0.26516544818878174 0.21406251192092896 0.0009191176504828036 0.0010416667209938169
0.0 0.09053308516740799 0.8484375476837158 0.0009191176504828036 0.0010416667209938169
0.0 0.31663602590560913 0.7864583730697632 0.0027573530096560717 0.004166666883975267
0.0 0.1741727888584137 0.48906251788139343 0.0009191176504828036 0.0010416667209938169
0.0 0.40349265933036804 0.09531250596046448 0.0018382353009656072 0.0010416667209938169
0.0 0.5914521813392639 0.2109375149011612 0.0009191176504828036 0.0010416667209938169
0.0 0.8478860259056091 0.49427086114883423 0.0027573530096560717 0.0010416667209938169
0.0 0.5271139740943909 0.47187501192092896 0.0009191176504828036 0.0020833334419876337
0.0 0.15027573704719543 0.7598958611488342 0.0009191176504828036 0.0010416667209938169
0.0 0.6613051295280457 0.42135417461395264 0.0009191176504828036 0.0010416667209938169
0.0 0.5326286554336548 0.4244791865348816 0.0009191176504828036 0.0010416667209938169
0.0 0.5068933963775635 0.4958333671092987 0.0009191176504828036 0.0020833334419876337
0.0 0.23391544818878174 0.9276041984558105 0.0009191176504828036 0.0010416667209938169
0.0 0.31204044818878174 0.08802083879709244 0.0009191176504828036 0.0010416667209938169
0.0 0.8570771813392639 0.3151041865348816 0.0009191176504828036 0.0010416667209938169
0.0 0.6392463445663452 0.4140625298023224 0.0009191176504828036 0.0010416667209938169
0.0 0.07720588147640228 0.31562501192092896 0.0018382353009656072 0.0020833334419876337
0.0 0.7761948704719543 0.46406251192092896 0.0009191176504828036 0.0010416667209938169
0.0 0.1695772111415863 0.8859375715255737 0.0009191176504828036 0.0010416667209938169
0.0 0.5818014740943909 0.0703125 0.0018382353009656072 0.0010416667209938169
0.0 0.4719669222831726 0.8333333730697632 0.0009191176504828036 0.0020833334419876337
0.0 0.8276654481887817 0.7942708730697632 0.0009191176504828036 0.0010416667209938169
0.0 0.032628677785396576 0.12916667759418488 0.0027573530096560717 0.004166666883975267
0.0 0.6328125 0.4463541805744171 0.0009191176504828036 0.0010416667209938169
0.0 0.4595588147640228 0.21718750894069672 0.0018382353009656072 0.0031250002793967724
0.0 0.38465073704719543 0.5958333611488342 0.0009191176504828036 0.0020833334419876337
0.0 0.8455882668495178 0.24322918057441711 0.0018382353009656072 0.0010416667209938169
0.0 0.834099292755127 0.2786458432674408 0.0009191176504828036 0.0010416667209938169
0.0 0.48483455181121826 0.4463541805744171 0.0009191176504828036 0.0010416667209938169
0.0 0.45909926295280457 0.21718750894069672 0.0009191176504828036 0.0010416667209938169
0.0 0.3616727888584137 0.95208340883255 0.0009191176504828036 0.0020833334419876337
0.0 0.8102021813392639 0.3541666865348816 0.0009191176504828036 0.0020833334419876337
0.0 0.1750919073820114 0.9791667461395264 0.0009191176504828036 0.0020833334419876337
0.0 0.4742647111415863 0.5546875 0.0018382353009656072 0.0010416667209938169
0.0 0.5317095518112183 0.38750001788139343 0.0009191176504828036 0.0020833334419876337
0.0 0.5785845518112183 0.44218751788139343 0.0009191176504828036 0.0010416667209938169
0.0 0.49034926295280457 0.5729166865348816 0.0009191176504828036 0.0020833334419876337
0.0 0.6833639740943909 0.04270833730697632 0.0009191176504828036 0.0020833334419876337
0.0 0.7890625 0.5 0.0009191176504828036 0.0020833334419876337
0.0 0.5027573704719543 0.4854166805744171 0.0018382353009656072 0.0020833334419876337
0.0 0.5565257668495178 0.47864586114883423 0.0009191176504828036 0.0010416667209938169
0.0 0.8391544222831726 0.28072917461395264 0.0018382353009656072 0.0010416667209938169
0.0 0.2555147111415863 0.1119791716337204 0.0018382353009656072 0.0010416667209938169
0.0 0.6833639740943909 0.3828125298023224 0.0009191176504828036 0.0010416667209938169
0.0 0.24080882966518402 0.8916667103767395 0.0018382353009656072 0.010416666977107525
0.0 0.4352022111415863 0.7515625357627869 0.0009191176504828036 0.0010416667209938169
0.0 0.5179228186607361 0.8088542222976685 0.0009191176504828036 0.0010416667209938169
0.0 0.17601102590560913 0.5125000476837158 0.0009191176504828036 0.0020833334419876337
0.0 0.26608455181121826 0.23281250894069672 0.0009191176504828036 0.0010416667209938169
0.0 0.45128676295280457 0.6192708611488342 0.0018382353009656072 0.0010416667209938169
0.0 0.4397977888584137 0.9125000238418579 0.0009191176504828036 0.004166666883975267
0.0 0.4407169222831726 0.4958333671092987 0.0009191176504828036 0.0020833334419876337
0.0 0.9733455777168274 0.6963542103767395 0.0018382353009656072 0.0010416667209938169
0.0 0.5225183963775635 0.22708334028720856 0.0009191176504828036 0.0020833334419876337
0.0 0.4990808963775635 0.5015625357627869 0.0018382353009656072 0.0010416667209938169
0.0 0.3984375 0.7421875596046448 0.0027573530096560717 0.0010416667209938169
0.0 0.2743566334247589 0.49010419845581055 0.0009191176504828036 0.0010416667209938169
0.0 0.3915441334247589 0.9500000476837158 0.0018382353009656072 0.0020833334419876337
0.0 0.5638786554336548 0.28541669249534607 0.0009191176504828036 0.004166666883975267
0.0 0.5487132668495178 0.33385419845581055 0.0018382353009656072 0.0031250002793967724
0.0 0.9039521813392639 0.33906251192092896 0.0009191176504828036 0.0010416667209938169
0.0 0.6291360259056091 0.43697917461395264 0.0009191176504828036 0.0010416667209938169
0.0 0.4149816334247589 0.8270833492279053 0.0009191176504828036 0.0020833334419876337
0.0 0.40808823704719543 0.7406250238418579 0.0018382353009656072 0.0020833334419876337
0.0 0.025735294446349144 0.18645834922790527 0.0018382353009656072 0.0020833334419876337
0.0 0.3111213147640228 0.9427083730697632 0.0009191176504828036 0.0020833334419876337
0.0 0.3874080777168274 0.23593750596046448 0.0009191176504828036 0.0010416667209938169
0.0 0.40808823704719543 0.6223958730697632 0.0018382353009656072 0.0010416667209938169
0.0 0.23943014442920685 0.30520835518836975 0.0009191176504828036 0.0020833334419876337
0.0 0.15579044818878174 0.8671875596046448 0.0027573530096560717 0.0031250002793967724
0.0 0.09788603335618973 0.18697917461395264 0.0009191176504828036 0.0010416667209938169
0.0 0.5730698704719543 0.41197919845581055 0.0009191176504828036 0.0010416667209938169
0.0 0.8478860259056091 0.9359375238418579 0.0009191176504828036 0.0010416667209938169
0.0 0.3607536852359772 0.8057292103767395 0.0009191176504828036 0.0031250002793967724
0.0 0.35753676295280457 0.6536458730697632 0.0018382353009656072 0.0031250002793967724
0.0 0.37224265933036804 0.9067708849906921 0.0018382353009656072 0.0031250002793967724
0.0 0.630974292755127 0.6651042103767395 0.0009191176504828036 0.0010416667209938169
0.0 0.3350183963775635 0.9302083849906921 0.0009191176504828036 0.0020833334419876337
0.0 0.4990808963775635 0.5302083492279053 0.0018382353009656072 0.004166666883975267
0.0 0.7352941036224365 0.0416666679084301 0.0018382353009656072 0.0020833334419876337
0.0 0.4264705777168274 0.6005208492279053 0.0018382353009656072 0.0010416667209938169
0.0 0.584099292755127 0.35364586114883423 0.0009191176504828036 0.0010416667209938169
0.0 0.6447610259056091 0.12447917461395264 0.0009191176504828036 0.0010416667209938169
0.0 0.6870404481887817 0.34427085518836975 0.0009191176504828036 0.0010416667209938169
0.0 0.4673713147640228 0.4697916805744171 0.0009191176504828036 0.0020833334419876337
0.0 0.38878676295280457 0.6765625476837158 0.0018382353009656072 0.0031250002793967724
0.0 0.4439338147640228 0.6250000596046448 0.0018382353009656072 0.0020833334419876337
0.0 0.43566176295280457 0.7343750596046448 0.0018382353009656072 0.0020833334419876337
0.0 0.1530330926179886 0.6609375476837158 0.0009191176504828036 0.0010416667209938169
0.0 0.7982536554336548 0.6062500476837158 0.0009191176504828036 0.0020833334419876337
0.0 0.3662683963775635 0.7067708969116211 0.0009191176504828036 0.0031250002793967724
0.0 0.28722426295280457 0.8666667342185974 0.0009191176504828036 0.0020833334419876337
0.0 0.513786792755127 0.5052083730697632 0.0018382353009656072 0.0020833334419876337
0.0 0.8092830777168274 0.6088541746139526 0.0009191176504828036 0.0010416667209938169
0.0 0.9131433963775635 0.2265625149011612 0.0009191176504828036 0.0010416667209938169
0.0 0.12913602590560913 0.8989583849906921 0.0027573530096560717 0.0020833334419876337
0.0 0.9701286554336548 0.3906250298023224 0.0009191176504828036 0.0020833334419876337
0.0 0.8313419222831726 0.49270835518836975 0.0009191176504828036 0.0020833334419876337
0.0 0.6098345518112183 0.5333333611488342 0.0009191176504828036 0.0020833334419876337
0.0 0.3671875 0.34427085518836975 0.0009191176504828036 0.0010416667209938169
0.0 0.27711397409439087 0.5364583730697632 0.0009191176504828036 0.0020833334419876337
0.0 0.7633271813392639 0.9239583611488342 0.0009191176504828036 0.0020833334419876337
0.0 0.5188419222831726 0.6604167222976685 0.0009191176504828036 0.0020833334419876337
0.0 0.8414521813392639 0.2838541865348816 0.0009191176504828036 0.0010416667209938169
0.0 0.3818933963775635 0.6395833492279053 0.0009191176504828036 0.0020833334419876337
0.0 0.41130515933036804 0.5317708849906921 0.0009191176504828036 0.0010416667209938169
0.0 0.6769301295280457 0.4010416865348816 0.0009191176504828036 0.0020833334419876337
0.0 0.6420036554336548 0.6411458849906921 0.0009191176504828036 0.0010416667209938169
0.0 0.6001838445663452 0.5432292222976685 0.0018382353009656072 0.0031250002793967724
0.0 0.53125 0.32083335518836975 0.0036764706019312143 0.0020833334419876337
0.0 0.5050551295280457 0.4515625238418579 0.0009191176504828036 0.0010416667209938169
0.0 0.05514705926179886 0.9281250238418579 0.0018382353009656072 0.0020833334419876337
0.0 0.11626838147640228 0.9656250476837158 0.0009191176504828036 0.0020833334419876337
0.0 0.8157169222831726 0.6484375596046448 0.0009191176504828036 0.0010416667209938169
0.0 0.017922794446349144 0.5625 0.0027573530096560717 0.004166666883975267
0.0 0.4912683963775635 0.5359375476837158 0.0009191176504828036 0.0010416667209938169
0.0 0.9149816036224365 0.7750000357627869 0.0009191176504828036 0.0020833334419876337
0.0 0.3920036852359772 0.5447916984558105 0.0009191176504828036 0.0020833334419876337
0.0 0.5165441036224365 0.24375000596046448 0.0018382353009656072 0.004166666883975267
0.0 0.8120404481887817 0.3411458432674408 0.0009191176504828036 0.0010416667209938169
0.0 0.16314338147640228 0.5416666865348816 0.0009191176504828036 0.0020833334419876337
0.0 0.25505515933036804 0.9192708730697632 0.0009191176504828036 0.0031250002793967724
0.0 0.5477941036224365 0.32604169845581055 0.0018382353009656072 0.0020833334419876337
0.0 0.19577206671237946 0.2942708432674408 0.0018382353009656072 0.0031250002793967724
0.0 0.6452205777168274 0.17656250298023224 0.0018382353009656072 0.0010416667209938169
0.0 0.5036764740943909 0.2942708432674408 0.0018382353009656072 0.0031250002793967724
0.0 0.8699448704719543 0.4932291805744171 0.0009191176504828036 0.0010416667209938169
0.0 0.5666360259056091 0.5619791746139526 0.0009191176504828036 0.0010416667209938169
0.0 0.818474292755127 0.38229167461395264 0.0009191176504828036 0.0020833334419876337
0.0 0.2766544222831726 0.09218750149011612 0.0018382353009656072 0.0010416667209938169
0.0 0.8382353186607361 0.7729167342185974 0.0018382353009656072 0.0020833334419876337
0.0 0.1750919073820114 0.8953125476837158 0.0009191176504828036 0.0031250002793967724
0.0 0.9030330777168274 0.6843750476837158 0.0009191176504828036 0.0020833334419876337
0.0 0.26286765933036804 0.5880208611488342 0.0018382353009656072 0.0031250002793967724
0.0 0.59375 0.22604167461395264 0.0018382353009656072 0.0020833334419876337
0.0 0.3092830777168274 0.9302083849906921 0.0009191176504828036 0.0020833334419876337
0.0 0.7821691036224365 0.6541666984558105 0.0018382353009656072 0.0020833334419876337
0.0 0.3814338147640228 0.7744792103767395 0.0018382353009656072 0.0031250002793967724
0.0 0.15027573704719543 0.22031250596046448 0.0009191176504828036 0.0010416667209938169
0.0 0.47288602590560913 0.760937511920929 0.0009191176504828036 0.0031250002793967724
0.0 0.11029411852359772 0.47031253576278687 0.0018382353009656072 0.0010416667209938169
0.0 0.109375 0.4776041805744171 0.0018382353009656072 0.0010416667209938169
0.0 0.6659007668495178 0.1770833432674408 0.0027573530096560717 0.0020833334419876337
0.0 0.41038602590560913 0.5104166865348816 0.0009191176504828036 0.0020833334419876337
0.0 0.5353860259056091 0.4609375298023224 0.0009191176504828036 0.0031250002793967724
0.0 0.46507352590560913 0.45625001192092896 0.0018382353009656072 0.0020833334419876337
0.0 0.46369484066963196 0.2708333432674408 0.0009191176504828036 0.0020833334419876337
0.0 0.39338234066963196 0.9307292103767395 0.0018382353009656072 0.0031250002793967724
0.0 0.8828125 0.5911458730697632 0.0009191176504828036 0.0010416667209938169
0.0 0.7936580777168274 0.4869791865348816 0.0009191176504828036 0.0010416667209938169
0.0 0.16911764442920685 0.5515625476837158 0.0018382353009656072 0.0010416667209938169
0.0 0.6199448704719543 0.2723958492279053 0.0009191176504828036 0.0031250002793967724
0.0 0.9632353186607361 0.6770833730697632 0.0018382353009656072 0.0020833334419876337
0.0 0.8000919222831726 0.7020833492279053 0.0009191176504828036 0.0020833334419876337
0.0 0.44715073704719543 0.46562501788139343 0.0009191176504828036 0.0020833334419876337
0.0 0.6741728186607361 0.4989583492279053 0.0009191176504828036 0.0020833334419876337
0.0 0.47472426295280457 0.5416666865348816 0.0009191176504828036 0.0020833334419876337
0.0 0.20220588147640228 0.3500000238418579 0.0018382353009656072 0.0020833334419876337
0.0 0.30055147409439087 0.8854166865348816 0.0018382353009656072 0.0020833334419876337
0.0 0.5873161554336548 0.6541666984558105 0.0018382353009656072 0.0020833334419876337
0.0 0.4908088147640228 0.7364583611488342 0.0018382353009656072 0.0020833334419876337
0.0 0.24724264442920685 0.8750000596046448 0.0018382353009656072 0.0020833334419876337
0.0 0.44163602590560913 0.8572916984558105 0.0009191176504828036 0.0020833334419876337
0.0 0.13694852590560913 0.44322919845581055 0.0018382353009656072 0.0031250002793967724
0.0 0.1171875 0.3135416805744171 0.0027573530096560717 0.004166666883975267
0.0 0.46920955181121826 0.4020833671092987 0.0009191176504828036 0.0020833334419876337
0.0 0.1640625 0.13177083432674408 0.004595588427037001 0.0031250002793967724
0.0 0.5082720518112183 0.5072916746139526 0.0018382353009656072 0.0020833334419876337
0.0 0.15257352590560913 0.4322916865348816 0.0018382353009656072 0.0020833334419876337
0.0 0.4733455777168274 0.3916666805744171 0.0018382353009656072 0.0020833334419876337
0.0 0.4430147111415863 0.6656250357627869 0.0018382353009656072 0.0020833334419876337
0.0 0.8625919222831726 0.88958340883255 0.0009191176504828036 0.0020833334419876337
0.0 0.7495404481887817 0.5317708849906921 0.0009191176504828036 0.0031250002793967724
0.0 0.8345588445663452 0.8078125715255737 0.0018382353009656072 0.0031250002793967724
0.0 0.6029411554336548 0.07187500596046448 0.0018382353009656072 0.0020833334419876337
0.0 0.44898897409439087 0.6072916984558105 0.004595588427037001 0.006250000558793545
0.0 0.5431985259056091 0.38854169845581055 0.0018382353009656072 0.004166666883975267
0.0 0.44255515933036804 0.5901042222976685 0.0027573530096560717 0.00729166716337204
0.0 0.03125 0.9562500715255737 0.0018382353009656072 0.0020833334419876337
0.0 0.45680147409439087 0.5223958492279053 0.0018382353009656072 0.0052083334885537624
0.0 0.8005514740943909 0.4359375238418579 0.0018382353009656072 0.0031250002793967724
0.0 0.7840073704719543 0.4463541805744171 0.0018382353009656072 0.0031250002793967724
0.0 0.4623161852359772 0.546875 0.0018382353009656072 0.0020833334419876337
0.0 0.5891544222831726 0.3114583492279053 0.0018382353009656072 0.004166666883975267
0.0 0.8014705777168274 0.39791667461395264 0.0018382353009656072 0.004166666883975267
0.0 0.6038603186607361 0.26250001788139343 0.0018382353009656072 0.0020833334419876337
0.0 0.40992647409439087 0.6869791746139526 0.0018382353009656072 0.0031250002793967724
0.0 0.8102021813392639 0.3270833492279053 0.0009191176504828036 0.0020833334419876337
0.0 0.44163602590560913 0.5375000238418579 0.0027573530096560717 0.004166666883975267
0.0 0.8442095518112183 0.3906250298023224 0.0009191176504828036 0.0020833334419876337
0.0 0.5703125 0.21718750894069672 0.0009191176504828036 0.0031250002793967724
0.0 0.5261948704719543 0.5437500476837158 0.0009191176504828036 0.0020833334419876337
0.0 0.5027573704719543 0.16562500596046448 0.0018382353009656072 0.004166666883975267
0.0 0.46691176295280457 0.3375000059604645 0.0018382353009656072 0.004166666883975267
0.0 0.3717830777168274 0.22552084922790527 0.0027573530096560717 0.0031250002793967724
0.0 0.10477941483259201 0.3395833373069763 0.0018382353009656072 0.004166666883975267
0.0 0.34099265933036804 0.8765625357627869 0.0036764706019312143 0.0052083334885537624
0.0 0.5707720518112183 0.3072916865348816 0.0018382353009656072 0.0020833334419876337
0.0 0.4733455777168274 0.42343753576278687 0.0036764706019312143 0.0031250002793967724
0.0 0.4954044222831726 0.5744792222976685 0.0018382353009656072 0.0031250002793967724
0.0 0.20909926295280457 0.5354167222976685 0.0027573530096560717 0.004166666883975267
0.0 0.6438419222831726 0.4052083492279053 0.0027573530096560717 0.0020833334419876337
0.0 0.8837316036224365 0.5192708373069763 0.0027573530096560717 0.0031250002793967724
0.0 0.19944852590560913 0.5395833849906921 0.0018382353009656072 0.004166666883975267
0.0 0.78125 0.6807292103767395 0.0018382353009656072 0.0031250002793967724
0.0 0.5813419222831726 0.22864584624767303 0.0009191176504828036 0.0031250002793967724
0.0 0.4857536852359772 0.6093750596046448 0.004595588427037001 0.006250000558793545
0.0 0.03814338147640228 0.49270835518836975 0.0027573530096560717 0.004166666883975267
0.0 0.21231617033481598 0.30885419249534607 0.005514706019312143 0.0031250002793967724
0.0 0.43382352590560913 0.6041666865348816 0.0018382353009656072 0.0020833334419876337
0.0 0.927849292755127 0.3916666805744171 0.004595588427037001 0.004166666883975267
0.0 0.32628676295280457 0.7276042103767395 0.007352941203862429 0.0031250002793967724
0.0 0.20496323704719543 0.7994791865348816 0.005514706019312143 0.0052083334885537624
