0 0.362132 0.404167 0.001838 0.002083
0 0.314798 0.473438 0.000919 0.001042
0 0.052849 0.974479 0.000919 0.001042
0 0.197151 0.563021 0.000919 0.001042
0 0.255055 0.479688 0.000919 0.001042
0 0.375460 0.709375 0.000919 0.002083
0 0.911305 0.379688 0.000919 0.001042
0 0.485754 0.303125 0.002757 0.002083
0 0.666820 0.035938 0.000919 0.001042
0 0.482077 0.171875 0.000919 0.002083
0 0.600184 0.088542 0.001838 0.002083
0 0.564798 0.145833 0.000919 0.002083
0 0.628676 0.047917 0.001838 0.002083
0 0.341452 0.406771 0.000919 0.003125
0 0.270221 0.953125 0.003676 0.004167
0 0.146599 0.873438 0.000919 0.001042
0 0.494485 0.202604 0.001838 0.001042
0 0.568015 0.027083 0.001838 0.002083
0 0.688879 0.808333 0.000919 0.002083
0 0.457721 0.251563 0.001838 0.003125
0 0.519761 0.095313 0.000919 0.001042
0 0.965533 0.697396 0.000919 0.001042
0 0.629136 0.683333 0.000919 0.002083
0 0.826746 0.699479 0.000919 0.001042
0 0.788143 0.982813 0.000919 0.001042
0 0.420037 0.343229 0.001838 0.001042
0 0.594210 0.093750 0.000919 0.002083
0 0.225184 0.340104 0.001838 0.001042
0 0.356158 0.300521 0.000919 0.001042
0 0.460018 0.253646 0.000919 0.001042
0 0.005515 0.752083 0.001838 0.002083
0 0.580423 0.614063 0.000919 0.003125
0 0.463695 0.339063 0.000919 0.001042
0 0.502298 0.161979 0.000919 0.001042
0 0.877298 0.752604 0.000919 0.001042
0 0.666820 0.106771 0.000919 0.001042
0 0.515625 0.319271 0.001838 0.001042
0 0.267004 0.955208 0.000919 0.002083
0 0.167279 0.876042 0.003676 0.002083
0 0.017463 0.787500 0.001838 0.002083
0 0.574908 0.284375 0.000919 0.002083
0 0.647059 0.833333 0.001838 0.002083
0 0.508272 0.992708 0.001838 0.002083
0 0.628217 0.023438 0.000919 0.001042
0 0.080423 0.688021 0.000919 0.001042
0 0.762868 0.393750 0.001838 0.002083
0 0.577665 0.316146 0.000919 0.001042
0 0.886489 0.586458 0.000919 0.002083
0 0.539062 0.320313 0.000919 0.001042
0 0.067096 0.096354 0.001838 0.001042
0 0.779871 0.807813 0.000919 0.001042
0 0.537224 0.342188 0.000919 0.001042
0 0.904871 0.725000 0.000919 0.002083
0 0.887408 0.175000 0.000919 0.002083
0 0.232537 0.201563 0.001838 0.001042
0 0.017923 0.485938 0.000919 0.001042
0 0.032629 0.096354 0.000919 0.001042
0 0.553309 0.210938 0.001838 0.001042
0 0.948070 0.551563 0.000919 0.001042
0 0.269761 0.476042 0.000919 0.002083
0 0.871783 0.610417 0.000919 0.002083
0 0.576746 0.155729 0.000919 0.001042
0 0.959099 0.668229 0.000919 0.001042
0 0.198070 0.985417 0.000919 0.002083
0 0.133732 0.861458 0.000919 0.002083
0 0.269761 0.284896 0.000919 0.001042
0 0.732077 0.163021 0.000919 0.001042
0 0.357996 0.414063 0.000919 0.001042
0 0.535386 0.221354 0.000919 0.001042
0 0.369026 0.483854 0.000919 0.001042
0 0.403952 0.384896 0.000919 0.001042
0 0.867647 0.148958 0.001838 0.002083
0 0.304688 0.228125 0.004596 0.004167
0 0.741268 0.745313 0.000919 0.001042
0 0.641085 0.250521 0.000919 0.001042
0 0.872702 0.139583 0.000919 0.002083
0 0.335938 0.405729 0.000919 0.001042
0 0.206801 0.355729 0.001838 0.001042
0 0.351562 0.408854 0.000919 0.001042
0 0.579504 0.609375 0.002757 0.004167
0 0.855239 0.409375 0.000919 0.002083
0 0.926471 0.215104 0.001838 0.001042
0 0.260570 0.389583 0.000919 0.002083
0 0.682445 0.726563 0.000919 0.001042
0 0.200827 0.419271 0.002757 0.001042
0 0.759191 0.452604 0.001838 0.003125
0 0.259651 0.515104 0.002757 0.001042
0 0.199908 0.527083 0.000919 0.002083
0 0.546415 0.136979 0.000919 0.001042
0 0.878217 0.215104 0.000919 0.003125
0 0.767923 0.726563 0.000919 0.001042
0 0.870404 0.164583 0.001838 0.002083
0 0.727482 0.848438 0.002757 0.001042
0 0.049173 0.554688 0.000919 0.001042
0 0.858456 0.727083 0.003676 0.004167
0 0.224724 0.735938 0.000919 0.003125
0 0.085938 0.430208 0.000919 0.002083
0 0.258272 0.410938 0.001838 0.005208
0 0.579504 0.097396 0.000919 0.001042
0 0.835478 0.552604 0.001838 0.003125
0 0.600643 0.268229 0.000919 0.001042
0 0.113051 0.194792 0.001838 0.002083
0 0.959099 0.525521 0.000919 0.001042
0 0.350643 0.458333 0.000919 0.002083
0 0.087776 0.648958 0.000919 0.002083
0 0.724724 0.010417 0.002757 0.002083
0 0.287224 0.361458 0.000919 0.002083
0 0.818934 0.436458 0.001838 0.004167
0 0.962316 0.620313 0.001838 0.001042
0 0.502298 0.104167 0.000919 0.002083
0 0.947151 0.307813 0.000919 0.001042
0 0.941176 0.385938 0.001838 0.001042
0 0.238511 0.666667 0.000919 0.002083
0 0.189798 0.500000 0.000919 0.002083
0 0.323070 0.447396 0.000919 0.001042
0 0.742647 0.723958 0.001838 0.002083
0 0.355239 0.602604 0.000919 0.001042
0 0.532169 0.186979 0.001838 0.001042
0 0.341452 0.370313 0.000919 0.001042
0 0.497702 0.263542 0.000919 0.002083
0 0.864430 0.739583 0.000919 0.002083
0 0.526654 0.222396 0.001838 0.001042
0 0.321232 0.429167 0.000919 0.002083
0 0.766085 0.668229 0.000919 0.003125
0 0.693015 0.158854 0.001838 0.001042
0 0.624540 0.975521 0.000919 0.003125
0 0.053768 0.440104 0.000919 0.001042
0 0.983456 0.503125 0.001838 0.002083
0 0.382353 0.135417 0.001838 0.002083
0 0.568015 0.101042 0.001838 0.002083
0 0.708180 0.825000 0.000919 0.002083
0 0.537224 0.330729 0.000919 0.001042
0 0.932445 0.858333 0.000919 0.002083
0 0.592831 0.895313 0.001838 0.003125
0 0.547335 0.053646 0.000919 0.001042
0 0.646140 0.939583 0.001838 0.002083
0 0.230699 0.798958 0.001838 0.002083
0 0.344210 0.394271 0.000919 0.001042
0 0.871783 0.307813 0.000919 0.001042
0 0.954044 0.059375 0.001838 0.002083
0 0.782169 0.852083 0.001838 0.002083
0 0.102022 0.835938 0.001838 0.001042
0 0.601103 0.117708 0.001838 0.002083
0 0.969210 0.626563 0.000919 0.001042
0 0.360754 0.384896 0.000919 0.001042
0 0.795496 0.890104 0.000919 0.001042
0 0.390625 0.103646 0.001838 0.003125
0 0.024357 0.791667 0.004596 0.004167
0 0.455423 0.499479 0.000919 0.001042
0 0.607537 0.076563 0.001838 0.001042
0 0.597426 0.228125 0.001838 0.002083
0 0.560202 0.085938 0.002757 0.003125
0 0.296415 0.408854 0.000919 0.001042
0 0.465993 0.369271 0.001838 0.003125
0 0.975643 0.160417 0.000919 0.002083
0 0.387408 0.668229 0.000919 0.001042
0 0.011489 0.716146 0.002757 0.003125
0 0.108915 0.411979 0.000919 0.001042
0 0.396140 0.305208 0.001838 0.002083
0 0.460938 0.332292 0.000919 0.002083
0 0.646140 0.916667 0.001838 0.002083
0 0.855699 0.684896 0.001838 0.001042
0 0.704504 0.791146 0.000919 0.001042
0 0.966452 0.837500 0.002757 0.004167
0 0.068934 0.550000 0.001838 0.002083
0 0.824449 0.832292 0.001838 0.002083
0 0.891544 0.748438 0.001838 0.001042
0 0.292739 0.546875 0.000919 0.002083
0 0.168199 0.460417 0.001838 0.002083
0 0.284926 0.451042 0.001838 0.002083
0 0.911305 0.819271 0.000919 0.001042
0 0.131434 0.593750 0.001838 0.002083
0 0.926011 0.235938 0.000919 0.001042
0 0.957261 0.281771 0.000919 0.001042
0 0.872243 0.703125 0.003676 0.002083
0 0.109835 0.332292 0.000919 0.002083
0 0.340074 0.471875 0.001838 0.002083
0 0.579044 0.610417 0.003676 0.008333
0 0.936121 0.482813 0.000919 0.001042
0 0.883272 0.557813 0.001838 0.003125
0 0.130055 0.737500 0.000919 0.002083
0 0.289062 0.459896 0.002757 0.003125
0 0.752298 0.852604 0.000919 0.001042
0 0.553309 0.127604 0.003676 0.005208
0 0.254596 0.046875 0.001838 0.002083
0 0.449449 0.679167 0.001838 0.002083
0 0.184283 0.402083 0.000919 0.002083
0 0.926930 0.613021 0.000919 0.001042
0 0.744945 0.792188 0.000919 0.001042
0 0.947151 0.519271 0.000919 0.001042
0 0.819393 0.436979 0.000919 0.003125
0 0.929688 0.747396 0.002757 0.005208
0 0.628217 0.630208 0.000919 0.002083
0 0.446691 0.311979 0.001838 0.001042
0 0.054228 0.574479 0.001838 0.003125
0 0.288143 0.182292 0.000919 0.002083
0 0.432445 0.301042 0.000919 0.002083
0 0.561581 0.172917 0.001838 0.002083
0 0.948070 0.736458 0.002757 0.004167
0 0.246324 0.627083 0.001838 0.002083
0 0.409007 0.331771 0.001838 0.003125
0 0.443934 0.384375 0.001838 0.004167
0 0.164982 0.522917 0.004596 0.002083
0 0.144301 0.291146 0.001838 0.003125
0 0.361213 0.905208 0.001838 0.004167
0 0.561121 0.138542 0.002757 0.004167
0 0.554228 0.841146 0.001838 0.003125
0 0.785846 0.832292 0.001838 0.002083
0 0.982537 0.729167 0.003676 0.004167
0 0.628217 0.516146 0.000919 0.001042
0 0.933824 0.756771 0.001838 0.003125
0 0.307904 0.425000 0.001838 0.002083
0 0.858456 0.728125 0.001838 0.004167
0 0.844210 0.683333 0.002757 0.004167
0 0.941176 0.459896 0.001838 0.003125
0 0.326287 0.102604 0.001838 0.003125
0 0.361213 0.802604 0.001838 0.003125
0 0.915441 0.466667 0.001838 0.002083
0 0.805607 0.677083 0.002757 0.006250
0 0.595588 0.495833 0.001838 0.002083
0 0.460478 0.216146 0.003676 0.005208
0 0.376838 0.659896 0.001838 0.005208
0 0.649816 0.963021 0.003676 0.005208
0 0.204963 0.452604 0.005515 0.007292
0 0.380515 0.466146 0.001838 0.003125
0 0.119485 0.631250 0.003676 0.004167
0 0.595588 0.138542 0.003676 0.004167
0 0.344669 0.423438 0.001838 0.003125
0 0.161305 0.543750 0.002757 0.004167
0 0.067555 0.709896 0.004596 0.005208
0 0.623621 0.487500 0.000919 0.002083
0 0.317096 0.105208 0.001838 0.002083
0 0.350184 0.261458 0.005515 0.002083
0 0.650735 0.991146 0.005515 0.009375
