0.0 0.23851102590560913 0.8489583730697632 0.0009191176504828036 0.0020833334419876337
0.0 0.18014706671237946 0.9973958730697632 0.0018382353009656072 0.0031250002793967724
0.0 0.3984375 0.03697916865348816 0.0009191176504828036 0.0010416667209938169
0.0 0.4453125 0.526562511920929 0.0009191176504828036 0.0010416667209938169
0.0 0.26148897409439087 0.4203125238418579 0.006433823611587286 0.0031250002793967724
0.0 0.8092830777168274 0.5046875476837158 0.0009191176504828036 0.0010416667209938169
0.0 0.35340073704719543 0.7286458611488342 0.0009191176504828036 0.0010416667209938169
0.0 0.06893382221460342 0.9114583730697632 0.0018382353009656072 0.0020833334419876337
0.0 0.4719669222831726 0.5348958373069763 0.0009191176504828036 0.0010416667209938169
0.0 0.35340073704719543 0.8046875596046448 0.0009191176504828036 0.0031250002793967724
0.0 0.49034926295280457 0.5015625357627869 0.0009191176504828036 0.0010416667209938169
0.0 0.6502757668495178 0.7906250357627869 0.0009191176504828036 0.0020833334419876337
0.0 0.6833639740943909 0.9510416984558105 0.0009191176504828036 0.0020833334419876337
0.0 0.3212316334247589 0.12604168057441711 0.0009191176504828036 0.0020833334419876337
0.0 0.3717830777168274 0.8276042342185974 0.0009191176504828036 0.0010416667209938169
0.0 0.04641544073820114 0.5328125357627869 0.0009191176504828036 0.0010416667209938169
0.0 0.4204963147640228 0.19843751192092896 0.0009191176504828036 0.0010416667209938169
0.0 0.9967830777168274 0.33541667461395264 0.0009191176504828036 0.0020833334419876337
0.0 0.7573529481887817 0.4776041805744171 0.0018382353009656072 0.0010416667209938169
0.0 0.6852021813392639 0.5088542103767395 0.0009191176504828036 0.0010416667209938169
0.0 0.8901654481887817 0.20156250894069672 0.0009191176504828036 0.0010416667209938169
0.0 0.6208639740943909 0.2187500149011612 0.0009191176504828036 0.0020833334419876337
0.0 0.7440257668495178 0.013541667722165585 0.0027573530096560717 0.004166666883975267
0.0 0.8515625 0.9046875238418579 0.0009191176504828036 0.0010416667209938169
0.0 0.3874080777168274 0.6734375357627869 0.0009191176504828036 0.0010416667209938169
0.0 0.8818933963775635 0.42500001192092896 0.0009191176504828036 0.0020833334419876337
0.0 0.6328125 0.07447917014360428 0.0009191176504828036 0.0010416667209938169
0.0 0.49172794818878174 0.7052083611488342 0.0018382353009656072 0.0020833334419876337
0.0 0.3249080777168274 0.6473958492279053 0.0009191176504828036 0.0010416667209938169
0.0 0.8901654481887817 0.6322916746139526 0.0009191176504828036 0.0020833334419876337
0.0 0.43336397409439087 0.7046875357627869 0.0009191176504828036 0.0010416667209938169
0.0 0.45680147409439087 0.714062511920929 0.0018382353009656072 0.0010416667209938169
0.0 0.6957720518112183 0.7786458730697632 0.0018382353009656072 0.0031250002793967724
0.0 0.5767463445663452 0.2223958522081375 0.0009191176504828036 0.0010416667209938169
0.0 0.3451286852359772 0.6276041865348816 0.0009191176504828036 0.0010416667209938169
0.0 0.49954044818878174 0.5713542103767395 0.0009191176504828036 0.0010416667209938169
0.0 0.6741728186607361 0.1067708358168602 0.0009191176504828036 0.0010416667209938169
0.0 0.9471507668495178 0.7041667103767395 0.0009191176504828036 0.0020833334419876337
0.0 0.8524816036224365 0.3057291805744171 0.0009191176504828036 0.0010416667209938169
0.0 0.8616728186607361 0.34427085518836975 0.0009191176504828036 0.0010416667209938169
0.0 0.740349292755127 0.5062500238418579 0.0009191176504828036 0.0020833334419876337
0.0 0.45266544818878174 0.5234375 0.0009191176504828036 0.0010416667209938169
0.0 0.9250919222831726 0.29114586114883423 0.0009191176504828036 0.0010416667209938169
0.0 0.25367647409439087 0.9750000238418579 0.0018382353009656072 0.0020833334419876337
0.0 0.2725183963775635 0.7958333492279053 0.0009191176504828036 0.0020833334419876337
0.0 0.7141544222831726 0.03229166939854622 0.0018382353009656072 0.004166666883975267
0.0 0.45266544818878174 0.6088541746139526 0.0009191176504828036 0.0010416667209938169
0.0 0.7513786554336548 0.5489583611488342 0.0009191176504828036 0.0020833334419876337
0.0 0.32215073704719543 0.18802084028720856 0.0009191176504828036 0.0010416667209938169
0.0 0.7651654481887817 0.45781251788139343 0.0009191176504828036 0.0010416667209938169
0.0 0.33777573704719543 0.8000000715255737 0.0009191176504828036 0.0020833334419876337
0.0 0.9352021813392639 0.6619791984558105 0.0009191176504828036 0.0010416667209938169
0.0 0.3226102888584137 0.8484375476837158 0.0018382353009656072 0.0010416667209938169
0.0 0.3193933963775635 0.635937511920929 0.0009191176504828036 0.0010416667209938169
0.0 0.5675551295280457 0.5713542103767395 0.0009191176504828036 0.0010416667209938169
0.0 0.46920955181121826 0.9895833730697632 0.0009191176504828036 0.0020833334419876337
0.0 0.6760110259056091 0.5437500476837158 0.0009191176504828036 0.0020833334419876337
0.0 0.2587316334247589 0.9281250238418579 0.0027573530096560717 0.008333333767950535
0.0 0.6833639740943909 0.5338541865348816 0.0009191176504828036 0.0010416667209938169
0.0 0.22380514442920685 0.8520833849906921 0.0009191176504828036 0.0020833334419876337
0.0 0.5928308963775635 0.20468750596046448 0.0018382353009656072 0.0010416667209938169
0.0 0.3584558963775635 0.8453125357627869 0.0018382353009656072 0.0010416667209938169
0.0 0.4232536852359772 0.5223958492279053 0.0009191176504828036 0.0010416667209938169
0.0 0.5914521813392639 0.24531251192092896 0.0009191176504828036 0.0010416667209938169
0.0 0.3915441334247589 0.0755208358168602 0.0018382353009656072 0.0010416667209938169
0.0 0.3952205777168274 0.5458333492279053 0.0018382353009656072 0.0020833334419876337
0.0 0.38327205181121826 0.34843751788139343 0.0018382353009656072 0.0010416667209938169
0.0 0.5004595518112183 0.29322919249534607 0.0009191176504828036 0.0010416667209938169
0.0 0.6171875 0.7776042222976685 0.0009191176504828036 0.0010416667209938169
0.0 0.9287683963775635 0.015625 0.0027573530096560717 0.0020833334419876337
0.0 0.6925551295280457 0.5192708373069763 0.0009191176504828036 0.0010416667209938169
0.0 0.6603860259056091 0.12447917461395264 0.0009191176504828036 0.0010416667209938169
0.0 0.2954963147640228 0.8968750238418579 0.0027573530096560717 0.004166666883975267
0.0 0.6052389740943909 0.08229167014360428 0.0009191176504828036 0.0020833334419876337
0.0 0.5170036554336548 0.5932291746139526 0.0009191176504828036 0.0010416667209938169
0.0 0.4921875 0.7057291865348816 0.0009191176504828036 0.0010416667209938169
0.0 0.3938419222831726 0.6411458849906921 0.0009191176504828036 0.0010416667209938169
0.0 0.5730698704719543 0.04010416939854622 0.0009191176504828036 0.0010416667209938169
0.0 0.7063419222831726 0.0703125 0.0009191176504828036 0.0010416667209938169
0.0 0.5261948704719543 0.34947919845581055 0.0009191176504828036 0.0010416667209938169
0.0 0.7100183963775635 0.4869791865348816 0.0009191176504828036 0.0010416667209938169
0.0 0.296875 0.26875001192092896 0.0018382353009656072 0.0020833334419876337
0.0 0.505974292755127 0.675000011920929 0.0009191176504828036 0.0020833334419876337
0.0 0.7366728186607361 0.4375000298023224 0.0009191176504828036 0.0020833334419876337
0.0 0.2734375 0.2161458432674408 0.0009191176504828036 0.0010416667209938169
0.0 0.22840073704719543 0.22760418057441711 0.0009191176504828036 0.0010416667209938169
0.0 0.7366728186607361 0.7890625596046448 0.0009191176504828036 0.0010416667209938169
0.0 0.34420955181121826 0.7776042222976685 0.0027573530096560717 0.0031250002793967724
0.0 0.2954963147640228 0.7833333611488342 0.0009191176504828036 0.0020833334419876337
0.0 0.3828125 0.5598958730697632 0.0009191176504828036 0.0010416667209938169
0.0 0.21920956671237946 0.5921875238418579 0.0009191176504828036 0.0010416667209938169
0.0 0.47288602590560913 0.47083336114883423 0.0009191176504828036 0.0020833334419876337
0.0 0.20955882966518402 0.2786458432674408 0.0018382353009656072 0.0010416667209938169
0.0 0.7008271813392639 0.6322916746139526 0.0009191176504828036 0.0020833334419876337
0.0 0.5896139740943909 0.23072917759418488 0.0009191176504828036 0.0010416667209938169
0.0 0.4407169222831726 0.8578125238418579 0.0009191176504828036 0.0031250002793967724
0.0 0.36351102590560913 0.17135417461395264 0.0009191176504828036 0.0010416667209938169
0.0 0.5064338445663452 0.8395833969116211 0.0018382353009656072 0.0020833334419876337
0.0 0.2679227888584137 0.21197918057441711 0.0009191176504828036 0.0010416667209938169
0.0 0.3892463147640228 0.7614583969116211 0.0009191176504828036 0.0020833334419876337
0.0 0.34007352590560913 0.8614583611488342 0.0018382353009656072 0.0020833334419876337
0.0 0.5546875 0.6223958730697632 0.0009191176504828036 0.0010416667209938169
0.0 0.7127757668495178 0.7838541865348816 0.0027573530096560717 0.0010416667209938169
0.0 0.34420955181121826 0.1744791716337204 0.0009191176504828036 0.0010416667209938169
0.0 0.4140625 0.526562511920929 0.0009191176504828036 0.0010416667209938169
0.0 0.2467830926179886 0.44062501192092896 0.0027573530096560717 0.0020833334419876337
0.0 0.7665441036224365 0.8822917342185974 0.0018382353009656072 0.004166666883975267
0.0 0.1686580926179886 0.5359375476837158 0.0009191176504828036 0.0010416667209938169
0.0 0.2132352888584137 0.9744791984558105 0.0018382353009656072 0.0031250002793967724
0.0 0.49264705181121826 0.4817708730697632 0.0036764706019312143 0.0031250002793967724
0.0 0.7155330777168274 0.45885419845581055 0.0009191176504828036 0.0010416667209938169
0.0 0.890625 0.07708333432674408 0.0018382353009656072 0.0020833334419876337
0.0 0.23805147409439087 0.7312500476837158 0.0018382353009656072 0.0020833334419876337
0.0 0.8212316036224365 0.27760419249534607 0.0009191176504828036 0.0010416667209938169
0.0 0.6254595518112183 0.9968750476837158 0.0009191176504828036 0.0020833334419876337
0.0 0.23253676295280457 0.8473958969116211 0.0018382353009656072 0.0031250002793967724
0.0 0.8901654481887817 0.8416666984558105 0.0009191176504828036 0.0020833334419876337
0.0 0.5427389740943909 0.5338541865348816 0.0009191176504828036 0.0010416667209938169
0.0 0.27711397409439087 0.23281250894069672 0.0009191176504828036 0.0010416667209938169
0.0 0.29273897409439087 0.34322917461395264 0.0009191176504828036 0.0010416667209938169
0.0 0.6433823704719543 0.7385417222976685 0.0018382353009656072 0.0020833334419876337
0.0 0.1842830926179886 0.48125001788139343 0.0009191176504828036 0.0020833334419876337
0.0 0.03814338147640228 0.6036458611488342 0.0009191176504828036 0.0010416667209938169
0.0 0.8037683963775635 0.8593750596046448 0.0009191176504828036 0.0020833334419876337
0.0 0.7348345518112183 0.5046875476837158 0.0009191176504828036 0.0010416667209938169
0.0 0.32858455181121826 0.17343750596046448 0.0009191176504828036 0.0010416667209938169
0.0 0.3782169222831726 0.3473958373069763 0.0009191176504828036 0.0010416667209938169
0.0 0.42141544818878174 0.5255208611488342 0.0009191176504828036 0.0010416667209938169
0.0 0.5886948704719543 0.06718750298023224 0.0009191176504828036 0.0010416667209938169
0.0 0.41038602590560913 0.7859375476837158 0.0009191176504828036 0.0010416667209938169
0.0 0.5473345518112183 0.6598958969116211 0.0009191176504828036 0.0010416667209938169
0.0 0.6741728186607361 0.9067708849906921 0.0009191176504828036 0.0031250002793967724
0.0 0.04273897036910057 0.3395833373069763 0.004595588427037001 0.0020833334419876337
0.0 0.8993566036224365 0.24114584922790527 0.0009191176504828036 0.0010416667209938169
0.0 0.4195772111415863 0.6135417222976685 0.0009191176504828036 0.0020833334419876337
0.0 0.2867647111415863 0.9916667342185974 0.0018382353009656072 0.0020833334419876337
0.0 0.2624080777168274 0.452604204416275 0.0009191176504828036 0.0010416667209938169
0.0 0.9453125 0.4802083671092987 0.0009191176504828036 0.0020833334419876337
0.0 0.7490808963775635 0.3395833373069763 0.0018382353009656072 0.0020833334419876337
0.0 0.28630515933036804 0.8312500715255737 0.0027573530096560717 0.006250000558793545
0.0 0.9499080777168274 0.41614586114883423 0.0009191176504828036 0.0010416667209938169
0.0 0.45358455181121826 0.8385416865348816 0.0009191176504828036 0.0020833334419876337
0.0 0.1328125 0.42916667461395264 0.0009191176504828036 0.0020833334419876337
0.0 0.8543198704719543 0.6260417103767395 0.0009191176504828036 0.0020833334419876337
0.0 0.5721507668495178 0.24687501788139343 0.0009191176504828036 0.0020833334419876337
0.0 0.2587316334247589 0.9244791865348816 0.0027573530096560717 0.00937500037252903
0.0 0.3079044222831726 0.7578125596046448 0.0018382353009656072 0.0031250002793967724
0.0 0.31066176295280457 0.18437500298023224 0.0018382353009656072 0.0020833334419876337
0.0 0.22702206671237946 0.0572916679084301 0.0018382353009656072 0.0020833334419876337
0.0 0.7311580777168274 0.9244791865348816 0.0009191176504828036 0.0031250002793967724
0.0 0.7334558963775635 0.499479204416275 0.0018382353009656072 0.0031250002793967724
0.0 0.8570771813392639 0.6510416865348816 0.0009191176504828036 0.0020833334419876337
0.0 0.6594669222831726 0.07656250149011612 0.0009191176504828036 0.0010416667209938169
0.0 0.14108456671237946 0.8317708969116211 0.0009191176504828036 0.0010416667209938169
0.0 0.40625 0.6432291865348816 0.0018382353009656072 0.0052083334885537624
0.0 0.4420955777168274 0.8510417342185974 0.0018382353009656072 0.0020833334419876337
0.0 0.3423713147640228 0.44062501192092896 0.0009191176504828036 0.0020833334419876337
0.0 0.9011948704719543 0.6848958730697632 0.0009191176504828036 0.0010416667209938169
0.0 0.42141544818878174 0.5692708492279053 0.0009191176504828036 0.0031250002793967724
0.0 0.2633272111415863 0.9656250476837158 0.0009191176504828036 0.0020833334419876337
0.0 0.6521139740943909 0.9473958611488342 0.0009191176504828036 0.0031250002793967724
0.0 0.46507352590560913 0.14270834624767303 0.0018382353009656072 0.0020833334419876337
0.0 0.31433823704719543 0.7755208611488342 0.0018382353009656072 0.0031250002793967724
0.0 0.4866727888584137 0.4348958432674408 0.0009191176504828036 0.0031250002793967724
0.0 0.7003676295280457 0.5822917222976685 0.0018382353009656072 0.0020833334419876337
0.0 0.5546875 0.3114583492279053 0.0009191176504828036 0.0020833334419876337
0.0 0.38005515933036804 0.5348958373069763 0.0009191176504828036 0.0010416667209938169
0.0 0.4053308963775635 0.5385416746139526 0.0018382353009656072 0.004166666883975267
0.0 0.34650734066963196 0.8078125715255737 0.0018382353009656072 0.0031250002793967724
0.0 0.6603860259056091 0.6682292222976685 0.0009191176504828036 0.0031250002793967724
0.0 0.7964154481887817 0.5807291865348816 0.0009191176504828036 0.0010416667209938169
0.0 0.7178308963775635 0.6010416746139526 0.0018382353009656072 0.0020833334419876337
0.0 0.05744485184550285 0.3187500238418579 0.0009191176504828036 0.0020833334419876337
0.0 0.49632352590560913 0.2473958432674408 0.0018382353009656072 0.0010416667209938169
0.0 0.1907169073820114 0.93645840883255 0.0009191176504828036 0.0020833334419876337
0.0 0.07398897409439087 0.4645833671092987 0.0009191176504828036 0.0020833334419876337
0.0 0.5289521813392639 0.7911458611488342 0.0009191176504828036 0.0031250002793967724
0.0 0.8322610259056091 0.2395833432674408 0.0009191176504828036 0.0020833334419876337
0.0 0.7467830777168274 0.7729167342185974 0.0009191176504828036 0.0020833334419876337
0.0 0.6806066036224365 0.10520833730697632 0.0009191176504828036 0.0020833334419876337
0.0 0.9701286554336548 0.5411458611488342 0.0009191176504828036 0.0010416667209938169
0.0 0.2720588147640228 0.9916667342185974 0.0018382353009656072 0.0020833334419876337
0.0 0.3060661852359772 0.2828125059604645 0.0018382353009656072 0.0031250002793967724
0.0 0.6291360259056091 0.20781251788139343 0.0009191176504828036 0.0010416667209938169
0.0 0.46875 0.5432292222976685 0.0036764706019312143 0.00729166716337204
0.0 0.9053308963775635 0.5177083611488342 0.0018382353009656072 0.0020833334419876337
0.0 0.6953125 0.7791666984558105 0.0009191176504828036 0.0020833334419876337
0.0 0.607536792755127 0.2109375149011612 0.0018382353009656072 0.0010416667209938169
0.0 0.6787683963775635 0.13593751192092896 0.0009191176504828036 0.0010416667209938169
0.0 0.39568015933036804 0.6890625357627869 0.0009191176504828036 0.0010416667209938169
0.0 0.17095588147640228 0.2848958373069763 0.0018382353009656072 0.0010416667209938169
0.0 0.28538602590560913 0.7515625357627869 0.0009191176504828036 0.0031250002793967724
0.0 0.30284926295280457 0.8567708730697632 0.0009191176504828036 0.0031250002793967724
0.0 0.008731617592275143 0.44583335518836975 0.0009191176504828036 0.0020833334419876337
0.0 0.6902573704719543 0.0989583358168602 0.0018382353009656072 0.0020833334419876337
0.0 0.34329044818878174 0.42604169249534607 0.0009191176504828036 0.0020833334419876337
0.0 0.20909926295280457 0.8656250238418579 0.0009191176504828036 0.0020833334419876337
0.0 0.8189338445663452 0.4880208671092987 0.0018382353009656072 0.0010416667209938169
0.0 0.5183823704719543 0.24895834922790527 0.0018382353009656072 0.0020833334419876337
0.0 0.45909926295280457 0.7500000596046448 0.0009191176504828036 0.0020833334419876337
0.0 0.3203125 0.9020833969116211 0.0027573530096560717 0.004166666883975267
0.0 0.46277573704719543 0.4244791865348816 0.0009191176504828036 0.0031250002793967724
0.0 0.37867647409439087 0.11354167014360428 0.0018382353009656072 0.0020833334419876337
0.0 0.35661765933036804 0.9307292103767395 0.0018382353009656072 0.0031250002793967724
0.0 0.6034007668495178 0.8338541984558105 0.0009191176504828036 0.0031250002793967724
0.0 0.6539521813392639 0.7161458730697632 0.0027573530096560717 0.0031250002793967724
0.0 0.26286765933036804 0.9479166865348816 0.0036764706019312143 0.006250000558793545
0.0 0.40211397409439087 0.8802083730697632 0.0009191176504828036 0.0020833334419876337
0.0 0.32766544818878174 0.651562511920929 0.0009191176504828036 0.0031250002793967724
0.0 0.3373161852359772 0.49531251192092896 0.0018382353009656072 0.0010416667209938169
0.0 0.4007352888584137 0.46250003576278687 0.0018382353009656072 0.004166666883975267
0.0 0.33318015933036804 0.8421875238418579 0.0027573530096560717 0.0052083334885537624
0.0 0.47288602590560913 0.4375000298023224 0.0009191176504828036 0.004166666883975267
0.0 0.9430146813392639 0.2942708432674408 0.0018382353009656072 0.0010416667209938169
0.0 0.36121323704719543 0.8583333492279053 0.0018382353009656072 0.004166666883975267
0.0 0.8874080777168274 0.3687500059604645 0.0009191176504828036 0.0020833334419876337
0.0 0.4352022111415863 0.7145833969116211 0.0009191176504828036 0.0020833334419876337
0.0 0.4117647111415863 0.4437500238418579 0.0018382353009656072 0.0020833334419876337
0.0 0.8322610259056091 0.7562500238418579 0.0009191176504828036 0.0020833334419876337
0.0 0.8998161554336548 0.6276041865348816 0.0018382353009656072 0.0031250002793967724
0.0 0.6801470518112183 0.6536458730697632 0.0018382353009656072 0.0031250002793967724
0.0 0.9030330777168274 0.5666667222976685 0.0009191176504828036 0.0020833334419876337
0.0 0.40441176295280457 0.5557292103767395 0.0036764706019312143 0.0031250002793967724
0.0 0.6943933963775635 0.18177084624767303 0.0009191176504828036 0.0010416667209938169
0.0 0.38556984066963196 0.7411458492279053 0.0009191176504828036 0.0031250002793967724
0.0 0.75 0.5125000476837158 0.0018382353009656072 0.0020833334419876337
0.0 0.6994485259056091 0.5645833611488342 0.0018382353009656072 0.0020833334419876337
0.0 0.14430147409439087 0.31041666865348816 0.0036764706019312143 0.0020833334419876337
0.0 0.7444853186607361 0.013541667722165585 0.0018382353009656072 0.0020833334419876337
0.0 0.24494485557079315 0.9458333849906921 0.0027573530096560717 0.004166666883975267
0.0 0.8239889740943909 0.4364583492279053 0.0009191176504828036 0.0020833334419876337
0.0 0.04595588147640228 0.5281250476837158 0.0018382353009656072 0.0020833334419876337
0.0 0.040900737047195435 0.5333333611488342 0.0009191176504828036 0.0020833334419876337
0.0 0.2513786852359772 0.14427083730697632 0.0009191176504828036 0.0031250002793967724
0.0 0.7265625 0.6458333730697632 0.0009191176504828036 0.004166666883975267
0.0 0.26608455181121826 0.8536458611488342 0.0027573530096560717 0.0052083334885537624
0.0 0.40579044818878174 0.7651042342185974 0.0009191176504828036 0.0031250002793967724
0.0 0.6539521813392639 0.7171875238418579 0.0009191176504828036 0.0031250002793967724
0.0 0.421875 0.5604166984558105 0.0018382353009656072 0.0020833334419876337
0.0 0.5073529481887817 0.491666704416275 0.0018382353009656072 0.0020833334419876337
0.0 0.6732536554336548 0.7020833492279053 0.0027573530096560717 0.004166666883975267
0.0 0.5477941036224365 0.3739583492279053 0.0018382353009656072 0.0020833334419876337
0.0 0.7495404481887817 0.13645833730697632 0.0009191176504828036 0.0020833334419876337
0.0 0.9774816036224365 0.7510417103767395 0.004595588427037001 0.004166666883975267
0.0 0.5707720518112183 0.3765625059604645 0.0018382353009656072 0.0031250002793967724
0.0 0.2867647111415863 0.8651041984558105 0.0018382353009656072 0.0031250002793967724
0.0 0.32215073704719543 0.6916667222976685 0.004595588427037001 0.004166666883975267
0.0 0.7389705777168274 0.5026041865348816 0.0018382353009656072 0.0010416667209938169
0.0 0.37683823704719543 0.5255208611488342 0.0018382353009656072 0.0031250002793967724
0.0 0.38694852590560913 0.03125 0.005514706019312143 0.004166666883975267
0.0 0.0836397036910057 0.8562500476837158 0.0018382353009656072 0.0020833334419876337
0.0 0.056066177785396576 0.5505208373069763 0.005514706019312143 0.0031250002793967724
0.0 0.7463235259056091 0.8208333849906921 0.0036764706019312143 0.006250000558793545
0.0 0.8134191036224365 0.6552083492279053 0.0036764706019312143 0.006250000558793545
0.0 0.007352941203862429 0.8557292222976685 0.0036764706019312143 0.00729166716337204
0.0 0.45036765933036804 0.5380208492279053 0.0018382353009656072 0.0031250002793967724
0.0 0.9223345518112183 0.6640625596046448 0.0027573530096560717 0.0031250002793967724
0.0 0.5675551295280457 0.5843750238418579 0.0009191176504828036 0.0020833334419876337
0.0 0.6636029481887817 0.20468750596046448 0.0018382353009656072 0.0010416667209938169
0.0 0.24632352590560913 0.44166669249534607 0.0036764706019312143 0.004166666883975267
0.0 0.05744485184550285 0.9296875596046448 0.0027573530096560717 0.0031250002793967724
0.0 0.49264705181121826 0.48229169845581055 0.0018382353009656072 0.004166666883975267
0.0 0.30284926295280457 0.9500000476837158 0.004595588427037001 0.008333333767950535
0.0 0.3290441334247589 0.5822917222976685 0.0018382353009656072 0.006250000558793545
0.0 0.6525735259056091 0.17291668057441711 0.0018382353009656072 0.0020833334419876337
0.0 0.5124080777168274 0.6640625596046448 0.0027573530096560717 0.0031250002793967724
0.0 0.39889705181121826 0.3593750298023224 0.0036764706019312143 0.006250000558793545
