0.0 0.2513786852359772 0.6729167103767395 0.0009191176504828036 0.0020833334419876337
0.0 0.2757352888584137 0.02083333395421505 0.0018382353009656072 0.0020833334419876337
0.0 0.9784007668495178 0.5947917103767395 0.0009191176504828036 0.0020833334419876337
0.0 0.3115808963775635 0.08906250447034836 0.0018382353009656072 0.0010416667209938169
0.0 0.5091911554336548 0.1718750149011612 0.0018382353009656072 0.0020833334419876337
0.0 0.4250919222831726 0.3505208492279053 0.0009191176504828036 0.0010416667209938169
0.0 0.14016544818878174 0.16822917759418488 0.0009191176504828036 0.0010416667209938169
0.0 0.18887867033481598 0.2515625059604645 0.0009191176504828036 0.0010416667209938169
0.0 0.10064338147640228 0.5718750357627869 0.0009191176504828036 0.0020833334419876337
0.0 0.31525734066963196 0.2953125238418579 0.0018382353009656072 0.0010416667209938169
0.0 0.5955882668495178 0.5635417103767395 0.0018382353009656072 0.0020833334419876337
0.0 0.5785845518112183 0.18802084028720856 0.0009191176504828036 0.0010416667209938169
0.0 0.3134191334247589 0.4192708432674408 0.0036764706019312143 0.0031250002793967724
0.0 0.3579963147640228 0.2901041805744171 0.0009191176504828036 0.0010416667209938169
0.0 0.5822610259056091 0.03281250223517418 0.0009191176504828036 0.0010416667209938169
0.0 0.08134191483259201 0.5098958611488342 0.0009191176504828036 0.0010416667209938169
0.0 0.07536764442920685 0.3817708492279053 0.0018382353009656072 0.0010416667209938169
0.0 0.7375919222831726 0.9333333969116211 0.0009191176504828036 0.0020833334419876337
0.0 0.8874080777168274 0.5536458492279053 0.0009191176504828036 0.0010416667209938169
0.0 0.5638786554336548 0.03229166939854622 0.0009191176504828036 0.0020833334419876337
0.0 0.9829963445663452 0.6578125357627869 0.0009191176504828036 0.0010416667209938169
0.0 0.3203125 0.37447917461395264 0.0009191176504828036 0.0010416667209938169
0.0 0.7835478186607361 0.7479166984558105 0.0009191176504828036 0.0020833334419876337
0.0 0.8961396813392639 0.9604167342185974 0.0018382353009656072 0.0020833334419876337
0.0 0.2982536852359772 0.8755208849906921 0.004595588427037001 0.0052083334885537624
0.0 0.9186580777168274 0.9890625476837158 0.0009191176504828036 0.0010416667209938169
0.0 0.38327205181121826 0.35208335518836975 0.0018382353009656072 0.0020833334419876337
0.0 0.7486213445663452 0.6859375238418579 0.0009191176504828036 0.0010416667209938169
0.0 0.3111213147640228 0.33385419845581055 0.0009191176504828036 0.0010416667209938169
0.0 0.8759191036224365 0.6489583849906921 0.0018382353009656072 0.0020833334419876337
0.0 0.2421875 0.24010418355464935 0.0009191176504828036 0.0010416667209938169
0.0 0.08685661852359772 0.8963541984558105 0.0009191176504828036 0.0010416667209938169
0.0 0.740349292755127 0.8010417222976685 0.0009191176504828036 0.0020833334419876337
0.0 0.28492647409439087 0.45468753576278687 0.0018382353009656072 0.0010416667209938169
0.0 0.8299632668495178 0.6432291865348816 0.0018382353009656072 0.0010416667209938169
0.0 0.25965073704719543 0.7260417342185974 0.0009191176504828036 0.0020833334419876337
0.0 0.5326286554336548 0.21510417759418488 0.0009191176504828036 0.0010416667209938169
0.0 0.3037683963775635 0.17552083730697632 0.0009191176504828036 0.0010416667209938169
0.0 0.23023897409439087 0.9062500596046448 0.0009191176504828036 0.0020833334419876337
0.0 0.40211397409439087 0.1119791716337204 0.0009191176504828036 0.0010416667209938169
0.0 0.23943014442920685 0.04531250149011612 0.0009191176504828036 0.0010416667209938169
0.0 0.9682904481887817 0.07968750596046448 0.0009191176504828036 0.0010416667209938169
0.0 0.7752757668495178 0.7619792222976685 0.0009191176504828036 0.0010416667209938169
0.0 0.9871323704719543 0.13229167461395264 0.0018382353009656072 0.0020833334419876337
0.0 0.7357536554336548 0.6109375357627869 0.0009191176504828036 0.0010416667209938169
0.0 0.8662683963775635 0.6848958730697632 0.0009191176504828036 0.0010416667209938169
0.0 0.4397977888584137 0.30937501788139343 0.0027573530096560717 0.004166666883975267
0.0 0.6420036554336548 0.4723958671092987 0.0009191176504828036 0.0010416667209938169
0.0 0.3671875 0.35989585518836975 0.0009191176504828036 0.0010416667209938169
0.0 0.5289521813392639 0.3140625059604645 0.0009191176504828036 0.0010416667209938169
0.0 0.9287683963775635 0.7859375476837158 0.0009191176504828036 0.0010416667209938169
0.0 0.05101102963089943 0.7255208492279053 0.0009191176504828036 0.0010416667209938169
0.0 0.9076286554336548 0.5911458730697632 0.0009191176504828036 0.0010416667209938169
0.0 0.6107536554336548 0.0703125 0.0009191176504828036 0.0010416667209938169
0.0 0.20909926295280457 0.3708333671092987 0.0009191176504828036 0.0020833334419876337
0.0 0.8010110259056091 0.6770833730697632 0.0009191176504828036 0.0020833334419876337
0.0 0.359375 0.3697916865348816 0.0018382353009656072 0.0020833334419876337
0.0 0.30974265933036804 0.1588541716337204 0.0018382353009656072 0.0010416667209938169
0.0 0.9333639740943909 0.49010419845581055 0.0009191176504828036 0.0010416667209938169
0.0 0.037224266678094864 0.47708335518836975 0.0009191176504828036 0.0020833334419876337
0.0 0.41452205181121826 0.2864583432674408 0.0018382353009656072 0.006250000558793545
0.0 0.9664521813392639 0.03593750298023224 0.0027573530096560717 0.0031250002793967724
0.0 0.35523897409439087 0.9781250357627869 0.0009191176504828036 0.0020833334419876337
0.0 0.5942095518112183 0.13177083432674408 0.0009191176504828036 0.0010416667209938169
0.0 0.48023897409439087 0.30260416865348816 0.0009191176504828036 0.0010416667209938169
0.0 0.6043198704719543 0.8239583969116211 0.0009191176504828036 0.0020833334419876337
0.0 0.5923713445663452 0.25416669249534607 0.0009191176504828036 0.0020833334419876337
0.0 0.2899816334247589 0.42916667461395264 0.0009191176504828036 0.0020833334419876337
0.0 0.3841911852359772 0.36770835518836975 0.0018382353009656072 0.0020833334419876337
0.0 0.7486213445663452 0.13333334028720856 0.0009191176504828036 0.0020833334419876337
0.0 0.5491728186607361 0.0989583358168602 0.0009191176504828036 0.0020833334419876337
0.0 0.9292279481887817 0.7854167222976685 0.0018382353009656072 0.0020833334419876337
0.0 0.8745404481887817 0.6994792222976685 0.0009191176504828036 0.0010416667209938169
0.0 0.7743566036224365 0.6697916984558105 0.0009191176504828036 0.0020833334419876337
0.0 0.11902573704719543 0.5937500596046448 0.0009191176504828036 0.0020833334419876337
0.0 0.9545036554336548 0.48072919249534607 0.0009191176504828036 0.0010416667209938169
0.0 0.45358455181121826 0.2718750238418579 0.0009191176504828036 0.0020833334419876337
0.0 0.17049632966518402 0.30781251192092896 0.0009191176504828036 0.0010416667209938169
0.0 0.9204963445663452 0.4765625298023224 0.0009191176504828036 0.0010416667209938169
0.0 0.65625 0.9281250238418579 0.0018382353009656072 0.004166666883975267
0.0 0.5712316036224365 0.1848958432674408 0.0009191176504828036 0.0010416667209938169
0.0 0.03079044073820114 0.4661458432674408 0.0009191176504828036 0.0010416667209938169
0.0 0.7688419222831726 0.4125000238418579 0.0009191176504828036 0.0020833334419876337
0.0 0.75 0.667187511920929 0.0018382353009656072 0.0010416667209938169
0.0 0.9159007668495178 0.6109375357627869 0.0009191176504828036 0.0010416667209938169
0.0 0.3313419222831726 0.3895833492279053 0.0009191176504828036 0.0020833334419876337
0.0 0.3382352888584137 0.43020835518836975 0.0018382353009656072 0.0020833334419876337
0.0 0.990349292755127 0.46250003576278687 0.0027573530096560717 0.0020833334419876337
0.0 0.7118566036224365 0.729687511920929 0.0009191176504828036 0.0031250002793967724
0.0 0.8818933963775635 0.12083333730697632 0.0009191176504828036 0.0020833334419876337
0.0 0.22748161852359772 0.6161458492279053 0.0009191176504828036 0.0010416667209938169
0.0 0.9563419222831726 0.2760416865348816 0.0009191176504828036 0.0020833334419876337
0.0 0.8938419222831726 0.6953125596046448 0.0009191176504828036 0.0031250002793967724
0.0 0.1608455926179886 0.5427083373069763 0.0018382353009656072 0.0020833334419876337
0.0 0.7155330777168274 0.7291666865348816 0.0009191176504828036 0.0020833334419876337
0.0 0.5363051295280457 0.0703125 0.0009191176504828036 0.0010416667209938169
0.0 0.3451286852359772 0.3906250298023224 0.0009191176504828036 0.0020833334419876337
0.0 0.6328125 0.7369791865348816 0.0009191176504828036 0.0031250002793967724
0.0 0.4673713147640228 0.28072917461395264 0.0009191176504828036 0.0010416667209938169
0.0 0.966911792755127 0.24895834922790527 0.0018382353009656072 0.0020833334419876337
0.0 0.7095588445663452 0.13177083432674408 0.0018382353009656072 0.0010416667209938169
0.0 0.7146139740943909 0.7666667103767395 0.0009191176504828036 0.0020833334419876337
0.0 0.08134191483259201 0.40781253576278687 0.0009191176504828036 0.0010416667209938169
0.0 0.578125 0.9406250715255737 0.0018382353009656072 0.0020833334419876337
0.0 0.7568933963775635 0.12031250447034836 0.0009191176504828036 0.0010416667209938169
0.0 0.26516544818878174 0.6078125238418579 0.0009191176504828036 0.0010416667209938169
0.0 0.5537683963775635 0.19427084922790527 0.0009191176504828036 0.0010416667209938169
0.0 0.545036792755127 0.19583334028720856 0.0018382353009656072 0.0020833334419876337
0.0 0.11305147409439087 0.6276041865348816 0.0018382353009656072 0.0010416667209938169
0.0 0.37316176295280457 0.6723958849906921 0.0018382353009656072 0.0010416667209938169
0.0 0.6980698704719543 0.7291666865348816 0.0009191176504828036 0.0020833334419876337
0.0 0.5951286554336548 0.5598958730697632 0.0027573530096560717 0.0052083334885537624
0.0 0.31663602590560913 0.4989583492279053 0.0009191176504828036 0.0020833334419876337
0.0 0.7504595518112183 0.7322916984558105 0.0009191176504828036 0.0020833334419876337
0.0 0.9503676295280457 0.35104167461395264 0.0018382353009656072 0.0020833334419876337
0.0 0.6420036554336548 0.5765625238418579 0.0009191176504828036 0.0010416667209938169
0.0 0.9071691036224365 0.6692708730697632 0.0018382353009656072 0.0031250002793967724
0.0 0.8745404481887817 0.6192708611488342 0.0009191176504828036 0.0031250002793967724
0.0 0.6539521813392639 0.8453125357627869 0.0009191176504828036 0.0031250002793967724
0.0 0.7858455777168274 0.7947916984558105 0.0018382353009656072 0.0020833334419876337
0.0 0.3772977888584137 0.5479167103767395 0.0009191176504828036 0.0020833334419876337
0.0 0.028952205553650856 0.22864584624767303 0.0009191176504828036 0.0010416667209938169
0.0 0.9365808963775635 0.9723958969116211 0.0018382353009656072 0.0010416667209938169
0.0 0.5822610259056091 0.12135417014360428 0.0009191176504828036 0.0010416667209938169
0.0 0.022518383339047432 0.2828125059604645 0.0009191176504828036 0.0010416667209938169
0.0 0.859375 0.6312500238418579 0.0018382353009656072 0.0020833334419876337
0.0 0.5960478186607361 0.07343750447034836 0.0009191176504828036 0.0010416667209938169
0.0 0.951286792755127 0.6838542222976685 0.0018382353009656072 0.0031250002793967724
0.0 0.28492647409439087 0.46927085518836975 0.0018382353009656072 0.0010416667209938169
0.0 0.8772978186607361 0.9437500238418579 0.0009191176504828036 0.0020833334419876337
0.0 0.11351103335618973 0.3968750238418579 0.0009191176504828036 0.0020833334419876337
0.0 0.2826286852359772 0.37916669249534607 0.0027573530096560717 0.004166666883975267
0.0 0.8837316036224365 0.1354166716337204 0.0009191176504828036 0.0020833334419876337
0.0 0.49954044818878174 0.14895834028720856 0.0009191176504828036 0.0020833334419876337
0.0 0.5638786554336548 0.11354167014360428 0.0009191176504828036 0.0020833334419876337
0.0 0.755974292755127 0.7958333492279053 0.0009191176504828036 0.0020833334419876337
0.0 0.9361213445663452 0.20416668057441711 0.0009191176504828036 0.0020833334419876337
0.0 0.9375 0.18281251192092896 0.0018382353009656072 0.0010416667209938169
0.0 0.7743566036224365 0.6166666746139526 0.0009191176504828036 0.0020833334419876337
0.0 0.21691176295280457 0.4583333432674408 0.0018382353009656072 0.0020833334419876337
0.0 0.8267463445663452 0.7734375596046448 0.0009191176504828036 0.0010416667209938169
0.0 0.46829044818878174 0.6166666746139526 0.0009191176504828036 0.0020833334419876337
0.0 0.1953125 0.42395836114883423 0.0009191176504828036 0.0020833334419876337
0.0 0.5790441036224365 0.15000000596046448 0.0018382353009656072 0.0020833334419876337
0.0 0.6144301295280457 0.1979166716337204 0.0009191176504828036 0.0020833334419876337
0.0 0.10064338147640228 0.5046875476837158 0.0009191176504828036 0.0010416667209938169
0.0 0.943474292755127 0.444791704416275 0.0027573530096560717 0.0020833334419876337
0.0 0.7977941036224365 0.8307291865348816 0.0018382353009656072 0.0010416667209938169
0.0 0.8818933963775635 0.2750000059604645 0.0009191176504828036 0.0020833334419876337
0.0 0.966911792755127 0.4869791865348816 0.0018382353009656072 0.0031250002793967724
0.0 0.23161764442920685 0.3291666805744171 0.0018382353009656072 0.0020833334419876337
0.0 0.5712316036224365 0.10468750447034836 0.0027573530096560717 0.0052083334885537624
0.0 0.7320771813392639 0.5552083849906921 0.0009191176504828036 0.0020833334419876337
0.0 0.13556985557079315 0.37968751788139343 0.0009191176504828036 0.0010416667209938169
0.0 0.25045955181121826 0.3135416805744171 0.0009191176504828036 0.0020833334419876337
0.0 0.865349292755127 0.37291669845581055 0.0009191176504828036 0.0020833334419876337
0.0 0.3851102888584137 0.7270833849906921 0.0018382353009656072 0.0020833334419876337
0.0 0.13465073704719543 0.3114583492279053 0.0009191176504828036 0.0020833334419876337
0.0 0.5767463445663452 0.0625 0.0027573530096560717 0.004166666883975267
0.0 0.9352021813392639 0.7057291865348816 0.0009191176504828036 0.0031250002793967724
0.0 0.8451286554336548 0.5130208730697632 0.0009191176504828036 0.0010416667209938169
0.0 0.5785845518112183 0.11406250298023224 0.0027573530096560717 0.0031250002793967724
0.0 0.5680146813392639 0.7708333730697632 0.0018382353009656072 0.0020833334419876337
0.0 0.4641544222831726 0.3505208492279053 0.0018382353009656072 0.0031250002793967724
0.0 0.328125 0.20260417461395264 0.005514706019312143 0.0052083334885537624
0.0 0.5197610259056091 0.07916667312383652 0.0009191176504828036 0.0020833334419876337
0.0 0.7895220518112183 0.7739583849906921 0.0018382353009656072 0.0020833334419876337
0.0 0.6208639740943909 0.5947917103767395 0.0009191176504828036 0.0020833334419876337
0.0 0.5505514740943909 0.1640625149011612 0.0018382353009656072 0.0010416667209938169
0.0 0.5556066036224365 0.2994791865348816 0.0009191176504828036 0.0010416667209938169
0.0 0.1608455926179886 0.6729167103767395 0.0018382353009656072 0.0020833334419876337
0.0 0.006893382407724857 0.7026041746139526 0.0027573530096560717 0.0031250002793967724
0.0 0.9232536554336548 0.4286458492279053 0.0027573530096560717 0.0031250002793967724
0.0 0.13327206671237946 0.5666667222976685 0.0036764706019312143 0.006250000558793545
0.0 0.6420036554336548 0.6244791746139526 0.0009191176504828036 0.0010416667209938169
0.0 0.1930147111415863 0.4791666865348816 0.0036764706019312143 0.0020833334419876337
0.0 0.5850183963775635 0.07708333432674408 0.0009191176504828036 0.0020833334419876337
0.0 0.6553308963775635 0.8677083849906921 0.0018382353009656072 0.0020833334419876337
0.0 0.6240808963775635 0.05416667088866234 0.0018382353009656072 0.0020833334419876337
0.0 0.9347426295280457 0.7046875357627869 0.0018382353009656072 0.0031250002793967724
0.0 0.2725183963775635 0.5713542103767395 0.0009191176504828036 0.0031250002793967724
0.0 0.34558823704719543 0.07968750596046448 0.0018382353009656072 0.0031250002793967724
0.0 0.8299632668495178 0.3994791805744171 0.0018382353009656072 0.0052083334885537624
0.0 0.17555147409439087 0.0572916679084301 0.0018382353009656072 0.0020833334419876337
0.0 0.08685661852359772 0.5276042222976685 0.0027573530096560717 0.0031250002793967724
0.0 0.30882352590560913 0.4114583432674408 0.0018382353009656072 0.0020833334419876337
0.0 0.05790441110730171 0.7281250357627869 0.0036764706019312143 0.004166666883975267
0.0 0.9494485259056091 0.4218750298023224 0.0018382353009656072 0.0020833334419876337
0.0 0.37316176295280457 0.23489584028720856 0.005514706019312143 0.0031250002793967724
0.0 0.41819852590560913 0.27812501788139343 0.0018382353009656072 0.0020833334419876337
0.0 0.14981617033481598 0.5770833492279053 0.0036764706019312143 0.004166666883975267
0.0 0.36764705181121826 0.3838541805744171 0.0018382353009656072 0.0031250002793967724
0.0 0.5257353186607361 0.9187500476837158 0.0018382353009656072 0.004166666883975267
0.0 0.2265625 0.4802083671092987 0.0009191176504828036 0.0020833334419876337
0.0 0.18933823704719543 0.49635419249534607 0.0018382353009656072 0.0031250002793967724
0.0 0.4306066334247589 0.3005208373069763 0.0009191176504828036 0.0031250002793967724
0.0 0.037224266678094864 0.7114583849906921 0.0027573530096560717 0.004166666883975267
0.0 0.31066176295280457 0.9776042103767395 0.0018382353009656072 0.0031250002793967724
0.0 0.890625 0.5166667103767395 0.0018382353009656072 0.0020833334419876337
0.0 0.4797794222831726 0.19114583730697632 0.0036764706019312143 0.0031250002793967724
0.0 0.6576286554336548 0.88958340883255 0.0027573530096560717 0.004166666883975267
0.0 0.8759191036224365 0.6505208611488342 0.0036764706019312143 0.0031250002793967724
0.0 0.9710478186607361 0.7890625596046448 0.0027573530096560717 0.0031250002793967724
0.0 0.8607536554336548 0.6739583611488342 0.0027573530096560717 0.004166666883975267
0.0 0.8111213445663452 0.6229166984558105 0.0027573530096560717 0.006250000558793545
0.0 0.9848345518112183 0.6755208969116211 0.0027573530096560717 0.0031250002793967724
0.0 0.045496322214603424 0.6583333611488342 0.0027573530096560717 0.0020833334419876337
0.0 0.3373161852359772 0.08229167014360428 0.0018382353009656072 0.0020833334419876337
0.0 0.39889705181121826 0.5994791984558105 0.0018382353009656072 0.0031250002793967724
0.0 0.1686580926179886 0.26979169249534607 0.0027573530096560717 0.0020833334419876337
0.0 0.3851102888584137 0.8281250596046448 0.0018382353009656072 0.004166666883975267
0.0 0.6185661554336548 0.09270834177732468 0.0018382353009656072 0.0020833334419876337
0.0 0.8138786554336548 0.95208340883255 0.0027573530096560717 0.006250000558793545
0.0 0.8478860259056091 0.6291667222976685 0.0027573530096560717 0.004166666883975267
0.0 0.693474292755127 0.9317708611488342 0.0027573530096560717 0.0052083334885537624
0.0 0.40257352590560913 0.4244791865348816 0.0018382353009656072 0.0031250002793967724
0.0 0.9306066036224365 0.6953125596046448 0.0027573530096560717 0.0052083334885537624
0.0 0.6383271813392639 0.44687503576278687 0.0009191176504828036 0.0020833334419876337
0.0 0.1015625 0.6473958492279053 0.004595588427037001 0.0052083334885537624
0.0 0.009191176854074001 0.667187511920929 0.005514706019312143 0.0052083334885537624
0.0 0.6112132668495178 0.4541666805744171 0.0018382353009656072 0.0020833334419876337
0.0 0.6590073704719543 0.9166666865348816 0.005514706019312143 0.008333333767950535
0.0 0.23161764442920685 0.41458335518836975 0.005514706019312143 0.008333333767950535
0.0 0.013786764815449715 0.3958333432674408 0.0036764706019312143 0.004166666883975267
0.0 0.6125919222831726 0.11354167014360428 0.0027573530096560717 0.004166666883975267
