0.0 0.3138786852359772 0.7869791984558105 0.0009191176504828036 0.0010416667209938169
0.0 0.24080882966518402 0.8593750596046448 0.0036764706019312143 0.0020833334419876337
0.0 0.6116728186607361 0.2302083522081375 0.0009191176504828036 0.0020833334419876337
0.0 0.9053308963775635 0.22083334624767303 0.0018382353009656072 0.0020833334419876337
0.0 0.6107536554336548 0.0442708358168602 0.0009191176504828036 0.0010416667209938169
0.0 0.36351102590560913 0.6218750476837158 0.0009191176504828036 0.0020833334419876337
0.0 0.14476102590560913 0.46510419249534607 0.0009191176504828036 0.0010416667209938169
0.0 0.9944853186607361 0.8437500596046448 0.0036764706019312143 0.004166666883975267
0.0 0.5441176295280457 0.6473958492279053 0.0018382353009656072 0.0010416667209938169
0.0 0.453125 0.20520834624767303 0.0018382353009656072 0.0020833334419876337
0.0 0.5569853186607361 0.24427084624767303 0.0018382353009656072 0.0010416667209938169
0.0 0.060202207416296005 0.2671875059604645 0.0009191176504828036 0.0010416667209938169
0.0 0.6741728186607361 0.2848958373069763 0.0009191176504828036 0.0010416667209938169
0.0 0.5675551295280457 0.3359375298023224 0.0009191176504828036 0.0010416667209938169
0.0 0.5170036554336548 0.6432291865348816 0.0009191176504828036 0.0010416667209938169
0.0 0.5151654481887817 0.25572916865348816 0.0009191176504828036 0.0010416667209938169
0.0 0.5225183963775635 0.46927085518836975 0.0009191176504828036 0.0010416667209938169
0.0 0.9627757668495178 0.9265625476837158 0.0009191176504828036 0.0010416667209938169
0.0 0.38097426295280457 0.5119792222976685 0.0009191176504828036 0.0010416667209938169
0.0 0.5124080777168274 0.22864584624767303 0.0009191176504828036 0.0010416667209938169
0.0 0.6663603186607361 0.11354167014360428 0.0018382353009656072 0.0020833334419876337
0.0 0.6098345518112183 0.2760416865348816 0.0009191176504828036 0.0020833334419876337
0.0 0.23299632966518402 0.0520833358168602 0.0009191176504828036 0.0020833334419876337
0.0 0.6507353186607361 0.35625001788139343 0.0018382353009656072 0.0020833334419876337
0.0 0.4829963147640228 0.43958336114883423 0.0009191176504828036 0.0020833334419876337
0.0 0.6318933963775635 0.1953125149011612 0.0009191176504828036 0.0010416667209938169
0.0 0.5197610259056091 0.3046875298023224 0.0009191176504828036 0.0010416667209938169
0.0 0.3772977888584137 0.7432292103767395 0.0009191176504828036 0.0010416667209938169
0.0 0.576286792755127 0.5135416984558105 0.0018382353009656072 0.0020833334419876337
0.0 0.6461396813392639 0.12864583730697632 0.0018382353009656072 0.0010416667209938169
0.0 0.7886029481887817 0.8213542103767395 0.0018382353009656072 0.0031250002793967724
0.0 0.5510110259056091 0.0520833358168602 0.0009191176504828036 0.0020833334419876337
0.0 0.568474292755127 0.2630208432674408 0.0009191176504828036 0.0010416667209938169
0.0 0.2991727888584137 0.15677084028720856 0.0009191176504828036 0.0010416667209938169
0.0 0.2467830926179886 0.8171875476837158 0.0009191176504828036 0.0010416667209938169
0.0 0.6833639740943909 0.22604167461395264 0.0009191176504828036 0.0020833334419876337
0.0 0.7454044222831726 0.19322918355464935 0.0018382353009656072 0.0031250002793967724
0.0 0.5151654481887817 0.6494792103767395 0.0009191176504828036 0.0010416667209938169
0.0 0.39430147409439087 0.9161458611488342 0.0018382353009656072 0.0010416667209938169
0.0 0.6125919222831726 0.5463541746139526 0.0009191176504828036 0.0010416667209938169
0.0 0.5565257668495178 0.4802083671092987 0.0009191176504828036 0.0020833334419876337
0.0 0.2734375 0.4348958432674408 0.0009191176504828036 0.0010416667209938169
0.0 0.6052389740943909 0.21562501788139343 0.0009191176504828036 0.0020833334419876337
0.0 0.21920956671237946 0.4427083432674408 0.0009191176504828036 0.0020833334419876337
0.0 0.08777573704719543 0.3421875238418579 0.0009191176504828036 0.0010416667209938169
0.0 0.5519301295280457 0.27135416865348816 0.0009191176504828036 0.0010416667209938169
0.0 0.4765625 0.06093750149011612 0.0009191176504828036 0.0010416667209938169
0.0 0.3014705777168274 0.5942708849906921 0.0018382353009656072 0.0031250002793967724
0.0 0.6300551295280457 0.43802085518836975 0.0009191176504828036 0.0010416667209938169
0.0 0.6806066036224365 0.0338541679084301 0.0009191176504828036 0.0010416667209938169
0.0 0.3368566334247589 0.7307292222976685 0.0009191176504828036 0.0010416667209938169
0.0 0.5850183963775635 0.5687500238418579 0.0009191176504828036 0.0020833334419876337
0.0 0.6429228186607361 0.24062500894069672 0.0009191176504828036 0.0020833334419876337
0.0 0.07628676295280457 0.6307291984558105 0.0018382353009656072 0.0031250002793967724
0.0 0.5859375 0.39010417461395264 0.0009191176504828036 0.0010416667209938169
0.0 0.5877757668495178 0.6145833730697632 0.0009191176504828036 0.0020833334419876337
0.0 0.2867647111415863 0.31822916865348816 0.0018382353009656072 0.0010416667209938169
0.0 0.5363051295280457 0.39635419845581055 0.0009191176504828036 0.0010416667209938169
0.0 0.5629595518112183 0.4442708492279053 0.0009191176504828036 0.0010416667209938169
0.0 0.3147977888584137 0.604687511920929 0.0009191176504828036 0.0010416667209938169
0.0 0.24034926295280457 0.737500011920929 0.0027573530096560717 0.006250000558793545
0.0 0.4172794222831726 0.6395833492279053 0.0018382353009656072 0.0020833334419876337
0.0 0.6245404481887817 0.2802083492279053 0.0009191176504828036 0.0020833334419876337
0.0 0.7385110259056091 0.23072917759418488 0.0009191176504828036 0.0010416667209938169
0.0 0.9260110259056091 0.09218750149011612 0.0009191176504828036 0.0010416667209938169
0.0 0.5652573704719543 0.13645833730697632 0.0018382353009656072 0.004166666883975267
0.0 0.1852022111415863 0.4010416865348816 0.0009191176504828036 0.0020833334419876337
0.0 0.15808823704719543 0.7229167222976685 0.0018382353009656072 0.0020833334419876337
0.0 0.6056985259056091 0.3046875298023224 0.0018382353009656072 0.0010416667209938169
0.0 0.48713234066963196 0.6307291984558105 0.0018382353009656072 0.0031250002793967724
0.0 0.5615808963775635 0.46562501788139343 0.0018382353009656072 0.0020833334419876337
0.0 0.9756433963775635 0.7135416865348816 0.0009191176504828036 0.0020833334419876337
0.0 0.4935661852359772 0.43802085518836975 0.0018382353009656072 0.0031250002793967724
0.0 0.6521139740943909 0.1614583432674408 0.0009191176504828036 0.0020833334419876337
0.0 0.2890625 0.2890625298023224 0.0009191176504828036 0.0010416667209938169
0.0 0.46461397409439087 0.6395833492279053 0.0009191176504828036 0.0020833334419876337
0.0 0.8598345518112183 0.3005208373069763 0.0009191176504828036 0.0010416667209938169
0.0 0.5087316036224365 0.31302085518836975 0.0009191176504828036 0.0010416667209938169
0.0 0.7339154481887817 0.2223958522081375 0.0009191176504828036 0.0010416667209938169
0.0 0.3929227888584137 0.30781251192092896 0.0009191176504828036 0.0010416667209938169
0.0 0.6824448704719543 0.3265625238418579 0.0009191176504828036 0.0010416667209938169
0.0 0.021139705553650856 0.2906250059604645 0.0018382353009656072 0.0020833334419876337
0.0 0.33961397409439087 0.6765625476837158 0.0009191176504828036 0.0010416667209938169
0.0 0.5225183963775635 0.6552083492279053 0.0009191176504828036 0.0020833334419876337
0.0 0.34329044818878174 0.729687511920929 0.0009191176504828036 0.0010416667209938169
0.0 0.33961397409439087 0.8000000715255737 0.0009191176504828036 0.0020833334419876337
0.0 0.53125 0.3776041865348816 0.0018382353009656072 0.0010416667209938169
0.0 0.5565257668495178 0.3057291805744171 0.0027573530096560717 0.0031250002793967724
0.0 0.6125919222831726 0.30000001192092896 0.0009191176504828036 0.0020833334419876337
0.0 0.5693933963775635 0.6317708492279053 0.0009191176504828036 0.0010416667209938169
0.0 0.23851102590560913 0.8854166865348816 0.0009191176504828036 0.0020833334419876337
0.0 0.9977021813392639 0.3453125059604645 0.0009191176504828036 0.0010416667209938169
0.0 0.5454963445663452 0.6161458492279053 0.0009191176504828036 0.0010416667209938169
0.0 0.5418198704719543 0.4765625298023224 0.0009191176504828036 0.0010416667209938169
0.0 0.7109375 0.2473958432674408 0.0009191176504828036 0.0010416667209938169
0.0 0.09650735557079315 0.42656251788139343 0.0018382353009656072 0.0010416667209938169
0.0 0.40625 0.6218750476837158 0.0018382353009656072 0.0020833334419876337
0.0 0.006433823611587286 0.9635417461395264 0.0036764706019312143 0.0020833334419876337
0.0 0.2734375 0.9302083849906921 0.0009191176504828036 0.0020833334419876337
0.0 0.08639705926179886 0.3203125298023224 0.0018382353009656072 0.0010416667209938169
0.0 0.5703125 0.483854204416275 0.0009191176504828036 0.0010416667209938169
0.0 0.27297794818878174 0.6630208492279053 0.0018382353009656072 0.0010416667209938169
0.0 0.2545955777168274 0.22552084922790527 0.0018382353009656072 0.0010416667209938169
0.0 0.5730698704719543 0.18906250596046448 0.0009191176504828036 0.0010416667209938169
0.0 0.5739889740943909 0.3760416805744171 0.0009191176504828036 0.0020833334419876337
0.0 0.26838234066963196 0.7906250357627869 0.0018382353009656072 0.0020833334419876337
0.0 0.17141544818878174 0.7484375238418579 0.0009191176504828036 0.0031250002793967724
0.0 0.6084558963775635 0.3359375298023224 0.0018382353009656072 0.0031250002793967724
0.0 0.5730698704719543 0.23541668057441711 0.0009191176504828036 0.0020833334419876337
0.0 0.024356618523597717 0.32864585518836975 0.0009191176504828036 0.0010416667209938169
0.0 0.29319852590560913 0.7598958611488342 0.0018382353009656072 0.0010416667209938169
0.0 0.5615808963775635 0.3505208492279053 0.0018382353009656072 0.00729166716337204
0.0 0.38327205181121826 0.3500000238418579 0.0018382353009656072 0.0020833334419876337
0.0 0.5666360259056091 0.37968751788139343 0.0009191176504828036 0.0010416667209938169
0.0 0.6236213445663452 0.3135416805744171 0.0009191176504828036 0.0020833334419876337
0.0 0.29273897409439087 0.7593750357627869 0.0027573530096560717 0.0020833334419876337
0.0 0.6162683963775635 0.27135416865348816 0.0009191176504828036 0.0010416667209938169
0.0 0.6567095518112183 0.5250000357627869 0.0009191176504828036 0.0020833334419876337
0.0 0.9908088445663452 0.737500011920929 0.0018382353009656072 0.0020833334419876337
0.0 0.5739889740943909 0.4989583492279053 0.0009191176504828036 0.0020833334419876337
0.0 0.14108456671237946 0.5437500476837158 0.0027573530096560717 0.0020833334419876337
0.0 0.9113051295280457 0.6166666746139526 0.0009191176504828036 0.0020833334419876337
0.0 0.21461397409439087 0.25833335518836975 0.0009191176504828036 0.0020833334419876337
0.0 0.9085478186607361 0.39010417461395264 0.0009191176504828036 0.0010416667209938169
0.0 0.5390625 0.46927085518836975 0.0009191176504828036 0.0010416667209938169
0.0 0.7127757668495178 0.08541667461395264 0.0009191176504828036 0.0020833334419876337
0.0 0.5197610259056091 0.5041667222976685 0.0009191176504828036 0.0020833334419876337
0.0 0.9457720518112183 0.18020834028720856 0.0018382353009656072 0.0020833334419876337
0.0 0.16773897409439087 0.612500011920929 0.0009191176504828036 0.0020833334419876337
0.0 0.7927389740943909 0.737500011920929 0.0009191176504828036 0.0020833334419876337
0.0 0.5068933963775635 0.39270836114883423 0.0009191176504828036 0.0020833334419876337
0.0 0.25827205181121826 0.5557292103767395 0.0018382353009656072 0.0010416667209938169
0.0 0.16038602590560913 0.8635417222976685 0.0009191176504828036 0.0020833334419876337
0.0 0.6194853186607361 0.2822916805744171 0.0018382353009656072 0.0020833334419876337
0.0 0.7550551295280457 0.40937501192092896 0.0009191176504828036 0.0020833334419876337
0.0 0.896599292755127 0.7677083611488342 0.0009191176504828036 0.0020833334419876337
0.0 0.599724292755127 0.10312500596046448 0.0009191176504828036 0.0020833334419876337
0.0 0.5693933963775635 0.47083336114883423 0.0009191176504828036 0.0020833334419876337
0.0 0.5560661554336548 0.5442708730697632 0.0018382353009656072 0.0031250002793967724
0.0 0.7844669222831726 0.2760416865348816 0.0009191176504828036 0.0020833334419876337
0.0 0.39476102590560913 0.9166666865348816 0.0009191176504828036 0.0020833334419876337
0.0 0.2899816334247589 0.10989584028720856 0.0009191176504828036 0.0010416667209938169
0.0 0.4163602888584137 0.6348958611488342 0.0018382353009656072 0.0031250002793967724
0.0 0.23575367033481598 0.5651041865348816 0.0009191176504828036 0.0010416667209938169
0.0 0.5909926295280457 0.31979167461395264 0.0018382353009656072 0.0020833334419876337
0.0 0.5542279481887817 0.3630208671092987 0.0018382353009656072 0.0010416667209938169
0.0 0.6240808963775635 0.47031253576278687 0.0018382353009656072 0.0031250002793967724
0.0 0.6397058963775635 0.8640625476837158 0.0018382353009656072 0.0031250002793967724
0.0 0.9779411554336548 0.9463542103767395 0.0018382353009656072 0.0031250002793967724
0.0 0.5776654481887817 0.3135416805744171 0.0009191176504828036 0.0020833334419876337
0.0 0.5055146813392639 0.35625001788139343 0.0018382353009656072 0.0020833334419876337
0.0 0.9011948704719543 0.2630208432674408 0.0009191176504828036 0.0010416667209938169
0.0 0.27297794818878174 0.8020833730697632 0.0036764706019312143 0.004166666883975267
0.0 0.6603860259056091 0.03854166716337204 0.0009191176504828036 0.0020833334419876337
0.0 0.5445771813392639 0.6312500238418579 0.0009191176504828036 0.0020833334419876337
0.0 0.5326286554336548 0.47708335518836975 0.0027573530096560717 0.0020833334419876337
0.0 0.5978860259056091 0.6239583492279053 0.0009191176504828036 0.0020833334419876337
0.0 0.44806984066963196 0.5947917103767395 0.0009191176504828036 0.0020833334419876337
0.0 0.0859375 0.32083335518836975 0.0009191176504828036 0.0020833334419876337
0.0 0.17141544818878174 0.8989583849906921 0.0009191176504828036 0.0020833334419876337
0.0 0.5758271813392639 0.24687501788139343 0.0009191176504828036 0.0020833334419876337
0.0 0.5795036554336548 0.20781251788139343 0.0027573530096560717 0.0031250002793967724
0.0 0.13786764442920685 0.8078125715255737 0.0018382353009656072 0.0031250002793967724
0.0 0.990349292755127 0.5354167222976685 0.0009191176504828036 0.0020833334419876337
0.0 0.5896139740943909 0.3083333373069763 0.0009191176504828036 0.0020833334419876337
0.0 0.484375 0.4046875238418579 0.0018382353009656072 0.0031250002793967724
0.0 0.9944853186607361 0.8432292342185974 0.0018382353009656072 0.0031250002793967724
0.0 0.39338234066963196 0.5864583849906921 0.0018382353009656072 0.0020833334419876337
0.0 0.3998161852359772 0.698437511920929 0.0018382353009656072 0.0031250002793967724
0.0 0.056066177785396576 0.2916666865348816 0.0018382353009656072 0.0020833334419876337
0.0 0.43336397409439087 0.5802083611488342 0.0009191176504828036 0.0020833334419876337
0.0 0.5772058963775635 0.18125000596046448 0.0018382353009656072 0.0020833334419876337
0.0 0.5261948704719543 0.3020833432674408 0.0009191176504828036 0.0020833334419876337
0.0 0.21461397409439087 0.2640625238418579 0.0009191176504828036 0.0010416667209938169
0.0 0.9655330777168274 0.6822916865348816 0.0009191176504828036 0.0020833334419876337
0.0 0.11764705926179886 0.6244791746139526 0.0018382353009656072 0.0031250002793967724
0.0 0.9030330777168274 0.40052086114883423 0.0009191176504828036 0.0031250002793967724
0.0 0.0234375 0.9291667342185974 0.0027573530096560717 0.0020833334419876337
0.0 0.6714154481887817 0.04739583656191826 0.0009191176504828036 0.0031250002793967724
0.0 0.1038602963089943 0.5484375357627869 0.0018382353009656072 0.0031250002793967724
0.0 0.9572610259056091 0.7244791984558105 0.0009191176504828036 0.0031250002793967724
0.0 0.45818015933036804 0.44739586114883423 0.0027573530096560717 0.0031250002793967724
0.0 0.008731617592275143 0.7786458730697632 0.0027573530096560717 0.0031250002793967724
0.0 0.12775735557079315 0.33906251192092896 0.0018382353009656072 0.0031250002793967724
0.0 0.30055147409439087 0.8203125596046448 0.0018382353009656072 0.0031250002793967724
0.0 0.32766544818878174 0.8203125596046448 0.0027573530096560717 0.0031250002793967724
0.0 0.4586397111415863 0.5151041746139526 0.0036764706019312143 0.0052083334885537624
0.0 0.609375 0.8750000596046448 0.0018382353009656072 0.0020833334419876337
0.0 0.5625 0.3515625298023224 0.0036764706019312143 0.00729166716337204
0.0 0.90625 0.13177083432674408 0.0018382353009656072 0.0010416667209938169
0.0 0.5698529481887817 0.4125000238418579 0.0018382353009656072 0.0020833334419876337
0.0 0.3092830777168274 0.7598958611488342 0.0009191176504828036 0.0031250002793967724
0.0 0.35340073704719543 0.6963542103767395 0.0009191176504828036 0.0031250002793967724
0.0 0.6842830777168274 0.11666667461395264 0.0009191176504828036 0.004166666883975267
0.0 0.5013786554336548 0.5302083492279053 0.0009191176504828036 0.0020833334419876337
0.0 0.6397058963775635 0.3114583492279053 0.0018382353009656072 0.0020833334419876337
0.0 0.48713234066963196 0.5859375596046448 0.005514706019312143 0.0052083334885537624
0.0 0.6089154481887817 0.48906251788139343 0.0009191176504828036 0.0031250002793967724
0.0 0.2077205926179886 0.13125000894069672 0.0018382353009656072 0.0020833334419876337
0.0 0.5386029481887817 0.4307291805744171 0.0018382353009656072 0.0031250002793967724
0.0 0.2803308963775635 0.41197919845581055 0.0018382353009656072 0.0031250002793967724
0.0 0.5698529481887817 0.36510419845581055 0.0036764706019312143 0.0052083334885537624
0.0 0.33547794818878174 0.7093750238418579 0.0018382353009656072 0.0020833334419876337
0.0 0.46139705181121826 0.4645833671092987 0.007352941203862429 0.004166666883975267
0.0 0.6130514740943909 0.3375000059604645 0.0018382353009656072 0.0020833334419876337
0.0 0.20726102590560913 0.6333333849906921 0.0009191176504828036 0.0020833334419876337
0.0 0.35431984066963196 0.7234375476837158 0.0027573530096560717 0.0031250002793967724
0.0 0.01608455926179886 0.6723958849906921 0.0009191176504828036 0.0010416667209938169
0.0 0.2798713147640228 0.6078125238418579 0.0027573530096560717 0.0010416667209938169
0.0 0.5202205777168274 0.612500011920929 0.0018382353009656072 0.0020833334419876337
0.0 0.8795955777168274 0.9776042103767395 0.0018382353009656072 0.0031250002793967724
0.0 0.23575367033481598 0.8635417222976685 0.010110294446349144 0.006250000558793545
0.0 0.9301470518112183 0.9848958849906921 0.0018382353009656072 0.0031250002793967724
0.0 0.9705882668495178 0.5218750238418579 0.0018382353009656072 0.0020833334419876337
0.0 0.9880514740943909 0.8791667222976685 0.0018382353009656072 0.0020833334419876337
0.0 0.6957720518112183 0.07708333432674408 0.0018382353009656072 0.0020833334419876337
0.0 0.7458639740943909 0.19427084922790527 0.0027573530096560717 0.0031250002793967724
0.0 0.9710478186607361 0.49375003576278687 0.0027573530096560717 0.0020833334419876337
0.0 0.32628676295280457 0.6015625596046448 0.0018382353009656072 0.0031250002793967724
0.0 0.04641544073820114 0.7625000476837158 0.0009191176504828036 0.0020833334419876337
0.0 0.8897058963775635 0.23125001788139343 0.0018382353009656072 0.0020833334419876337
0.0 0.7123161554336548 0.4020833671092987 0.0018382353009656072 0.0020833334419876337
0.0 0.005974264815449715 0.9635417461395264 0.0027573530096560717 0.004166666883975267
0.0 0.5698529481887817 0.2927083373069763 0.0018382353009656072 0.004166666883975267
0.0 0.18566176295280457 0.6567708849906921 0.0018382353009656072 0.0031250002793967724
0.0 0.13189338147640228 0.8947917222976685 0.004595588427037001 0.0020833334419876337
0.0 0.32444852590560913 0.3057291805744171 0.0018382353009656072 0.0031250002793967724
0.0 0.32628676295280457 0.7265625596046448 0.0018382353009656072 0.0031250002793967724
0.0 0.45909926295280457 0.05364583432674408 0.0027573530096560717 0.0031250002793967724
0.0 0.2977941334247589 0.4776041805744171 0.005514706019312143 0.0052083334885537624
0.0 0.0726102963089943 0.7364583611488342 0.0018382353009656072 0.0020833334419876337
0.0 0.9935661554336548 0.2848958373069763 0.0018382353009656072 0.0031250002793967724
0.0 0.19669117033481598 0.15468750894069672 0.0018382353009656072 0.0031250002793967724
0.0 0.8570771813392639 0.8057292103767395 0.0027573530096560717 0.0052083334885537624
0.0 0.9641544222831726 0.8541666865348816 0.0036764706019312143 0.004166666883975267
0.0 0.17784926295280457 0.7468750476837158 0.0027573530096560717 0.0020833334419876337
0.0 0.9025735259056091 0.18906250596046448 0.0018382353009656072 0.0031250002793967724
0.0 0.3727022111415863 0.8161458969116211 0.0027573530096560717 0.0052083334885537624
0.0 0.6070771813392639 0.36770835518836975 0.004595588427037001 0.004166666883975267
0.0 0.4430147111415863 0.7000000476837158 0.0018382353009656072 0.004166666883975267
0.0 0.14476102590560913 0.2744791805744171 0.0027573530096560717 0.0031250002793967724
0.0 0.3350183963775635 0.7505208849906921 0.0027573530096560717 0.0031250002793967724
0.0 0.12683823704719543 0.9223958849906921 0.0036764706019312143 0.0052083334885537624
0.0 0.11672794073820114 0.5708333849906921 0.0018382353009656072 0.004166666883975267
0.0 0.31525734066963196 0.30885419249534607 0.0018382353009656072 0.0031250002793967724
0.0 0.34558823704719543 0.5239583849906921 0.005514706019312143 0.004166666883975267
0.0 0.18152573704719543 0.7947916984558105 0.006433823611587286 0.010416666977107525
