0.0 0.5523896813392639 0.6864583492279053 0.0018382353009656072 0.0020833334419876337
0.0 0.09512867778539658 0.6276041865348816 0.0009191176504828036 0.0010416667209938169
0.0 0.8644301295280457 0.6744791865348816 0.0009191176504828036 0.0010416667209938169
0.0 0.5749080777168274 0.6505208611488342 0.0009191176504828036 0.0010416667209938169
0.0 0.8354779481887817 0.8723958730697632 0.0018382353009656072 0.0010416667209938169
0.0 0.927849292755127 0.9765625596046448 0.0009191176504828036 0.0031250002793967724
0.0 0.2545955777168274 0.5093750357627869 0.0018382353009656072 0.0020833334419876337
0.0 0.8405330777168274 0.6791666746139526 0.0009191176504828036 0.0020833334419876337
0.0 0.9710478186607361 0.92864590883255 0.0009191176504828036 0.0010416667209938169
0.0 0.5831801295280457 0.5692708492279053 0.0009191176504828036 0.0010416667209938169
0.0 0.9393382668495178 0.659375011920929 0.0018382353009656072 0.0020833334419876337
0.0 0.9186580777168274 0.7416667342185974 0.0009191176504828036 0.0020833334419876337
0.0 0.953125 0.9885417222976685 0.0018382353009656072 0.0020833334419876337
0.0 0.9802389740943909 0.2901041805744171 0.0009191176504828036 0.0010416667209938169
0.0 0.2587316334247589 0.9890625476837158 0.0009191176504828036 0.0031250002793967724
0.0 0.4774816334247589 0.6942708492279053 0.0009191176504828036 0.0010416667209938169
0.0 0.9397978186607361 0.9927083849906921 0.0009191176504828036 0.0020833334419876337
0.0 0.9108455777168274 0.6843750476837158 0.0036764706019312143 0.006250000558793545
0.0 0.2513786852359772 0.9791667461395264 0.004595588427037001 0.004166666883975267
0.0 0.9600183963775635 0.6135417222976685 0.0009191176504828036 0.0020833334419876337
0.0 0.8488051295280457 0.7182291746139526 0.0009191176504828036 0.0010416667209938169
0.0 0.1930147111415863 0.8437500596046448 0.0018382353009656072 0.0020833334419876337
0.0 0.9765625 0.6848958730697632 0.0009191176504828036 0.0010416667209938169
0.0 0.9416360259056091 0.7947916984558105 0.0009191176504828036 0.0020833334419876337
0.0 0.9581801295280457 0.5770833492279053 0.0009191176504828036 0.0020833334419876337
0.0 0.9623161554336548 0.99895840883255 0.0018382353009656072 0.0020833334419876337
0.0 0.6429228186607361 0.6276041865348816 0.0009191176504828036 0.0010416667209938169
0.0 0.4016544222831726 0.9354166984558105 0.0018382353009656072 0.0020833334419876337
0.0 0.8092830777168274 0.7260417342185974 0.0009191176504828036 0.0020833334419876337
0.0 0.8625919222831726 0.37968751788139343 0.0009191176504828036 0.0010416667209938169
0.0 0.04181985184550285 0.6848958730697632 0.0009191176504828036 0.0010416667209938169
0.0 0.9186580777168274 0.9812500476837158 0.0009191176504828036 0.0020833334419876337
0.0 0.9425551295280457 0.3375000059604645 0.0009191176504828036 0.0020833334419876337
0.0 0.8837316036224365 0.7776042222976685 0.0009191176504828036 0.0010416667209938169
0.0 0.6590073704719543 0.7973958849906921 0.0036764706019312143 0.00729166716337204
0.0 0.9076286554336548 0.6802083849906921 0.0009191176504828036 0.0020833334419876337
0.0 0.8515625 0.9312500357627869 0.0009191176504828036 0.0020833334419876337
0.0 0.8037683963775635 0.43020835518836975 0.0009191176504828036 0.0020833334419876337
0.0 0.7706801295280457 0.95989590883255 0.0009191176504828036 0.0010416667209938169
0.0 0.9241728186607361 0.5875000357627869 0.0009191176504828036 0.0020833334419876337
0.0 0.8782169222831726 0.9786458611488342 0.0027573530096560717 0.00729166716337204
0.0 0.9535845518112183 0.7463542222976685 0.0009191176504828036 0.0010416667209938169
0.0 0.9241728186607361 0.7979167103767395 0.0009191176504828036 0.0020833334419876337
0.0 0.8331801295280457 0.7463542222976685 0.0009191176504828036 0.0010416667209938169
0.0 0.6585478186607361 0.7979167103767395 0.006433823611587286 0.010416666977107525
0.0 0.6029411554336548 0.5406250357627869 0.0018382353009656072 0.0020833334419876337
0.0 0.8782169222831726 0.6380208730697632 0.0009191176504828036 0.0010416667209938169
0.0 0.6608455777168274 0.8802083730697632 0.0018382353009656072 0.0020833334419876337
0.0 0.8607536554336548 0.5651041865348816 0.0009191176504828036 0.0010416667209938169
0.0 0.8331801295280457 0.651562511920929 0.0009191176504828036 0.0010416667209938169
0.0 0.9407169222831726 0.7614583969116211 0.0009191176504828036 0.0020833334419876337
0.0 0.9370404481887817 0.9463542103767395 0.0009191176504828036 0.0031250002793967724
0.0 0.9237132668495178 0.9531250596046448 0.0018382353009656072 0.0020833334419876337
0.0 0.5776654481887817 0.5208333730697632 0.0009191176504828036 0.0020833334419876337
0.0 0.7173713445663452 0.9750000238418579 0.0009191176504828036 0.0020833334419876337
0.0 0.9154411554336548 0.9666666984558105 0.0018382353009656072 0.0020833334419876337
0.0 0.7987132668495178 0.8192708492279053 0.0018382353009656072 0.0010416667209938169
0.0 0.9802389740943909 0.93645840883255 0.0009191176504828036 0.0020833334419876337
0.0 0.8570771813392639 0.9437500238418579 0.0009191176504828036 0.0020833334419876337
0.0 0.8763786554336548 0.7072917222976685 0.0009191176504828036 0.0020833334419876337
0.0 0.9108455777168274 0.6859375238418579 0.0018382353009656072 0.0052083334885537624
0.0 0.9797794222831726 0.5026041865348816 0.0018382353009656072 0.0010416667209938169
0.0 0.8722426295280457 0.5661458373069763 0.0018382353009656072 0.0031250002793967724
0.0 0.4678308963775635 0.7229167222976685 0.0018382353009656072 0.0020833334419876337
0.0 0.7633271813392639 0.9083333611488342 0.0009191176504828036 0.0020833334419876337
0.0 0.7541360259056091 0.7744792103767395 0.0009191176504828036 0.0031250002793967724
0.0 0.2155330926179886 0.9192708730697632 0.0027573530096560717 0.0052083334885537624
0.0 0.24310661852359772 0.8760417103767395 0.0027573530096560717 0.006250000558793545
0.0 0.6640625 0.659375011920929 0.0027573530096560717 0.004166666883975267
0.0 0.5431985259056091 0.6052083373069763 0.005514706019312143 0.004166666883975267
0.0 0.5353860259056091 0.7364583611488342 0.010110294446349144 0.01458333432674408
0.0 0.6305146813392639 0.6921875476837158 0.005514706019312143 0.0052083334885537624
0.0 0.46047794818878174 0.21458333730697632 0.005514706019312143 0.010416666977107525
