0.0 0.8791360259056091 0.10104167461395264 0.0009191176504828036 0.0020833334419876337
0.0 0.6553308963775635 0.5088542103767395 0.0018382353009656072 0.0031250002793967724
0.0 0.6659007668495178 0.5046875476837158 0.0009191176504828036 0.0010416667209938169
0.0 0.3524816334247589 0.7640625238418579 0.0009191176504828036 0.0010416667209938169
0.0 0.6107536554336548 0.05677083507180214 0.0009191176504828036 0.0010416667209938169
0.0 0.7614889740943909 0.01250000111758709 0.0009191176504828036 0.0020833334419876337
0.0 0.30836397409439087 0.8468750715255737 0.0027573530096560717 0.0020833334419876337
0.0 0.3056066334247589 0.7984375357627869 0.0009191176504828036 0.0010416667209938169
0.0 0.5418198704719543 0.7166666984558105 0.0009191176504828036 0.0020833334419876337
0.0 0.2366727888584137 0.5 0.0027573530096560717 0.0020833334419876337
0.0 0.7725183963775635 0.2734375 0.0009191176504828036 0.0010416667209938169
0.0 0.7068014740943909 0.15052084624767303 0.0018382353009656072 0.0010416667209938169
0.0 0.1953125 0.8322917222976685 0.0009191176504828036 0.0020833334419876337
0.0 0.7706801295280457 0.2848958373069763 0.0009191176504828036 0.0010416667209938169
0.0 0.38694852590560913 0.9958333969116211 0.005514706019312143 0.0020833334419876337
0.0 0.6677389740943909 0.5567708611488342 0.0009191176504828036 0.0010416667209938169
0.0 0.5280330777168274 0.7286458611488342 0.0009191176504828036 0.0010416667209938169
0.0 0.017463235184550285 0.5979167222976685 0.029411764815449715 0.02500000223517418
0.0 0.4407169222831726 0.9588541984558105 0.0009191176504828036 0.0031250002793967724
0.0 0.6328125 0.6328125596046448 0.0009191176504828036 0.0010416667209938169
0.0 0.6052389740943909 0.5838541984558105 0.0009191176504828036 0.0010416667209938169
0.0 0.6741728186607361 0.41093751788139343 0.0009191176504828036 0.0010416667209938169
0.0 0.6318933963775635 0.20989584922790527 0.0009191176504828036 0.0010416667209938169
0.0 0.8910845518112183 0.0598958358168602 0.0009191176504828036 0.0010416667209938169
0.0 0.8625919222831726 0.9197916984558105 0.0009191176504828036 0.0020833334419876337
0.0 0.5923713445663452 0.6119791865348816 0.0009191176504828036 0.0010416667209938169
0.0 0.5726103186607361 0.3505208492279053 0.0018382353009656072 0.0010416667209938169
0.0 0.8956801295280457 0.8630208969116211 0.0009191176504828036 0.0010416667209938169
0.0 0.3874080777168274 0.9953125715255737 0.004595588427037001 0.0010416667209938169
0.0 0.584099292755127 0.6661458611488342 0.0009191176504828036 0.0010416667209938169
0.0 0.9664521813392639 0.7250000238418579 0.0009191176504828036 0.0020833334419876337
0.0 0.8276654481887817 0.6838542222976685 0.0009191176504828036 0.0031250002793967724
0.0 0.5551470518112183 0.4802083671092987 0.0018382353009656072 0.0020833334419876337
0.0 0.6511948704719543 0.5484375357627869 0.0009191176504828036 0.0010416667209938169
0.0 0.4007352888584137 0.49427086114883423 0.0018382353009656072 0.0010416667209938169
0.0 0.8478860259056091 0.6661458611488342 0.0009191176504828036 0.0010416667209938169
0.0 0.6158088445663452 0.483854204416275 0.0018382353009656072 0.0010416667209938169
0.0 0.4030330777168274 0.7250000238418579 0.0009191176504828036 0.0020833334419876337
0.0 0.9949448704719543 0.7604166865348816 0.0009191176504828036 0.0020833334419876337
0.0 0.13005514442920685 0.9453125596046448 0.0009191176504828036 0.0031250002793967724
0.0 0.6282169222831726 0.5286458730697632 0.0009191176504828036 0.0010416667209938169
0.0 0.9545036554336548 0.14687500894069672 0.0009191176504828036 0.0020833334419876337
0.0 0.7771139740943909 0.2578125 0.0009191176504828036 0.0010416667209938169
0.0 0.8060661554336548 0.18645834922790527 0.0018382353009656072 0.0020833334419876337
0.0 0.662224292755127 0.5432292222976685 0.0009191176504828036 0.0010416667209938169
0.0 0.6511948704719543 0.29114586114883423 0.0009191176504828036 0.0010416667209938169
0.0 0.771599292755127 0.6666666865348816 0.0009191176504828036 0.0020833334419876337
0.0 0.6695771813392639 0.3369791805744171 0.0009191176504828036 0.0010416667209938169
0.0 0.7127757668495178 0.3593750298023224 0.0009191176504828036 0.0020833334419876337
0.0 0.43704044818878174 0.8916667103767395 0.0009191176504828036 0.0020833334419876337
0.0 0.8855698704719543 0.7380208969116211 0.0009191176504828036 0.0031250002793967724
0.0 0.7127757668495178 0.8526042103767395 0.0009191176504828036 0.0031250002793967724
0.0 0.0992647036910057 0.6937500238418579 0.0018382353009656072 0.0020833334419876337
0.0 0.6272978186607361 0.6677083969116211 0.0009191176504828036 0.0020833334419876337
0.0 0.46277573704719543 0.7796875238418579 0.0009191176504828036 0.0010416667209938169
0.0 0.6254595518112183 0.36250001192092896 0.0009191176504828036 0.0020833334419876337
0.0 0.8046875 0.90520840883255 0.0009191176504828036 0.0020833334419876337
0.0 0.4342830777168274 0.9270833730697632 0.0027573530096560717 0.004166666883975267
0.0 0.5712316036224365 0.24322918057441711 0.0009191176504828036 0.0010416667209938169
0.0 0.5491728186607361 0.6942708492279053 0.0009191176504828036 0.0010416667209938169
0.0 0.46369484066963196 0.5442708730697632 0.0009191176504828036 0.0010416667209938169
0.0 0.5735294222831726 0.6562500596046448 0.0018382353009656072 0.0020833334419876337
0.0 0.6282169222831726 0.6005208492279053 0.0009191176504828036 0.0010416667209938169
0.0 0.6438419222831726 0.23593750596046448 0.0009191176504828036 0.0010416667209938169
0.0 0.8432904481887817 0.13697917759418488 0.0009191176504828036 0.0010416667209938169
0.0 0.6144301295280457 0.5328125357627869 0.0009191176504828036 0.0010416667209938169
0.0 0.5969669222831726 0.6562500596046448 0.0009191176504828036 0.0020833334419876337
0.0 0.13005514442920685 0.6020833849906921 0.0009191176504828036 0.0020833334419876337
0.0 0.7624080777168274 0.8906250596046448 0.0027573530096560717 0.0020833334419876337
0.0 0.6015625 0.5838541984558105 0.0009191176504828036 0.0010416667209938169
0.0 0.5602021813392639 0.47083336114883423 0.0009191176504828036 0.0020833334419876337
0.0 0.7228860259056091 0.2984375059604645 0.0009191176504828036 0.0031250002793967724
0.0 0.7881433963775635 0.8114583492279053 0.0009191176504828036 0.0020833334419876337
0.0 0.9453125 0.8697916865348816 0.0009191176504828036 0.0020833334419876337
0.0 0.5197610259056091 0.4598958492279053 0.0009191176504828036 0.0010416667209938169
0.0 0.4388786852359772 0.4609375298023224 0.0009191176504828036 0.0031250002793967724
0.0 0.8699448704719543 0.09322917461395264 0.0009191176504828036 0.0010416667209938169
0.0 0.8772978186607361 0.14635416865348816 0.0009191176504828036 0.0010416667209938169
0.0 0.6571691036224365 0.44843751192092896 0.0018382353009656072 0.0010416667209938169
0.0 0.8630514740943909 0.13437500596046448 0.0018382353009656072 0.0020833334419876337
0.0 0.6254595518112183 0.5682291984558105 0.0009191176504828036 0.0010416667209938169
0.0 0.5795036554336548 0.4583333432674408 0.0009191176504828036 0.0020833334419876337
0.0 0.5041360259056091 0.6213542222976685 0.0009191176504828036 0.0031250002793967724
0.0 0.6144301295280457 0.6494792103767395 0.0009191176504828036 0.0010416667209938169
0.0 0.4829963147640228 0.5052083730697632 0.0009191176504828036 0.0020833334419876337
0.0 0.2389705926179886 0.5020833611488342 0.007352941203862429 0.010416666977107525
0.0 0.599724292755127 0.698437511920929 0.0009191176504828036 0.0010416667209938169
0.0 0.5868566036224365 0.6036458611488342 0.0009191176504828036 0.0010416667209938169
0.0 0.5804228186607361 0.5953125357627869 0.0009191176504828036 0.0010416667209938169
0.0 0.9728860259056091 0.7166666984558105 0.0009191176504828036 0.0020833334419876337
0.0 0.7155330777168274 0.44947919249534607 0.0009191176504828036 0.0010416667209938169
0.0 0.5151654481887817 0.9817708730697632 0.0009191176504828036 0.0010416667209938169
0.0 0.5436580777168274 0.6453125476837158 0.0009191176504828036 0.0010416667209938169
0.0 0.7660845518112183 0.3661458492279053 0.0027573530096560717 0.0010416667209938169
0.0 0.7798713445663452 0.7838541865348816 0.0009191176504828036 0.0010416667209938169
0.0 0.1429227888584137 0.4010416865348816 0.0009191176504828036 0.0020833334419876337
0.0 0.18795956671237946 0.8598958849906921 0.0009191176504828036 0.0010416667209938169
0.0 0.5068933963775635 0.11093750596046448 0.0009191176504828036 0.0010416667209938169
0.0 0.5510110259056091 0.6432291865348816 0.0009191176504828036 0.0010416667209938169
0.0 0.3648897111415863 0.27760419249534607 0.0018382353009656072 0.0031250002793967724
0.0 0.7954963445663452 0.23489584028720856 0.0009191176504828036 0.0010416667209938169
0.0 0.7835478186607361 0.1614583432674408 0.0027573530096560717 0.004166666883975267
0.0 0.15487132966518402 0.760937511920929 0.0009191176504828036 0.0010416667209938169
0.0 0.4829963147640228 0.7395833730697632 0.0009191176504828036 0.0020833334419876337
0.0 0.49034926295280457 0.9083333611488342 0.0009191176504828036 0.0020833334419876337
0.0 0.1750919073820114 0.46927085518836975 0.0009191176504828036 0.0010416667209938169
0.0 0.49954044818878174 0.7890625596046448 0.0009191176504828036 0.0010416667209938169
0.0 0.5510110259056091 0.6588541865348816 0.0027573530096560717 0.0052083334885537624
0.0 0.3837316334247589 0.5718750357627869 0.0009191176504828036 0.0020833334419876337
0.0 0.7017463445663452 0.10625000298023224 0.0009191176504828036 0.0020833334419876337
0.0 0.1438419073820114 0.4531250298023224 0.0009191176504828036 0.0020833334419876337
0.0 0.5868566036224365 0.6104167103767395 0.0027573530096560717 0.004166666883975267
0.0 0.576286792755127 0.30156251788139343 0.0018382353009656072 0.0010416667209938169
0.0 0.6346507668495178 0.0625 0.0009191176504828036 0.0020833334419876337
0.0 0.7527573704719543 0.2213541716337204 0.0018382353009656072 0.0010416667209938169
0.0 0.39476102590560913 0.49531251192092896 0.0009191176504828036 0.0010416667209938169
0.0 0.29963234066963196 0.5125000476837158 0.0018382353009656072 0.0020833334419876337
0.0 0.6792279481887817 0.5562500357627869 0.0018382353009656072 0.0020833334419876337
0.0 0.8295036554336548 0.620312511920929 0.0009191176504828036 0.0031250002793967724
0.0 0.6318933963775635 0.3307291865348816 0.0009191176504828036 0.0010416667209938169
0.0 0.7614889740943909 0.23489584028720856 0.0009191176504828036 0.0010416667209938169
0.0 0.9430146813392639 0.9067708849906921 0.0018382353009656072 0.0010416667209938169
0.0 0.6479779481887817 0.5317708849906921 0.0018382353009656072 0.0031250002793967724
0.0 0.44577205181121826 0.2109375149011612 0.0018382353009656072 0.0010416667209938169
0.0 0.28079044818878174 0.6614583730697632 0.0009191176504828036 0.0020833334419876337
0.0 0.7146139740943909 0.42500001192092896 0.0009191176504828036 0.0020833334419876337
0.0 0.5289521813392639 0.4609375298023224 0.0009191176504828036 0.0010416667209938169
0.0 0.5344669222831726 0.6526042222976685 0.0009191176504828036 0.0010416667209938169
0.0 0.8556985259056091 0.3895833492279053 0.0018382353009656072 0.0020833334419876337
0.0 0.2467830926179886 0.5880208611488342 0.0009191176504828036 0.0010416667209938169
0.0 0.6410845518112183 0.589062511920929 0.0009191176504828036 0.0031250002793967724
0.0 0.7127757668495178 0.21666668355464935 0.0009191176504828036 0.0020833334419876337
0.0 0.7375919222831726 0.8458333611488342 0.0009191176504828036 0.0020833334419876337
0.0 0.4921875 0.9666666984558105 0.0009191176504828036 0.0020833334419876337
0.0 0.6456801295280457 0.4661458432674408 0.0009191176504828036 0.0031250002793967724
0.0 0.8892463445663452 0.7192708849906921 0.0009191176504828036 0.0010416667209938169
0.0 0.6613051295280457 0.3932291865348816 0.0009191176504828036 0.0010416667209938169
0.0 0.7219669222831726 0.3515625298023224 0.0009191176504828036 0.0010416667209938169
0.0 0.6291360259056091 0.5427083373069763 0.0009191176504828036 0.0020833334419876337
0.0 0.5813419222831726 0.6880208849906921 0.0009191176504828036 0.0010416667209938169
0.0 0.1484375 0.7151042222976685 0.0027573530096560717 0.0031250002793967724
0.0 0.7748161554336548 0.8328125476837158 0.0018382353009656072 0.0031250002793967724
0.0 0.3671875 0.5630208849906921 0.0009191176504828036 0.0031250002793967724
0.0 0.9894301295280457 0.7427083849906921 0.0009191176504828036 0.0020833334419876337
0.0 0.8993566036224365 0.5645833611488342 0.0009191176504828036 0.0020833334419876337
0.0 0.36902573704719543 0.20468750596046448 0.0009191176504828036 0.0031250002793967724
0.0 0.6613051295280457 0.31197917461395264 0.0009191176504828036 0.0010416667209938169
0.0 0.9425551295280457 0.5885416865348816 0.0009191176504828036 0.0020833334419876337
0.0 0.7766544222831726 0.2291666716337204 0.0018382353009656072 0.0020833334419876337
0.0 0.5170036554336548 0.5119792222976685 0.0009191176504828036 0.0010416667209938169
0.0 0.5560661554336548 0.30677086114883423 0.0018382353009656072 0.0010416667209938169
0.0 0.31663602590560913 0.5848958492279053 0.0009191176504828036 0.0010416667209938169
0.0 0.6323529481887817 0.33125001192092896 0.0018382353009656072 0.0020833334419876337
0.0 0.6158088445663452 0.2562500238418579 0.0018382353009656072 0.0020833334419876337
0.0 0.9030330777168274 0.7848958969116211 0.0009191176504828036 0.0010416667209938169
0.0 0.34191176295280457 0.3552083373069763 0.0018382353009656072 0.0020833334419876337
0.0 0.7541360259056091 0.6453125476837158 0.0009191176504828036 0.0010416667209938169
0.0 0.6130514740943909 0.07656250149011612 0.0018382353009656072 0.0031250002793967724
0.0 0.18612132966518402 0.5859375596046448 0.0009191176504828036 0.0010416667209938169
0.0 0.7789521813392639 0.6406250596046448 0.0009191176504828036 0.0020833334419876337
0.0 0.8000919222831726 0.8270833492279053 0.0009191176504828036 0.0020833334419876337
0.0 0.6815257668495178 0.4140625298023224 0.0009191176504828036 0.0010416667209938169
0.0 0.6567095518112183 0.3661458492279053 0.0009191176504828036 0.0010416667209938169
0.0 0.4600183963775635 0.7432292103767395 0.0009191176504828036 0.0010416667209938169
0.0 0.45358455181121826 0.9968750476837158 0.0027573530096560717 0.0020833334419876337
0.0 0.8400735259056091 0.3531250059604645 0.0018382353009656072 0.0020833334419876337
0.0 0.18887867033481598 0.6140625476837158 0.0009191176504828036 0.0010416667209938169
0.0 0.37913602590560913 0.18906250596046448 0.0009191176504828036 0.0031250002793967724
0.0 0.5615808963775635 0.7015625238418579 0.0018382353009656072 0.0031250002793967724
0.0 0.4149816334247589 0.7104166746139526 0.0009191176504828036 0.0020833334419876337
0.0 0.49954044818878174 0.3583333492279053 0.0009191176504828036 0.0020833334419876337
0.0 0.45680147409439087 0.6567708849906921 0.0018382353009656072 0.0010416667209938169
0.0 0.7835478186607361 0.9078125357627869 0.0009191176504828036 0.0031250002793967724
0.0 0.6741728186607361 0.491666704416275 0.0009191176504828036 0.0020833334419876337
0.0 0.5795036554336548 0.5895833373069763 0.0009191176504828036 0.0020833334419876337
0.0 0.5914521813392639 0.5770833492279053 0.0009191176504828036 0.0020833334419876337
0.0 0.1796875 0.5776041746139526 0.0009191176504828036 0.0010416667209938169
0.0 0.014705882407724857 0.7473958730697632 0.0036764706019312143 0.0031250002793967724
0.0 0.32215073704719543 0.41562503576278687 0.0027573530096560717 0.0020833334419876337
0.0 0.6190257668495178 0.5947917103767395 0.0009191176504828036 0.0020833334419876337
0.0 0.2835477888584137 0.6270833611488342 0.0009191176504828036 0.0020833334419876337
0.0 0.7003676295280457 0.5473958849906921 0.0018382353009656072 0.0031250002793967724
0.0 0.14981617033481598 0.42760419845581055 0.0018382353009656072 0.0031250002793967724
0.0 0.45680147409439087 0.7114583849906921 0.0018382353009656072 0.0020833334419876337
0.0 0.5418198704719543 0.30104169249534607 0.0009191176504828036 0.0020833334419876337
0.0 0.2766544222831726 0.5166667103767395 0.0018382353009656072 0.0020833334419876337
0.0 0.14981617033481598 0.7302083969116211 0.0018382353009656072 0.0020833334419876337
0.0 0.8318014740943909 0.21718750894069672 0.0018382353009656072 0.0010416667209938169
0.0 0.7026654481887817 0.9406250715255737 0.0009191176504828036 0.0020833334419876337
0.0 0.5744485259056091 0.5875000357627869 0.0018382353009656072 0.0020833334419876337
0.0 0.16819852590560913 0.4593750238418579 0.0018382353009656072 0.004166666883975267
0.0 0.2311580926179886 0.5791667103767395 0.0009191176504828036 0.0020833334419876337
0.0 0.5234375 0.8921875357627869 0.0009191176504828036 0.0010416667209938169
0.0 0.4342830777168274 0.8729166984558105 0.0009191176504828036 0.0020833334419876337
0.0 0.052389707416296005 0.7020833492279053 0.0018382353009656072 0.0020833334419876337
0.0 0.7748161554336548 0.6817708611488342 0.0036764706019312143 0.0031250002793967724
0.0 0.43474265933036804 0.9848958849906921 0.0018382353009656072 0.0052083334885537624
0.0 0.2679227888584137 0.7520833611488342 0.0009191176504828036 0.0020833334419876337
0.0 0.9526654481887817 0.9015625715255737 0.0009191176504828036 0.0031250002793967724
0.0 0.8621323704719543 0.729687511920929 0.0018382353009656072 0.0010416667209938169
0.0 0.5491728186607361 0.9958333969116211 0.0009191176504828036 0.0020833334419876337
0.0 0.4517463147640228 0.9416667222976685 0.0009191176504828036 0.0020833334419876337
0.0 0.9572610259056091 0.6656250357627869 0.0009191176504828036 0.0020833334419876337
0.0 0.4829963147640228 0.8463541865348816 0.0009191176504828036 0.0031250002793967724
0.0 0.3929227888584137 0.7692708969116211 0.0027573530096560717 0.0031250002793967724
0.0 0.5556066036224365 0.8604167103767395 0.0009191176504828036 0.0020833334419876337
0.0 0.5124080777168274 0.8531250357627869 0.0009191176504828036 0.0020833334419876337
0.0 0.48391544818878174 0.9239583611488342 0.0009191176504828036 0.0020833334419876337
0.0 0.3391544222831726 0.7427083849906921 0.0018382353009656072 0.0020833334419876337
0.0 0.49586397409439087 0.8072916865348816 0.0009191176504828036 0.0020833334419876337
0.0 0.2545955777168274 0.43385419249534607 0.0018382353009656072 0.0031250002793967724
0.0 0.873161792755127 0.6583333611488342 0.0018382353009656072 0.004166666883975267
0.0 0.20909926295280457 0.6833333969116211 0.0009191176504828036 0.0020833334419876337
0.0 0.23529411852359772 0.5333333611488342 0.0018382353009656072 0.0020833334419876337
0.0 0.31295955181121826 0.5989583730697632 0.0009191176504828036 0.0020833334419876337
0.0 0.6943933963775635 0.4020833671092987 0.0009191176504828036 0.0020833334419876337
0.0 0.5923713445663452 0.5989583730697632 0.0009191176504828036 0.0020833334419876337
0.0 0.5266544222831726 0.7802083492279053 0.0018382353009656072 0.0020833334419876337
0.0 0.40349265933036804 0.9984375238418579 0.0018382353009656072 0.0031250002793967724
0.0 0.6135110259056091 0.07760416716337204 0.0027573530096560717 0.0031250002793967724
0.0 0.25735294818878174 0.5145833492279053 0.0018382353009656072 0.0020833334419876337
0.0 0.21875 0.7114583849906921 0.0018382353009656072 0.0020833334419876337
0.0 0.4149816334247589 0.7958333492279053 0.0009191176504828036 0.0020833334419876337
0.0 0.5105698704719543 0.9166666865348816 0.0009191176504828036 0.0020833334419876337
0.0 0.9751838445663452 0.2744791805744171 0.0036764706019312143 0.0031250002793967724
0.0 0.6484375 0.5328125357627869 0.0027573530096560717 0.0031250002793967724
0.0 0.484375 0.6588541865348816 0.0018382353009656072 0.0031250002793967724
0.0 0.5445771813392639 0.05312500149011612 0.0027573530096560717 0.0020833334419876337
0.0 0.7568933963775635 0.2666666805744171 0.0027573530096560717 0.004166666883975267
0.0 0.662224292755127 0.5880208611488342 0.0027573530096560717 0.0031250002793967724
0.0 0.609375 0.6130208373069763 0.0018382353009656072 0.0031250002793967724
0.0 0.6314338445663452 0.5677083730697632 0.0018382353009656072 0.0020833334419876337
0.0 0.7665441036224365 0.4677083492279053 0.0018382353009656072 0.0020833334419876337
0.0 0.48943015933036804 0.8500000238418579 0.0009191176504828036 0.0020833334419876337
0.0 0.9338235259056091 0.37552085518836975 0.0036764706019312143 0.0031250002793967724
0.0 0.24816176295280457 0.5416666865348816 0.0018382353009656072 0.0020833334419876337
0.0 0.15027573704719543 0.32760417461395264 0.0027573530096560717 0.0031250002793967724
0.0 0.328125 0.8692708611488342 0.005514706019312143 0.01145833358168602
0.0 0.42371323704719543 0.46927085518836975 0.0018382353009656072 0.0031250002793967724
0.0 0.5491728186607361 0.10989584028720856 0.006433823611587286 0.00729166716337204
0.0 0.5174632668495178 0.9000000357627869 0.0018382353009656072 0.004166666883975267
0.0 0.5464154481887817 0.9057292342185974 0.0027573530096560717 0.0052083334885537624
0.0 0.3405330777168274 0.2916666865348816 0.006433823611587286 0.006250000558793545
