0 0.249540 0.442188 0.000919 0.001042
0 0.568474 0.816667 0.000919 0.002083
0 0.021140 0.709375 0.003676 0.002083
0 0.574449 0.670313 0.001838 0.001042
0 0.636489 0.517188 0.000919 0.001042
0 0.353401 0.681771 0.000919 0.001042
0 0.754136 0.226563 0.000919 0.001042
0 0.069393 0.523958 0.000919 0.002083
0 0.861213 0.835938 0.001838 0.001042
0 0.892004 0.932292 0.000919 0.002083
0 0.967831 0.817708 0.001838 0.002083
0 0.204504 0.439583 0.002757 0.002083
0 0.176930 0.853646 0.000919 0.001042
0 0.429688 0.459896 0.000919 0.001042
0 0.781710 0.315625 0.000919 0.002083
0 0.525276 0.560938 0.000919 0.001042
0 0.806985 0.257812 0.001838 0.001042
0 0.553768 0.677604 0.000919 0.001042
0 0.051930 0.243229 0.000919 0.001042
0 0.791360 0.731250 0.001838 0.002083
0 0.872702 0.174479 0.000919 0.001042
0 0.705423 0.379167 0.000919 0.002083
0 0.520221 0.773438 0.001838 0.005208
0 0.704504 0.441146 0.000919 0.001042
0 0.549173 0.813542 0.000919 0.002083
0 0.727482 0.364063 0.002757 0.003125
0 0.792739 0.128125 0.000919 0.002083
0 0.259191 0.982813 0.001838 0.001042
0 0.538143 0.567188 0.000919 0.001042
0 0.800092 0.226563 0.000919 0.001042
0 0.622702 0.678646 0.000919 0.001042
0 0.248621 0.746354 0.000919 0.001042
0 0.732077 0.345833 0.000919 0.002083
0 0.759651 0.308854 0.000919 0.001042
0 0.693474 0.832292 0.000919 0.002083
0 0.645680 0.719792 0.000919 0.002083
0 0.654871 0.504688 0.000919 0.001042
0 0.949908 0.225000 0.000919 0.002083
0 0.573070 0.681771 0.000919 0.001042
0 0.348346 0.366667 0.001838 0.002083
0 0.748621 0.905729 0.000919 0.001042
0 0.507353 0.859896 0.001838 0.001042
0 0.764246 0.308854 0.000919 0.001042
0 0.210018 0.618229 0.008272 0.009375
0 0.729320 0.360417 0.000919 0.002083
0 0.508732 0.836458 0.000919 0.002083
0 0.772059 0.239063 0.001838 0.003125
0 0.635570 0.461979 0.000919 0.001042
0 0.095129 0.730208 0.000919 0.002083
0 0.415901 0.653646 0.000919 0.001042
0 0.948529 0.401042 0.001838 0.002083
0 0.713695 0.461979 0.000919 0.001042
0 0.130974 0.676042 0.000919 0.002083
0 0.529412 0.819792 0.001838 0.002083
0 0.178309 0.880729 0.001838 0.001042
0 0.375000 0.597396 0.001838 0.001042
0 0.651654 0.736979 0.001838 0.001042
0 0.589614 0.636979 0.000919 0.001042
0 0.716452 0.902083 0.000919 0.002083
0 0.861673 0.994792 0.000919 0.002083
0 0.130974 0.444271 0.000919 0.001042
0 0.990349 0.946875 0.000919 0.002083
0 0.154412 0.869271 0.001838 0.001042
0 0.482077 0.446875 0.000919 0.002083
0 0.812960 0.628125 0.000919 0.002083
0 0.841452 0.041146 0.000919 0.001042
0 0.840533 0.376563 0.000919 0.001042
0 0.573070 0.461979 0.000919 0.001042
0 0.490349 0.607813 0.000919 0.001042
0 0.820312 0.975521 0.000919 0.001042
0 0.832261 0.275521 0.000919 0.001042
0 0.915441 0.031250 0.001838 0.002083
0 0.355239 0.901042 0.002757 0.002083
0 0.800092 0.167188 0.000919 0.001042
0 0.624540 0.561979 0.000919 0.001042
0 0.605239 0.647396 0.000919 0.001042
0 0.773438 0.285938 0.000919 0.001042
0 0.844210 0.340104 0.000919 0.001042
0 0.842371 0.783854 0.000919 0.001042
0 0.801011 0.272396 0.000919 0.001042
0 0.458180 0.606771 0.000919 0.003125
0 0.150276 0.976042 0.000919 0.002083
0 0.153952 0.739583 0.000919 0.002083
0 0.337776 0.674479 0.000919 0.003125
0 0.576746 0.677604 0.000919 0.001042
0 0.342371 0.560938 0.000919 0.001042
0 0.558364 0.734896 0.000919 0.001042
0 0.749540 0.457292 0.002757 0.002083
0 0.492188 0.614063 0.000919 0.001042
0 0.560202 0.719792 0.004596 0.004167
0 0.520680 0.645833 0.000919 0.002083
0 0.606158 0.448958 0.000919 0.002083
0 0.100643 0.678646 0.000919 0.001042
0 0.168658 0.459896 0.000919 0.001042
0 0.643842 0.661979 0.000919 0.001042
0 0.264706 0.984375 0.003676 0.002083
0 0.754596 0.085938 0.001838 0.001042
0 0.760570 0.697917 0.000919 0.002083
0 0.301011 0.869792 0.000919 0.002083
0 0.024357 0.652604 0.000919 0.001042
0 0.654871 0.510417 0.000919 0.002083
0 0.956342 0.768229 0.000919 0.001042
0 0.632812 0.609375 0.000919 0.002083
0 0.473805 0.989063 0.000919 0.001042
0 0.884651 0.115104 0.000919 0.001042
0 0.625460 0.554167 0.000919 0.002083
0 0.821232 0.778646 0.000919 0.001042
0 0.632812 0.586458 0.000919 0.002083
0 0.662224 0.508333 0.000919 0.002083
0 0.199449 0.700521 0.001838 0.001042
0 0.924173 0.297396 0.000919 0.001042
0 0.457261 0.938542 0.000919 0.002083
0 0.864430 0.166667 0.000919 0.002083
0 0.233915 0.775521 0.000919 0.001042
0 0.245864 0.784896 0.000919 0.001042
0 0.695312 0.447396 0.000919 0.001042
0 0.214614 0.708854 0.000919 0.001042
0 0.627298 0.653646 0.000919 0.001042
0 0.703585 0.972917 0.000919 0.002083
0 0.770680 0.891146 0.000919 0.001042
0 0.423254 0.866667 0.000919 0.002083
0 0.642004 0.485417 0.000919 0.002083
0 0.695312 0.544271 0.000919 0.001042
0 0.474724 0.733333 0.000919 0.002083
0 0.741268 0.205729 0.000919 0.001042
0 0.033548 0.651042 0.000919 0.002083
0 0.643842 0.604688 0.000919 0.001042
0 0.567096 0.805729 0.001838 0.001042
0 0.745864 0.461979 0.000919 0.001042
0 0.755974 0.369271 0.000919 0.001042
0 0.838695 0.483333 0.000919 0.002083
0 0.309743 0.976042 0.001838 0.002083
0 0.214614 0.581771 0.000919 0.001042
0 0.126379 0.430729 0.002757 0.005208
0 0.443015 0.983333 0.001838 0.002083
0 0.714614 0.291146 0.000919 0.001042
0 0.804228 0.727604 0.001838 0.003125
0 0.518382 0.995833 0.001838 0.002083
0 0.415901 0.560417 0.000919 0.004167
0 0.794577 0.231771 0.000919 0.001042
0 0.630055 0.314063 0.000919 0.001042
0 0.146599 0.701563 0.000919 0.001042
0 0.795496 0.294271 0.000919 0.001042
0 0.606618 0.673958 0.001838 0.002083
0 0.695312 0.520313 0.000919 0.001042
0 0.461857 0.917188 0.000919 0.001042
0 0.593290 0.581771 0.000919 0.001042
0 0.094669 0.756771 0.001838 0.003125
0 0.857077 0.855208 0.000919 0.002083
0 0.883732 0.985417 0.000919 0.002083
0 0.678309 0.980729 0.001838 0.001042
0 0.747702 0.316667 0.000919 0.002083
0 0.449449 0.986979 0.001838 0.003125
0 0.960018 0.132812 0.000919 0.001042
0 0.739890 0.301042 0.001838 0.002083
0 0.421415 0.832813 0.000919 0.001042
0 0.710018 0.934375 0.000919 0.002083
0 0.202665 0.475521 0.002757 0.003125
0 0.919577 0.695313 0.000919 0.001042
0 0.227482 0.884375 0.000919 0.002083
0 0.280790 0.715625 0.000919 0.002083
0 0.943474 0.832813 0.000919 0.001042
0 0.118107 0.511979 0.000919 0.001042
0 0.142923 0.976042 0.000919 0.002083
0 0.638327 0.454167 0.000919 0.002083
0 0.625000 0.135417 0.001838 0.002083
0 0.814798 0.342188 0.000919 0.001042
0 0.171415 0.813542 0.000919 0.002083
0 0.368107 0.597917 0.000919 0.002083
0 0.554688 0.436458 0.000919 0.002083
0 0.755974 0.935938 0.000919 0.001042
0 0.440717 0.986458 0.000919 0.002083
0 0.565717 0.683333 0.000919 0.002083
0 0.603401 0.151042 0.002757 0.002083
0 0.854320 0.211458 0.000919 0.002083
0 0.823070 0.238021 0.000919 0.001042
0 0.566176 0.707292 0.001838 0.002083
0 0.397518 0.880208 0.000919 0.002083
0 0.583180 0.720313 0.002757 0.003125
0 0.606158 0.741146 0.000919 0.001042
0 0.636489 0.543750 0.000919 0.002083
0 0.959099 0.862500 0.000919 0.002083
0 0.655790 0.659896 0.002757 0.003125
0 0.553768 0.703646 0.000919 0.001042
0 0.826746 0.701563 0.000919 0.001042
0 0.807904 0.708854 0.001838 0.001042
0 0.375919 0.924479 0.001838 0.003125
0 0.140625 0.575000 0.001838 0.006250
0 0.152574 0.710417 0.001838 0.002083
0 0.534467 0.126042 0.002757 0.002083
0 0.567555 0.543750 0.000919 0.002083
0 0.548713 0.695313 0.001838 0.001042
0 0.539522 0.389063 0.001838 0.001042
0 0.221967 0.461458 0.002757 0.002083
0 0.877757 0.668750 0.001838 0.002083
0 0.543658 0.770833 0.000919 0.002083
0 0.532629 0.576563 0.000919 0.001042
0 0.753217 0.750000 0.000919 0.002083
0 0.354779 0.290625 0.001838 0.002083
0 0.249081 0.630729 0.001838 0.001042
0 0.985754 0.885417 0.002757 0.002083
0 0.593750 0.701042 0.001838 0.002083
0 0.503217 0.795833 0.000919 0.004167
0 0.490349 0.881771 0.002757 0.003125
0 0.984375 0.741146 0.001838 0.001042
0 0.871783 0.906250 0.000919 0.002083
0 0.931526 0.777083 0.000919 0.002083
0 0.602022 0.334375 0.001838 0.002083
0 0.219210 0.658333 0.000919 0.002083
0 0.219210 0.451042 0.002757 0.002083
0 0.652574 0.589583 0.001838 0.002083
0 0.366268 0.273438 0.000919 0.003125
0 0.490809 0.905729 0.001838 0.003125
0 0.525276 0.383854 0.000919 0.001042
0 0.583180 0.720833 0.000919 0.002083
0 0.794577 0.266146 0.000919 0.001042
0 0.824908 0.444271 0.000919 0.001042
0 0.848805 0.604167 0.000919 0.002083
0 0.421875 0.833333 0.001838 0.002083
0 0.123621 0.539583 0.002757 0.002083
0 0.819393 0.298958 0.000919 0.002083
0 0.285386 0.701042 0.000919 0.002083
0 0.833640 0.845833 0.001838 0.002083
0 0.424632 0.772917 0.001838 0.002083
0 0.229320 0.628125 0.000919 0.002083
0 0.272518 0.623958 0.000919 0.002083
0 0.527114 0.728125 0.000919 0.002083
0 0.010570 0.842188 0.002757 0.003125
0 0.058824 0.832813 0.001838 0.003125
0 0.741268 0.959375 0.000919 0.002083
0 0.179688 0.844271 0.002757 0.003125
0 0.747243 0.565104 0.001838 0.003125
0 0.322610 0.450000 0.001838 0.002083
0 0.206801 0.649479 0.001838 0.003125
0 0.298713 0.517708 0.001838 0.002083
0 0.741728 0.350521 0.001838 0.003125
0 0.677390 0.650521 0.001838 0.003125
0 0.452665 0.773958 0.002757 0.004167
0 0.231158 0.541146 0.000919 0.003125
0 0.399816 0.570312 0.001838 0.003125
0 0.636949 0.694271 0.001838 0.003125
0 0.675092 0.495313 0.000919 0.003125
0 0.624540 0.634896 0.002757 0.003125
0 0.965993 0.363542 0.003676 0.004167
0 0.539062 0.182292 0.006434 0.006250
0 0.919577 0.467708 0.002757 0.004167
0 0.324449 0.382813 0.007353 0.007292
