0.0 0.7017463445663452 0.18072918057441711 0.0009191176504828036 0.0010416667209938169
0.0 0.5032169222831726 0.7447916865348816 0.0009191176504828036 0.0020833334419876337
0.0 0.5096507668495178 0.6317708492279053 0.0009191176504828036 0.0010416667209938169
0.0 0.7293198704719543 0.18072918057441711 0.0009191176504828036 0.0010416667209938169
0.0 0.5068933963775635 0.6947916746139526 0.0009191176504828036 0.0020833334419876337
0.0 0.6061580777168274 0.9255208969116211 0.0009191176504828036 0.0010416667209938169
0.0 0.44347426295280457 0.5994791984558105 0.0009191176504828036 0.0010416667209938169
0.0 0.2063419073820114 0.5640625357627869 0.0009191176504828036 0.0010416667209938169
0.0 0.3795955777168274 0.9239583611488342 0.0018382353009656072 0.006250000558793545
0.0 0.38648897409439087 0.5807291865348816 0.0009191176504828036 0.0010416667209938169
0.0 0.08318014442920685 0.9453125596046448 0.0009191176504828036 0.0010416667209938169
0.0 0.2835477888584137 0.4895833730697632 0.0009191176504828036 0.0020833334419876337
0.0 0.7045036554336548 0.3843750059604645 0.0009191176504828036 0.0020833334419876337
0.0 0.5850183963775635 0.41718751192092896 0.0009191176504828036 0.0010416667209938169
0.0 0.6861213445663452 0.29322919249534607 0.0009191176504828036 0.0010416667209938169
0.0 0.38097426295280457 0.9380208849906921 0.0009191176504828036 0.0010416667209938169
0.0 0.7081801295280457 0.43541669845581055 0.0009191176504828036 0.0020833334419876337
0.0 0.4765625 0.48125001788139343 0.0009191176504828036 0.0020833334419876337
0.0 0.6272978186607361 0.7791666984558105 0.0009191176504828036 0.0020833334419876337
0.0 0.38465073704719543 0.6942708492279053 0.0009191176504828036 0.0010416667209938169
0.0 0.5317095518112183 0.7484375238418579 0.0009191176504828036 0.0010416667209938169
0.0 0.6962316036224365 0.40052086114883423 0.0009191176504828036 0.0010416667209938169
0.0 0.4673713147640228 0.7338542342185974 0.0009191176504828036 0.0010416667209938169
0.0 0.8800551295280457 0.9671875238418579 0.0009191176504828036 0.0010416667209938169
0.0 0.7311580777168274 0.1171875074505806 0.0009191176504828036 0.0010416667209938169
0.0 0.4857536852359772 0.7822917103767395 0.0009191176504828036 0.0020833334419876337
0.0 0.37913602590560913 0.7682291865348816 0.0009191176504828036 0.0010416667209938169
0.0 0.46920955181121826 0.5208333730697632 0.0009191176504828036 0.0020833334419876337
0.0 0.8727021813392639 0.0182291679084301 0.0009191176504828036 0.0010416667209938169
0.0 0.6484375 0.6338542103767395 0.0009191176504828036 0.0010416667209938169
0.0 0.38648897409439087 0.7109375596046448 0.0009191176504828036 0.0031250002793967724
0.0 0.42922794818878174 0.760937511920929 0.0018382353009656072 0.0010416667209938169
0.0 0.07169117778539658 0.9369792342185974 0.0018382353009656072 0.0010416667209938169
0.0 0.9250919222831726 0.6666666865348816 0.0009191176504828036 0.0020833334419876337
0.0 0.6631433963775635 0.3421875238418579 0.0009191176504828036 0.0010416667209938169
0.0 0.10523897409439087 0.5380208492279053 0.0009191176504828036 0.0010416667209938169
0.0 0.26516544818878174 0.7937500476837158 0.0009191176504828036 0.0020833334419876337
0.0 0.5992646813392639 0.33385419845581055 0.0018382353009656072 0.0010416667209938169
0.0 0.3938419222831726 0.6145833730697632 0.0009191176504828036 0.0020833334419876337
0.0 0.5592830777168274 0.4442708492279053 0.0009191176504828036 0.0010416667209938169
0.0 0.5546875 0.48593753576278687 0.0009191176504828036 0.0010416667209938169
0.0 0.15487132966518402 0.6682292222976685 0.0009191176504828036 0.0010416667209938169
0.0 0.4204963147640228 0.45364585518836975 0.0009191176504828036 0.0010416667209938169
0.0 0.39889705181121826 0.4635416865348816 0.0018382353009656072 0.0020833334419876337
0.0 0.6980698704719543 0.35989585518836975 0.0009191176504828036 0.0010416667209938169
0.0 0.9347426295280457 0.02447916753590107 0.0018382353009656072 0.0010416667209938169
0.0 0.5013786554336548 0.5213541984558105 0.0009191176504828036 0.0010416667209938169
0.0 0.15533088147640228 0.5776041746139526 0.0018382353009656072 0.0010416667209938169
0.0 0.9581801295280457 0.9369792342185974 0.0009191176504828036 0.0010416667209938169
0.0 0.6240808963775635 0.9203125238418579 0.0018382353009656072 0.0052083334885537624
0.0 0.6806066036224365 0.6119791865348816 0.0009191176504828036 0.0010416667209938169
0.0 0.38648897409439087 0.7109375596046448 0.0009191176504828036 0.0010416667209938169
0.0 0.7261029481887817 0.0937500074505806 0.0018382353009656072 0.0020833334419876337
0.0 0.5363051295280457 0.33906251192092896 0.0009191176504828036 0.0010416667209938169
0.0 0.5556066036224365 0.25989586114883423 0.0009191176504828036 0.0010416667209938169
0.0 0.46277573704719543 0.6598958969116211 0.0009191176504828036 0.0010416667209938169
0.0 0.5831801295280457 0.46302086114883423 0.0009191176504828036 0.0010416667209938169
0.0 0.4517463147640228 0.7427083849906921 0.0009191176504828036 0.0020833334419876337
0.0 0.880974292755127 0.07760416716337204 0.0009191176504828036 0.0010416667209938169
0.0 0.6824448704719543 0.5567708611488342 0.0009191176504828036 0.0010416667209938169
0.0 0.03814338147640228 0.7359375357627869 0.0009191176504828036 0.0010416667209938169
0.0 0.4163602888584137 0.38489586114883423 0.0018382353009656072 0.0010416667209938169
0.0 0.9085478186607361 0.7541667222976685 0.0009191176504828036 0.0020833334419876337
0.0 0.37545955181121826 0.9723958969116211 0.0009191176504828036 0.0010416667209938169
0.0 0.4361213147640228 0.7848958969116211 0.0027573530096560717 0.0010416667209938169
0.0 0.7320771813392639 0.9145833849906921 0.0009191176504828036 0.0020833334419876337
0.0 0.5078125 0.7588542103767395 0.0009191176504828036 0.0010416667209938169
0.0 0.6943933963775635 0.7807292342185974 0.0009191176504828036 0.0010416667209938169
0.0 0.5151654481887817 0.8421875238418579 0.0009191176504828036 0.0010416667209938169
0.0 0.42601102590560913 0.8463541865348816 0.0009191176504828036 0.0010416667209938169
0.0 0.6502757668495178 0.3098958432674408 0.0009191176504828036 0.0010416667209938169
0.0 0.42233455181121826 0.8072916865348816 0.0009191176504828036 0.0020833334419876337
0.0 0.6061580777168274 0.34947919845581055 0.0009191176504828036 0.0010416667209938169
0.0 0.599724292755127 0.2317708432674408 0.0009191176504828036 0.0010416667209938169
0.0 0.6599264740943909 0.8161458969116211 0.0018382353009656072 0.0010416667209938169
0.0 0.5583639740943909 0.5036458373069763 0.0009191176504828036 0.0010416667209938169
0.0 0.41222426295280457 0.6130208373069763 0.0009191176504828036 0.0010416667209938169
0.0 0.7210478186607361 0.9104167222976685 0.0009191176504828036 0.0020833334419876337
0.0 0.9168198704719543 0.05885417014360428 0.0009191176504828036 0.0010416667209938169
0.0 0.7215073704719543 0.17916667461395264 0.0018382353009656072 0.0020833334419876337
0.0 0.4931066334247589 0.36510419845581055 0.0009191176504828036 0.0010416667209938169
0.0 0.49586397409439087 0.7666667103767395 0.0009191176504828036 0.0020833334419876337
0.0 0.8097426295280457 0.9250000715255737 0.0018382353009656072 0.0020833334419876337
0.0 0.7127757668495178 0.8734375238418579 0.0009191176504828036 0.0010416667209938169
0.0 0.9094669222831726 0.04010416939854622 0.0009191176504828036 0.0010416667209938169
0.0 0.24402573704719543 0.9067708849906921 0.0009191176504828036 0.0010416667209938169
0.0 0.6043198704719543 0.6598958969116211 0.0009191176504828036 0.0010416667209938169
0.0 0.5179228186607361 0.5744792222976685 0.0009191176504828036 0.0010416667209938169
0.0 0.8322610259056091 0.42656251788139343 0.0009191176504828036 0.0010416667209938169
0.0 0.43336397409439087 0.36927086114883423 0.0009191176504828036 0.0010416667209938169
0.0 0.7192095518112183 0.23489584028720856 0.0009191176504828036 0.0010416667209938169
0.0 0.49954044818878174 0.5932291746139526 0.0009191176504828036 0.0010416667209938169
0.0 0.5813419222831726 0.20781251788139343 0.0009191176504828036 0.0010416667209938169
0.0 0.6079963445663452 0.5119792222976685 0.0009191176504828036 0.0010416667209938169
0.0 0.5602021813392639 0.3343750238418579 0.0009191176504828036 0.0020833334419876337
0.0 0.3267463147640228 0.5244792103767395 0.0009191176504828036 0.0010416667209938169
0.0 0.3782169222831726 0.9234375357627869 0.0027573530096560717 0.00729166716337204
0.0 0.9223345518112183 0.729687511920929 0.0009191176504828036 0.0010416667209938169
0.0 0.061121322214603424 0.9812500476837158 0.0009191176504828036 0.0020833334419876337
0.0 0.6502757668495178 0.2526041865348816 0.0009191176504828036 0.0010416667209938169
0.0 0.6732536554336548 0.3114583492279053 0.0009191176504828036 0.0020833334419876337
0.0 0.8405330777168274 0.8505208492279053 0.0009191176504828036 0.0010416667209938169
0.0 0.8166360259056091 0.0651041716337204 0.0009191176504828036 0.0010416667209938169
0.0 0.9425551295280457 0.6968750357627869 0.0009191176504828036 0.0020833334419876337
0.0 0.5326286554336548 0.6453125476837158 0.0009191176504828036 0.0010416667209938169
0.0 0.44898897409439087 0.8906250596046448 0.0009191176504828036 0.0020833334419876337
0.0 0.7761948704719543 0.31041666865348816 0.0009191176504828036 0.0020833334419876337
0.0 0.9600183963775635 0.5744792222976685 0.0009191176504828036 0.0010416667209938169
0.0 0.5666360259056091 0.49531251192092896 0.0009191176504828036 0.0010416667209938169
0.0 0.9241728186607361 0.04270833730697632 0.0009191176504828036 0.0020833334419876337
0.0 0.4149816334247589 0.9234375357627869 0.0009191176504828036 0.0010416667209938169
0.0 0.9113051295280457 0.30677086114883423 0.0009191176504828036 0.0010416667209938169
0.0 0.4986213147640228 0.714062511920929 0.0009191176504828036 0.0010416667209938169
0.0 0.19715073704719543 0.8375000357627869 0.0009191176504828036 0.0020833334419876337
0.0 0.34650734066963196 0.7281250357627869 0.0018382353009656072 0.0020833334419876337
0.0 0.6272978186607361 0.18281251192092896 0.0009191176504828036 0.0010416667209938169
0.0 0.4342830777168274 0.5442708730697632 0.0009191176504828036 0.0010416667209938169
0.0 0.4563419222831726 0.6770833730697632 0.0009191176504828036 0.0020833334419876337
0.0 0.21783088147640228 0.7338542342185974 0.0018382353009656072 0.0010416667209938169
0.0 0.7596507668495178 0.02343750186264515 0.0009191176504828036 0.0010416667209938169
0.0 0.18152573704719543 0.6963542103767395 0.0009191176504828036 0.0010416667209938169
0.0 0.3483455777168274 0.7343750596046448 0.0018382353009656072 0.0020833334419876337
0.0 0.6291360259056091 0.26250001788139343 0.0009191176504828036 0.0020833334419876337
0.0 0.9131433963775635 0.9125000238418579 0.0009191176504828036 0.0020833334419876337
0.0 0.9186580777168274 0.9791667461395264 0.0009191176504828036 0.0020833334419876337
0.0 0.7973345518112183 0.41822919249534607 0.0009191176504828036 0.0010416667209938169
0.0 0.8800551295280457 0.9276041984558105 0.0009191176504828036 0.0010416667209938169
0.0 0.8304228186607361 0.9427083730697632 0.0009191176504828036 0.0020833334419876337
0.0 0.5225183963775635 0.6453125476837158 0.0009191176504828036 0.0031250002793967724
0.0 0.8010110259056091 0.12656250596046448 0.0009191176504828036 0.0010416667209938169
0.0 0.42003676295280457 0.8479167222976685 0.0036764706019312143 0.004166666883975267
0.0 0.8920036554336548 0.5296875238418579 0.0009191176504828036 0.0010416667209938169
0.0 0.2982536852359772 0.5750000476837158 0.0009191176504828036 0.0020833334419876337
0.0 0.693474292755127 0.452604204416275 0.0009191176504828036 0.0010416667209938169
0.0 0.4094669222831726 0.8750000596046448 0.0009191176504828036 0.0020833334419876337
0.0 0.8984375 0.5307291746139526 0.0009191176504828036 0.0010416667209938169
0.0 0.6769301295280457 0.25468751788139343 0.0009191176504828036 0.0010416667209938169
0.0 0.03814338147640228 0.8989583849906921 0.0009191176504828036 0.0020833334419876337
0.0 0.5546875 0.4130208492279053 0.0009191176504828036 0.0010416667209938169
0.0 0.5418198704719543 0.3739583492279053 0.0009191176504828036 0.0020833334419876337
0.0 0.8708639740943909 0.6796875596046448 0.0009191176504828036 0.0010416667209938169
0.0 0.46920955181121826 0.7796875238418579 0.0009191176504828036 0.0010416667209938169
0.0 0.6208639740943909 0.6098958849906921 0.0009191176504828036 0.0010416667209938169
0.0 0.7826286554336548 0.7572917342185974 0.0009191176504828036 0.0020833334419876337
0.0 0.9209558963775635 0.8270833492279053 0.0018382353009656072 0.0020833334419876337
0.0 0.4931066334247589 0.7489583492279053 0.0009191176504828036 0.0020833334419876337
0.0 0.9834558963775635 0.6895833611488342 0.0018382353009656072 0.0020833334419876337
0.0 0.8350183963775635 0.9614583849906921 0.0009191176504828036 0.0020833334419876337
0.0 0.8322610259056091 0.9000000357627869 0.0009191176504828036 0.0020833334419876337
0.0 0.6162683963775635 0.25468751788139343 0.0009191176504828036 0.0010416667209938169
0.0 0.4140625 0.8286458849906921 0.0009191176504828036 0.0010416667209938169
0.0 0.5988051295280457 0.3343750238418579 0.0027573530096560717 0.0020833334419876337
0.0 0.41038602590560913 0.9656250476837158 0.0009191176504828036 0.0020833334419876337
0.0 0.42922794818878174 0.9505208730697632 0.0018382353009656072 0.0010416667209938169
0.0 0.38648897409439087 0.651562511920929 0.0009191176504828036 0.0010416667209938169
0.0 0.6746323704719543 0.3203125298023224 0.0018382353009656072 0.0010416667209938169
0.0 0.9048713445663452 0.7812500596046448 0.0009191176504828036 0.0020833334419876337
0.0 0.5670955777168274 0.42760419845581055 0.0018382353009656072 0.0031250002793967724
0.0 0.4204963147640228 0.8375000357627869 0.0009191176504828036 0.0020833334419876337
0.0 0.49586397409439087 0.6739583611488342 0.0009191176504828036 0.0020833334419876337
0.0 0.45588234066963196 0.8156250715255737 0.0018382353009656072 0.004166666883975267
0.0 0.6217830777168274 0.8406250476837158 0.0009191176504828036 0.0020833334419876337
0.0 0.6392463445663452 0.34427085518836975 0.0009191176504828036 0.0010416667209938169
0.0 0.5055146813392639 0.5557292103767395 0.0018382353009656072 0.0010416667209938169
0.0 0.42922794818878174 0.6385416984558105 0.0018382353009656072 0.0020833334419876337
0.0 0.49586397409439087 0.7010416984558105 0.0009191176504828036 0.0020833334419876337
0.0 0.26746323704719543 0.40833336114883423 0.0018382353009656072 0.0020833334419876337
0.0 0.3304227888584137 0.8812500238418579 0.0009191176504828036 0.0020833334419876337
0.0 0.078125 0.7947916984558105 0.0018382353009656072 0.0020833334419876337
0.0 0.43244484066963196 0.8968750238418579 0.0009191176504828036 0.0020833334419876337
0.0 0.41130515933036804 0.9541667103767395 0.0009191176504828036 0.0020833334419876337
0.0 0.5202205777168274 0.7536458969116211 0.0018382353009656072 0.0031250002793967724
0.0 0.41452205181121826 0.5177083611488342 0.0018382353009656072 0.0020833334419876337
0.0 0.7417279481887817 0.7333333492279053 0.0018382353009656072 0.0020833334419876337
0.0 0.04733455926179886 0.5901042222976685 0.0027573530096560717 0.0031250002793967724
0.0 0.10799632221460342 0.6744791865348816 0.0009191176504828036 0.0010416667209938169
0.0 0.40211397409439087 0.8796875476837158 0.0009191176504828036 0.0010416667209938169
0.0 0.10064338147640228 0.9489583969116211 0.0009191176504828036 0.0020833334419876337
0.0 0.48023897409439087 0.3348958492279053 0.0009191176504828036 0.0010416667209938169
0.0 0.5165441036224365 0.6739583611488342 0.0018382353009656072 0.0020833334419876337
0.0 0.4719669222831726 0.8666667342185974 0.0009191176504828036 0.0020833334419876337
0.0 0.6714154481887817 0.3656250238418579 0.0009191176504828036 0.0020833334419876337
0.0 0.07490808516740799 0.9421875476837158 0.0009191176504828036 0.0010416667209938169
0.0 0.7982536554336548 0.8494791984558105 0.0009191176504828036 0.0031250002793967724
0.0 0.7049632668495178 0.9437500238418579 0.0018382353009656072 0.0020833334419876337
0.0 0.20680147409439087 0.44218751788139343 0.0018382353009656072 0.0031250002793967724
0.0 0.40808823704719543 0.8197917342185974 0.0018382353009656072 0.0020833334419876337
0.0 0.6374080777168274 0.4427083432674408 0.0009191176504828036 0.0020833334419876337
0.0 0.1038602963089943 0.7833333611488342 0.0018382353009656072 0.0020833334419876337
0.0 0.43382352590560913 0.5447916984558105 0.0018382353009656072 0.0020833334419876337
0.0 0.045036766678094864 0.5786458849906921 0.0036764706019312143 0.0010416667209938169
0.0 0.6916360259056091 0.8677083849906921 0.0009191176504828036 0.0020833334419876337
0.0 0.9159007668495178 0.7635416984558105 0.0009191176504828036 0.0020833334419876337
0.0 0.4632352888584137 0.39270836114883423 0.0018382353009656072 0.0020833334419876337
0.0 0.8313419222831726 0.03281250223517418 0.0009191176504828036 0.0010416667209938169
0.0 0.2633272111415863 0.6843750476837158 0.0009191176504828036 0.004166666883975267
0.0 0.9352021813392639 0.9895833730697632 0.0009191176504828036 0.0020833334419876337
0.0 0.3501838147640228 0.2380208522081375 0.0018382353009656072 0.0010416667209938169
0.0 0.35983455181121826 0.49010419845581055 0.0009191176504828036 0.0010416667209938169
0.0 0.4296875 0.9062500596046448 0.0009191176504828036 0.0020833334419876337
0.0 0.5220588445663452 0.6458333730697632 0.0018382353009656072 0.0020833334419876337
0.0 0.42693015933036804 0.8302083611488342 0.0009191176504828036 0.0020833334419876337
0.0 0.8465073704719543 0.7984375357627869 0.0018382353009656072 0.0010416667209938169
0.0 0.34880515933036804 0.5026041865348816 0.0009191176504828036 0.0031250002793967724
0.0 0.4195772111415863 0.6531250476837158 0.0009191176504828036 0.0020833334419876337
0.0 0.4834558963775635 0.16979166865348816 0.0018382353009656072 0.0020833334419876337
0.0 0.6723345518112183 0.8104166984558105 0.0009191176504828036 0.0020833334419876337
0.0 0.3837316334247589 0.4593750238418579 0.0009191176504828036 0.0020833334419876337
0.0 0.38235294818878174 0.9250000715255737 0.0018382353009656072 0.0020833334419876337
0.0 0.39246323704719543 0.6864583492279053 0.0018382353009656072 0.0020833334419876337
0.0 0.5 0.6817708611488342 0.0018382353009656072 0.0031250002793967724
0.0 0.5923713445663452 0.38593751192092896 0.0009191176504828036 0.0010416667209938169
0.0 0.8350183963775635 0.8875000476837158 0.0027573530096560717 0.004166666883975267
0.0 0.716911792755127 0.8567708730697632 0.0018382353009656072 0.0052083334885537624
0.0 0.6714154481887817 0.8937500715255737 0.0009191176504828036 0.004166666883975267
0.0 0.4296875 0.6380208730697632 0.0009191176504828036 0.0010416667209938169
0.0 0.5592830777168274 0.6140625476837158 0.0009191176504828036 0.0010416667209938169
0.0 0.05560661852359772 0.7937500476837158 0.0009191176504828036 0.0020833334419876337
0.0 0.20955882966518402 0.7354167103767395 0.0018382353009656072 0.0020833334419876337
0.0 0.1875 0.4609375298023224 0.0018382353009656072 0.0031250002793967724
0.0 0.42693015933036804 0.8020833730697632 0.0009191176504828036 0.0020833334419876337
0.0 0.5160845518112183 0.6744791865348816 0.0009191176504828036 0.0031250002793967724
0.0 0.6824448704719543 0.48072919249534607 0.0027573530096560717 0.0031250002793967724
0.0 0.6102941036224365 0.6265625357627869 0.0018382353009656072 0.0031250002793967724
0.0 0.6112132668495178 0.5057291984558105 0.0018382353009656072 0.0010416667209938169
0.0 0.07490808516740799 0.99114590883255 0.0009191176504828036 0.0010416667209938169
0.0 0.5257353186607361 0.5770833492279053 0.0018382353009656072 0.0020833334419876337
0.0 0.9503676295280457 0.9359375238418579 0.0018382353009656072 0.0031250002793967724
0.0 0.1930147111415863 0.3734375238418579 0.0018382353009656072 0.0031250002793967724
0.0 0.8566176295280457 0.9614583849906921 0.0018382353009656072 0.0020833334419876337
0.0 0.5004595518112183 0.6812500357627869 0.0009191176504828036 0.0020833334419876337
0.0 0.6217830777168274 0.3395833373069763 0.0009191176504828036 0.0020833334419876337
0.0 0.4039522111415863 0.91302090883255 0.0009191176504828036 0.0031250002793967724
0.0 0.3359375 0.5390625 0.0009191176504828036 0.0031250002793967724
0.0 0.5381433963775635 0.5609375238418579 0.0009191176504828036 0.0031250002793967724
0.0 0.5 0.6255208849906921 0.0018382353009656072 0.0031250002793967724
0.0 0.38556984066963196 0.8635417222976685 0.0009191176504828036 0.0020833334419876337
0.0 0.020220588892698288 0.8906250596046448 0.0018382353009656072 0.0020833334419876337
0.0 0.11856617778539658 0.8781250715255737 0.0018382353009656072 0.0020833334419876337
0.0 0.5413603186607361 0.7380208969116211 0.0018382353009656072 0.0031250002793967724
0.0 0.4875919222831726 0.6489583849906921 0.0009191176504828036 0.0020833334419876337
0.0 0.24494485557079315 0.6979166865348816 0.0027573530096560717 0.004166666883975267
0.0 0.05790441110730171 0.6854166984558105 0.0018382353009656072 0.004166666883975267
0.0 0.6015625 0.38854169845581055 0.0027573530096560717 0.004166666883975267
0.0 0.44485294818878174 0.8432292342185974 0.0018382353009656072 0.0031250002793967724
0.0 0.20680147409439087 0.35104167461395264 0.0018382353009656072 0.004166666883975267
0.0 0.2748161852359772 0.9401041865348816 0.0018382353009656072 0.0031250002793967724
0.0 0.11443014442920685 0.8984375596046448 0.0009191176504828036 0.0010416667209938169
0.0 0.3961397111415863 0.23072917759418488 0.007352941203862429 0.00729166716337204
0.0 0.4875919222831726 0.7338542342185974 0.0027573530096560717 0.0031250002793967724
0.0 0.04411764815449715 0.8333333730697632 0.0018382353009656072 0.0020833334419876337
0.0 0.5009191036224365 0.7979167103767395 0.0018382353009656072 0.004166666883975267
0.0 0.8138786554336548 0.37812501192092896 0.0027573530096560717 0.004166666883975267
0.0 0.1305147111415863 0.6468750238418579 0.0018382353009656072 0.0020833334419876337
0.0 0.7743566036224365 0.4984375238418579 0.0027573530096560717 0.0031250002793967724
0.0 0.030330883339047432 0.8234375715255737 0.0018382353009656072 0.0031250002793967724
0.0 0.16222426295280457 0.4817708730697632 0.008272059261798859 0.00729166716337204
0.0 0.46139705181121826 0.19114583730697632 0.0036764706019312143 0.0031250002793967724
0.0 0.3056066334247589 0.9348958730697632 0.0027573530096560717 0.0052083334885537624
0.0 0.390625 0.16875000298023224 0.0036764706019312143 0.0020833334419876337
0.0 0.9848345518112183 0.5114583373069763 0.006433823611587286 0.01250000111758709
