0 0.040441 0.089063 0.001838 0.001042
0 0.951746 0.669271 0.000919 0.001042
0 0.104320 0.716146 0.000919 0.001042
0 0.465074 0.220833 0.001838 0.002083
0 0.927849 0.718229 0.000919 0.001042
0 0.295037 0.161979 0.001838 0.001042
0 0.104320 0.106771 0.000919 0.001042
0 0.752298 0.124479 0.000919 0.001042
0 0.407169 0.343750 0.001838 0.002083
0 0.912224 0.600521 0.000919 0.001042
0 0.500919 0.171875 0.001838 0.002083
0 0.605699 0.197917 0.001838 0.002083
0 0.571232 0.116667 0.002757 0.004167
0 0.914982 0.649479 0.000919 0.001042
0 0.880055 0.138542 0.000919 0.002083
0 0.576287 0.559375 0.001838 0.002083
0 0.354320 0.221354 0.000919 0.001042
0 0.610754 0.072917 0.000919 0.002083
0 0.397978 0.283333 0.001838 0.008333
0 0.044577 0.507812 0.000919 0.001042
0 0.757812 0.406250 0.000919 0.002083
0 0.265165 0.423438 0.000919 0.001042
0 0.542739 0.293750 0.000919 0.002083
0 0.234835 0.351563 0.000919 0.001042
0 0.881893 0.572396 0.000919 0.001042
0 0.542739 0.304167 0.000919 0.002083
0 0.732996 0.959896 0.000919 0.001042
0 0.697151 0.766146 0.000919 0.001042
0 0.354779 0.365104 0.001838 0.003125
0 0.318934 0.973958 0.001838 0.002083
0 0.395680 0.302604 0.000919 0.001042
0 0.857077 0.990104 0.000919 0.001042
0 0.881893 0.541667 0.000919 0.002083
0 0.073529 0.625521 0.001838 0.001042
0 0.499540 0.742188 0.000919 0.001042
0 0.051471 0.405729 0.001838 0.001042
0 0.783548 0.797396 0.000919 0.001042
0 0.874540 0.553646 0.000919 0.001042
0 0.895680 0.632813 0.000919 0.001042
0 0.557445 0.194271 0.000919 0.001042
0 0.009191 0.717188 0.001838 0.001042
0 0.879136 0.572917 0.000919 0.002083
0 0.526195 0.065104 0.000919 0.001042
0 0.511489 0.084896 0.000919 0.001042
0 0.619945 0.183854 0.000919 0.001042
0 0.765165 0.351563 0.000919 0.001042
0 0.694393 0.896875 0.000919 0.002083
0 0.269761 0.401563 0.000919 0.001042
0 0.918658 0.806771 0.000919 0.001042
0 0.263787 0.033854 0.001838 0.001042
0 0.968750 0.664063 0.001838 0.001042
0 0.543658 0.193750 0.000919 0.002083
0 0.233915 0.603125 0.000919 0.002083
0 0.917739 0.605729 0.000919 0.001042
0 0.966912 0.041667 0.001838 0.002083
0 0.978860 0.926042 0.001838 0.002083
0 0.505055 0.230208 0.000919 0.002083
0 0.722886 0.798958 0.000919 0.002083
0 0.574908 0.123438 0.000919 0.001042
0 0.860754 0.621875 0.000919 0.002083
0 0.309743 0.382292 0.001838 0.002083
0 0.732077 0.687500 0.000919 0.002083
0 0.576287 0.557292 0.001838 0.006250
0 0.586857 0.133854 0.000919 0.001042
0 0.879136 0.698958 0.000919 0.002083
0 0.718290 0.935417 0.000919 0.002083
0 0.786305 0.679167 0.000919 0.002083
0 0.563419 0.108333 0.003676 0.004167
0 0.315257 0.425000 0.001838 0.002083
0 0.707261 0.077604 0.000919 0.003125
0 0.383732 0.604688 0.000919 0.001042
0 0.351562 0.410417 0.000919 0.002083
0 0.840993 0.980729 0.001838 0.001042
0 0.968290 0.473438 0.002757 0.005208
0 0.677849 0.089063 0.000919 0.001042
0 0.172794 0.488021 0.001838 0.003125
0 0.860294 0.653646 0.001838 0.001042
0 0.978401 0.464063 0.000919 0.001042
0 0.340993 0.422917 0.001838 0.002083
0 0.902114 0.613021 0.000919 0.001042
0 0.942096 0.348958 0.001838 0.002083
0 0.893842 0.593229 0.000919 0.001042
0 0.095129 0.759896 0.000919 0.001042
0 0.961857 0.249479 0.000919 0.001042
0 0.225643 0.722917 0.000919 0.002083
0 0.865349 0.783854 0.000919 0.001042
0 0.582261 0.250000 0.000919 0.002083
0 0.194393 0.508854 0.000919 0.001042
0 0.701287 0.952083 0.003676 0.004167
0 0.575368 0.554688 0.001838 0.005208
0 0.259191 0.450521 0.001838 0.003125
0 0.680607 0.728646 0.000919 0.001042
0 0.298254 0.366667 0.000919 0.002083
0 0.352482 0.544792 0.000919 0.002083
0 0.886489 0.186458 0.000919 0.002083
0 0.290901 0.492708 0.000919 0.002083
0 0.346967 0.352604 0.000919 0.001042
0 0.815717 0.647396 0.000919 0.001042
0 0.876379 0.273438 0.000919 0.001042
0 0.694393 0.731250 0.000919 0.002083
0 0.983915 0.136458 0.000919 0.002083
0 0.575827 0.040625 0.000919 0.002083
0 0.190717 0.898438 0.000919 0.001042
0 0.589614 0.081250 0.000919 0.002083
0 0.438879 0.267188 0.000919 0.001042
0 0.099724 0.582292 0.000919 0.002083
0 0.126379 0.784896 0.000919 0.001042
0 0.167739 0.419271 0.000919 0.001042
0 0.552849 0.939583 0.000919 0.002083
0 0.188419 0.451563 0.001838 0.003125
0 0.260110 0.371875 0.001838 0.004167
0 0.206342 0.408333 0.004596 0.006250
0 0.124081 0.669792 0.001838 0.002083
0 0.295496 0.290104 0.002757 0.001042
0 0.414062 0.295833 0.000919 0.002083
0 0.912684 0.341146 0.001838 0.003125
0 0.896599 0.992188 0.000919 0.001042
0 0.044577 0.888021 0.000919 0.001042
0 0.334559 0.086979 0.001838 0.003125
0 0.743107 0.138021 0.000919 0.001042
0 0.623621 0.576042 0.000919 0.002083
0 0.444393 0.613542 0.000919 0.002083
0 0.258732 0.464063 0.000919 0.001042
0 0.159467 0.491667 0.002757 0.004167
0 0.452665 0.276563 0.000919 0.001042
0 0.768842 0.794792 0.000919 0.002083
0 0.057445 0.942708 0.000919 0.002083
0 0.194853 0.610938 0.001838 0.001042
0 0.075368 0.087500 0.001838 0.002083
0 0.562040 0.184896 0.000919 0.001042
0 0.253217 0.263542 0.000919 0.002083
0 0.851562 0.688542 0.000919 0.002083
0 0.402114 0.272917 0.000919 0.002083
0 0.954044 0.487500 0.001838 0.002083
0 0.363511 0.344792 0.000919 0.002083
0 0.733456 0.667188 0.001838 0.001042
0 0.581801 0.829167 0.001838 0.002083
0 0.892463 0.675521 0.001838 0.001042
0 0.996324 0.977604 0.001838 0.003125
0 0.062500 0.568229 0.001838 0.003125
0 0.982996 0.830729 0.000919 0.001042
0 0.810662 0.775521 0.001838 0.001042
0 0.119945 0.179688 0.000919 0.001042
0 0.584099 0.280208 0.000919 0.002083
0 0.320312 0.401042 0.000919 0.002083
0 0.935662 0.688542 0.001838 0.004167
0 0.953125 0.576042 0.001838 0.002083
0 0.780331 0.830729 0.001838 0.001042
0 0.110754 0.308333 0.000919 0.002083
0 0.759191 0.616667 0.001838 0.002083
0 0.948989 0.619792 0.000919 0.002083
0 0.065257 0.503125 0.001838 0.002083
0 0.601562 0.594271 0.000919 0.001042
0 0.758732 0.670833 0.000919 0.002083
0 0.874540 0.961979 0.000919 0.003125
0 0.915901 0.698958 0.002757 0.004167
0 0.934283 0.188542 0.000919 0.002083
0 0.272978 0.970833 0.001838 0.002083
0 0.163143 0.473438 0.004596 0.003125
0 0.498621 0.917188 0.000919 0.003125
0 0.084099 0.395313 0.000919 0.001042
0 0.618566 0.060938 0.001838 0.001042
0 0.873621 0.011458 0.000919 0.002083
0 0.556066 0.115625 0.001838 0.002083
0 0.933364 0.207813 0.000919 0.001042
0 0.424173 0.304688 0.002757 0.005208
0 0.570772 0.150521 0.001838 0.001042
0 0.633732 0.850000 0.000919 0.002083
0 0.127298 0.539583 0.000919 0.002083
0 0.242647 0.568750 0.001838 0.002083
0 0.611673 0.098958 0.000919 0.002083
0 0.160846 0.073958 0.001838 0.002083
0 0.016085 0.720313 0.004596 0.005208
0 0.633272 0.871875 0.001838 0.002083
0 0.107996 0.378646 0.000919 0.001042
0 0.920496 0.709375 0.000919 0.002083
0 0.544118 0.773958 0.001838 0.002083
0 0.447610 0.342708 0.001838 0.002083
0 0.577665 0.083854 0.002757 0.003125
0 0.878676 0.515104 0.001838 0.001042
0 0.703585 0.135417 0.000919 0.002083
0 0.819393 0.393750 0.000919 0.004167
0 0.541360 0.165625 0.001838 0.002083
0 0.845129 0.634375 0.000919 0.002083
0 0.577665 0.084375 0.000919 0.002083
0 0.733915 0.734375 0.000919 0.002083
0 0.198070 0.475000 0.000919 0.002083
0 0.739430 0.794792 0.000919 0.002083
0 0.382353 0.417708 0.001838 0.004167
0 0.185202 0.366667 0.000919 0.002083
0 0.468290 0.190625 0.004596 0.004167
0 0.569853 0.070312 0.001838 0.003125
0 0.932445 0.444271 0.000919 0.001042
0 0.373162 0.597396 0.001838 0.003125
0 0.326287 0.089583 0.001838 0.002083
0 0.832261 0.510938 0.000919 0.003125
0 0.626379 0.467708 0.000919 0.002083
0 0.097426 0.564063 0.003676 0.005208
0 0.354779 0.724479 0.001838 0.003125
0 0.772978 0.775000 0.001838 0.002083
0 0.228401 0.308333 0.000919 0.002083
0 0.081342 0.591667 0.000919 0.002083
0 0.346967 0.377604 0.002757 0.003125
0 0.353860 0.823958 0.001838 0.004167
0 0.953125 0.792188 0.003676 0.005208
0 0.914982 0.975000 0.000919 0.002083
0 0.147978 0.269271 0.001838 0.003125
0 0.856618 0.943750 0.001838 0.002083
0 0.049173 0.525000 0.002757 0.002083
0 0.209099 0.322917 0.000919 0.002083
0 0.311121 0.203646 0.004596 0.005208
0 0.595129 0.446875 0.000919 0.002083
0 0.916820 0.699479 0.002757 0.005208
0 0.879136 0.121875 0.000919 0.002083
0 0.114890 0.575000 0.003676 0.004167
0 0.834099 0.631771 0.002757 0.003125
0 0.796415 0.625521 0.002757 0.005208
0 0.285846 0.405208 0.001838 0.002083
0 0.938419 0.420313 0.001838 0.003125
0 0.356618 0.233854 0.005515 0.003125
0 0.912224 0.427604 0.002757 0.003125
0 0.623162 0.438542 0.001838 0.002083
0 0.970129 0.682292 0.002757 0.004167
0 0.672335 0.935938 0.002757 0.005208
0 0.636029 0.894792 0.003676 0.004167
0 0.846507 0.678125 0.001838 0.004167
0 0.060202 0.644271 0.004596 0.005208
0 0.793658 0.951563 0.002757 0.005208
0 0.605699 0.117188 0.003676 0.003125
0 0.636489 0.920833 0.006434 0.008333
