0.0 0.9499080777168274 0.8354167342185974 0.0009191176504828036 0.0020833334419876337
0.0 0.8088235259056091 0.8520833849906921 0.0036764706019312143 0.004166666883975267
0.0 0.7835478186607361 0.7916666865348816 0.0009191176504828036 0.0020833334419876337
0.0 0.1640625 0.5005208849906921 0.0009191176504828036 0.0010416667209938169
0.0 0.7918198704719543 0.9651042222976685 0.0009191176504828036 0.0031250002793967724
0.0 0.9131433963775635 0.6286458373069763 0.0009191176504828036 0.0010416667209938169
0.0 0.5647978186607361 0.9421875476837158 0.0009191176504828036 0.0010416667209938169
0.0 0.8759191036224365 0.5661458373069763 0.0018382353009656072 0.0010416667209938169
0.0 0.8239889740943909 0.7671875357627869 0.0009191176504828036 0.0010416667209938169
0.0 0.834099292755127 0.6802083849906921 0.0009191176504828036 0.0020833334419876337
0.0 0.7660845518112183 0.8359375596046448 0.0009191176504828036 0.0010416667209938169
0.0 0.7302389740943909 0.5171875357627869 0.0009191176504828036 0.0010416667209938169
0.0 0.9944853186607361 0.3453125059604645 0.0018382353009656072 0.0031250002793967724
0.0 0.9811580777168274 0.6119791865348816 0.0009191176504828036 0.0010416667209938169
0.0 0.9011948704719543 0.5911458730697632 0.0009191176504828036 0.0010416667209938169
0.0 0.6282169222831726 0.9135417342185974 0.0009191176504828036 0.0020833334419876337
0.0 0.28079044818878174 0.7317708730697632 0.0009191176504828036 0.0010416667209938169
0.0 0.8506433963775635 0.8296875357627869 0.0009191176504828036 0.0010416667209938169
0.0 0.8694853186607361 0.2875000238418579 0.0018382353009656072 0.0020833334419876337
0.0 0.7918198704719543 0.5369791984558105 0.0009191176504828036 0.0010416667209938169
0.0 0.8386948704719543 0.1927083432674408 0.0009191176504828036 0.0020833334419876337
0.0 0.8745404481887817 0.43437501788139343 0.0009191176504828036 0.0020833334419876337
0.0 0.6888786554336548 0.43802085518836975 0.0009191176504828036 0.0010416667209938169
0.0 0.6171875 0.7911458611488342 0.0009191176504828036 0.0010416667209938169
0.0 0.7693014740943909 0.8234375715255737 0.0018382353009656072 0.0010416667209938169
0.0 0.2821691334247589 0.8572916984558105 0.0018382353009656072 0.004166666883975267
0.0 0.9692095518112183 0.33020836114883423 0.0009191176504828036 0.0020833334419876337
0.0 0.880974292755127 0.675000011920929 0.0009191176504828036 0.0020833334419876337
0.0 0.3414522111415863 0.5296875238418579 0.0009191176504828036 0.0010416667209938169
0.0 0.46461397409439087 0.8619791865348816 0.0009191176504828036 0.0010416667209938169
0.0 0.9030330777168274 0.5760416984558105 0.0009191176504828036 0.0020833334419876337
0.0 0.568474292755127 0.9151042103767395 0.0009191176504828036 0.0010416667209938169
0.0 0.0546875 0.8447917103767395 0.0009191176504828036 0.0020833334419876337
0.0 0.6484375 0.6880208849906921 0.0009191176504828036 0.0010416667209938169
0.0 0.6677389740943909 0.4479166865348816 0.0009191176504828036 0.0020833334419876337
0.0 0.9545036554336548 0.5276042222976685 0.0009191176504828036 0.0010416667209938169
0.0 0.7909007668495178 0.9427083730697632 0.0009191176504828036 0.0020833334419876337
0.0 0.8612132668495178 0.9458333849906921 0.0018382353009656072 0.0020833334419876337
0.0 0.6282169222831726 0.8244792222976685 0.0009191176504828036 0.0010416667209938169
0.0 0.7605698704719543 0.16302084922790527 0.0009191176504828036 0.0010416667209938169
0.0 0.9517463445663452 0.5432292222976685 0.0009191176504828036 0.0010416667209938169
0.0 0.8193933963775635 0.7812500596046448 0.0009191176504828036 0.0020833334419876337
0.0 0.4131433963775635 0.7369791865348816 0.0009191176504828036 0.0031250002793967724
0.0 0.45726102590560913 0.5921875238418579 0.0009191176504828036 0.0010416667209938169
0.0 0.7936580777168274 0.9036458730697632 0.0009191176504828036 0.0010416667209938169
0.0 0.19806985557079315 0.8286458849906921 0.0009191176504828036 0.0010416667209938169
0.0 0.8984375 0.38854169845581055 0.0009191176504828036 0.0020833334419876337
0.0 0.04273897036910057 0.8968750238418579 0.0009191176504828036 0.0020833334419876337
0.0 0.7665441036224365 0.8536458611488342 0.0018382353009656072 0.0010416667209938169
0.0 0.46920955181121826 0.6390625238418579 0.0009191176504828036 0.0010416667209938169
0.0 0.9558823704719543 0.5442708730697632 0.0018382353009656072 0.0010416667209938169
0.0 0.9673713445663452 0.5296875238418579 0.0009191176504828036 0.0010416667209938169
0.0 0.17233456671237946 0.7656250596046448 0.0009191176504828036 0.0020833334419876337
0.0 0.709099292755127 0.5848958492279053 0.0009191176504828036 0.0010416667209938169
0.0 0.8745404481887817 0.6885417103767395 0.0009191176504828036 0.0020833334419876337
0.0 0.6397058963775635 0.7244791984558105 0.0018382353009656072 0.0010416667209938169
0.0 0.7045036554336548 0.8416666984558105 0.0009191176504828036 0.0020833334419876337
0.0 0.7564338445663452 0.6640625596046448 0.0018382353009656072 0.0010416667209938169
0.0 0.9149816036224365 0.675000011920929 0.0009191176504828036 0.0020833334419876337
0.0 0.39108455181121826 0.550000011920929 0.0009191176504828036 0.0020833334419876337
0.0 0.3828125 0.5015625357627869 0.0009191176504828036 0.0010416667209938169
0.0 0.8386948704719543 0.9291667342185974 0.0009191176504828036 0.0020833334419876337
0.0 0.9682904481887817 0.9005208611488342 0.0009191176504828036 0.0010416667209938169
0.0 0.6704963445663452 0.4598958492279053 0.0009191176504828036 0.0010416667209938169
0.0 0.8442095518112183 0.8505208492279053 0.0009191176504828036 0.0010416667209938169
0.0 0.7780330777168274 0.6041666865348816 0.0009191176504828036 0.0020833334419876337
0.0 0.7288603186607361 0.8703125715255737 0.0018382353009656072 0.00729166716337204
0.0 0.8869485259056091 0.06041666865348816 0.0018382353009656072 0.0020833334419876337
0.0 0.8823529481887817 0.7171875238418579 0.0018382353009656072 0.0031250002793967724
0.0 0.8956801295280457 0.5973958373069763 0.0009191176504828036 0.0010416667209938169
0.0 0.5891544222831726 0.7109375596046448 0.0018382353009656072 0.0052083334885537624
0.0 0.7568933963775635 0.41718751192092896 0.0009191176504828036 0.0010416667209938169
0.0 0.9287683963775635 0.5286458730697632 0.0009191176504828036 0.0010416667209938169
0.0 0.7550551295280457 0.4296875298023224 0.0009191176504828036 0.0010416667209938169
0.0 0.8883271813392639 0.550000011920929 0.0009191176504828036 0.0020833334419876337
0.0 0.8432904481887817 0.9114583730697632 0.0009191176504828036 0.0020833334419876337
0.0 0.7394301295280457 0.8703125715255737 0.0009191176504828036 0.0010416667209938169
0.0 0.8736213445663452 0.6401041746139526 0.0009191176504828036 0.0010416667209938169
0.0 0.6943933963775635 0.6494792103767395 0.0009191176504828036 0.0010416667209938169
0.0 0.7541360259056091 0.9302083849906921 0.0009191176504828036 0.0020833334419876337
0.0 0.9480698704719543 0.596875011920929 0.0009191176504828036 0.0020833334419876337
0.0 0.9250919222831726 0.5041667222976685 0.0009191176504828036 0.0020833334419876337
0.0 0.7679228186607361 0.6218750476837158 0.0009191176504828036 0.0020833334419876337
0.0 0.834099292755127 0.9619792103767395 0.0009191176504828036 0.0010416667209938169
0.0 0.8129595518112183 0.5359375476837158 0.0009191176504828036 0.0010416667209938169
0.0 0.6819853186607361 0.4567708671092987 0.0018382353009656072 0.0010416667209938169
0.0 0.7688419222831726 0.47343751788139343 0.0009191176504828036 0.0010416667209938169
0.0 0.9007353186607361 0.5078125 0.0018382353009656072 0.0010416667209938169
0.0 0.9338235259056091 0.2473958432674408 0.0018382353009656072 0.0010416667209938169
0.0 0.7996323704719543 0.8458333611488342 0.0018382353009656072 0.0020833334419876337
0.0 0.8782169222831726 0.6651042103767395 0.0009191176504828036 0.0010416667209938169
0.0 0.41222426295280457 0.510937511920929 0.0009191176504828036 0.0010416667209938169
0.0 0.984375 0.4130208492279053 0.0018382353009656072 0.0031250002793967724
0.0 0.7412683963775635 0.9838542342185974 0.0009191176504828036 0.0031250002793967724
0.0 0.734375 0.5625 0.0018382353009656072 0.006250000558793545
0.0 0.8662683963775635 0.6119791865348816 0.0009191176504828036 0.0010416667209938169
0.0 0.8037683963775635 0.5776041746139526 0.0009191176504828036 0.0010416667209938169
0.0 0.7725183963775635 0.6531250476837158 0.0009191176504828036 0.0020833334419876337
0.0 0.8405330777168274 0.7078125476837158 0.0009191176504828036 0.0010416667209938169
0.0 0.6760110259056091 0.7781250476837158 0.0009191176504828036 0.0020833334419876337
0.0 0.755974292755127 0.5244792103767395 0.0009191176504828036 0.0010416667209938169
0.0 0.7329963445663452 0.4583333432674408 0.0009191176504828036 0.0020833334419876337
0.0 0.7807904481887817 0.35468751192092896 0.0009191176504828036 0.0010416667209938169
0.0 0.9301470518112183 0.5932291746139526 0.0018382353009656072 0.0010416667209938169
0.0 0.8534007668495178 0.6619791984558105 0.0009191176504828036 0.0010416667209938169
0.0 0.8818933963775635 0.5484375357627869 0.0009191176504828036 0.0010416667209938169
0.0 0.7265625 0.5557292103767395 0.0009191176504828036 0.0010416667209938169
0.0 0.8501838445663452 0.6500000357627869 0.0018382353009656072 0.0020833334419876337
0.0 0.8327205777168274 0.6713541746139526 0.0018382353009656072 0.0031250002793967724
0.0 0.8988970518112183 0.10833334177732468 0.0018382353009656072 0.0020833334419876337
0.0 0.9416360259056091 0.5973958373069763 0.0009191176504828036 0.0010416667209938169
0.0 0.6613051295280457 0.5765625238418579 0.0009191176504828036 0.0010416667209938169
0.0 0.49172794818878174 0.7750000357627869 0.005514706019312143 0.008333333767950535
0.0 0.4944852888584137 0.8666667342185974 0.0018382353009656072 0.0020833334419876337
0.0 0.6976103186607361 0.8322917222976685 0.0018382353009656072 0.0020833334419876337
0.0 0.8772978186607361 0.8026041984558105 0.0009191176504828036 0.0010416667209938169
0.0 0.982536792755127 0.5484375357627869 0.0018382353009656072 0.0031250002793967724
0.0 0.6943933963775635 0.5250000357627869 0.0009191176504828036 0.0020833334419876337
0.0 0.7679228186607361 0.43958336114883423 0.0009191176504828036 0.0020833334419876337
0.0 0.7624080777168274 0.8406250476837158 0.0009191176504828036 0.0020833334419876337
0.0 0.8818933963775635 0.41458335518836975 0.0009191176504828036 0.0020833334419876337
0.0 0.662224292755127 0.6479166746139526 0.0009191176504828036 0.0020833334419876337
0.0 0.8658088445663452 0.5218750238418579 0.0018382353009656072 0.004166666883975267
0.0 0.7752757668495178 0.8442708849906921 0.0009191176504828036 0.0031250002793967724
0.0 0.6066176295280457 0.8468750715255737 0.0018382353009656072 0.0020833334419876337
0.0 0.8658088445663452 0.6703125238418579 0.0018382353009656072 0.0031250002793967724
0.0 0.7803308963775635 0.9572917222976685 0.0018382353009656072 0.006250000558793545
0.0 0.6438419222831726 0.6427083611488342 0.0009191176504828036 0.0020833334419876337
0.0 0.8860294222831726 0.3203125298023224 0.0018382353009656072 0.0031250002793967724
0.0 0.7807904481887817 0.8119792342185974 0.0009191176504828036 0.0031250002793967724
0.0 0.7693014740943909 0.9385417103767395 0.0018382353009656072 0.0020833334419876337
0.0 0.8446691036224365 0.9791667461395264 0.0018382353009656072 0.0020833334419876337
0.0 0.8616728186607361 0.6447917222976685 0.004595588427037001 0.006250000558793545
0.0 0.8088235259056091 0.8531250357627869 0.0018382353009656072 0.004166666883975267
0.0 0.8681066036224365 0.714062511920929 0.0009191176504828036 0.0031250002793967724
0.0 0.8501838445663452 0.7697917222976685 0.0018382353009656072 0.004166666883975267
0.0 0.21783088147640228 0.21666668355464935 0.007352941203862429 0.010416666977107525
0.0 0.2711397111415863 0.7682291865348816 0.0018382353009656072 0.0031250002793967724
0.0 0.8538603186607361 0.4723958671092987 0.0036764706019312143 0.0052083334885537624
0.0 0.48805147409439087 0.612500011920929 0.0036764706019312143 0.004166666883975267
0.0 0.34880515933036804 0.7541667222976685 0.01194852963089943 0.01666666753590107
0.0 0.3492647111415863 0.6031250357627869 0.005514706019312143 0.004166666883975267
0.0 0.45358455181121826 0.6604167222976685 0.006433823611587286 0.006250000558793545
