0.0 0.3249080777168274 0.753125011920929 0.0009191176504828036 0.0020833334419876337
0.0 0.7748161554336548 0.29375001788139343 0.0018382353009656072 0.0020833334419876337
0.0 0.6723345518112183 0.9458333849906921 0.0009191176504828036 0.0020833334419876337
0.0 0.7182904481887817 0.9687500596046448 0.0009191176504828036 0.0020833334419876337
0.0 0.7435661554336548 0.3161458373069763 0.0018382353009656072 0.0010416667209938169
0.0 0.7826286554336548 0.27656251192092896 0.0009191176504828036 0.0010416667209938169
0.0 0.8556985259056091 0.17031250894069672 0.0018382353009656072 0.0031250002793967724
0.0 0.15670956671237946 0.5026041865348816 0.0009191176504828036 0.0010416667209938169
0.0 0.8543198704719543 0.19635418057441711 0.0009191176504828036 0.0010416667209938169
0.0 0.5399816036224365 0.7718750238418579 0.0009191176504828036 0.0020833334419876337
0.0 0.5877757668495178 0.31302085518836975 0.0009191176504828036 0.0010416667209938169
0.0 0.21920956671237946 0.7932292222976685 0.0009191176504828036 0.0010416667209938169
0.0 0.6953125 0.7645833492279053 0.0009191176504828036 0.0020833334419876337
0.0 0.5381433963775635 0.0963541716337204 0.0009191176504828036 0.0010416667209938169
0.0 0.8846507668495178 0.7093750238418579 0.0009191176504828036 0.0020833334419876337
0.0 0.7780330777168274 0.13645833730697632 0.0009191176504828036 0.0020833334419876337
0.0 0.4186580777168274 0.8734375238418579 0.0009191176504828036 0.0010416667209938169
0.0 0.44577205181121826 0.8901042342185974 0.0018382353009656072 0.0031250002793967724
0.0 0.7936580777168274 0.3473958373069763 0.0009191176504828036 0.0010416667209938169
0.0 0.42233455181121826 0.8723958730697632 0.0009191176504828036 0.0010416667209938169
0.0 0.6842830777168274 0.39114585518836975 0.0009191176504828036 0.0010416667209938169
0.0 0.7761948704719543 0.27135416865348816 0.0009191176504828036 0.0010416667209938169
0.0 0.47380515933036804 0.6942708492279053 0.0009191176504828036 0.0010416667209938169
0.0 0.4820772111415863 0.8671875596046448 0.0009191176504828036 0.0010416667209938169
0.0 0.6879595518112183 0.468229204416275 0.0009191176504828036 0.0010416667209938169
0.0 0.2991727888584137 0.46510419249534607 0.0027573530096560717 0.0010416667209938169
0.0 0.6171875 0.4895833730697632 0.0009191176504828036 0.0020833334419876337
0.0 0.6282169222831726 0.5083333849906921 0.0009191176504828036 0.0020833334419876337
0.0 0.6603860259056091 0.3359375298023224 0.0009191176504828036 0.0010416667209938169
0.0 0.4241727888584137 0.47812503576278687 0.0009191176504828036 0.0020833334419876337
0.0 0.5124080777168274 0.7510417103767395 0.0009191176504828036 0.0020833334419876337
0.0 0.6925551295280457 0.91302090883255 0.0009191176504828036 0.0010416667209938169
0.0 0.36902573704719543 0.8916667103767395 0.0009191176504828036 0.0020833334419876337
0.0 0.9315257668495178 0.2265625149011612 0.0009191176504828036 0.0010416667209938169
0.0 0.6870404481887817 0.9968750476837158 0.0009191176504828036 0.0020833334419876337
0.0 0.5367646813392639 0.6895833611488342 0.0018382353009656072 0.0020833334419876337
0.0 0.5367646813392639 0.33125001192092896 0.0018382353009656072 0.0020833334419876337
0.0 0.3272058963775635 0.3687500059604645 0.0018382353009656072 0.0020833334419876337
0.0 0.7394301295280457 0.36927086114883423 0.0009191176504828036 0.0010416667209938169
0.0 0.8377757668495178 0.21666668355464935 0.0009191176504828036 0.0020833334419876337
0.0 0.7228860259056091 0.9140625596046448 0.0009191176504828036 0.0010416667209938169
0.0 0.7780330777168274 0.2395833432674408 0.0009191176504828036 0.0020833334419876337
0.0 0.6783088445663452 0.23593750596046448 0.0018382353009656072 0.0010416667209938169
0.0 0.21920956671237946 0.526562511920929 0.0009191176504828036 0.0010416667209938169
0.0 0.8193933963775635 0.8687500357627869 0.0009191176504828036 0.0020833334419876337
0.0 0.7996323704719543 0.30520835518836975 0.0018382353009656072 0.0020833334419876337
0.0 0.9048713445663452 0.03229166939854622 0.0009191176504828036 0.0020833334419876337
0.0 0.5634191036224365 0.7078125476837158 0.0018382353009656072 0.0031250002793967724
0.0 0.7173713445663452 0.35885417461395264 0.0009191176504828036 0.0010416667209938169
0.0 0.8056066036224365 0.2447916865348816 0.0009191176504828036 0.0020833334419876337
0.0 0.4756433963775635 0.9078125357627869 0.0009191176504828036 0.0010416667209938169
0.0 0.14430147409439087 0.8223958611488342 0.0018382353009656072 0.0010416667209938169
0.0 0.17141544818878174 0.9223958849906921 0.0009191176504828036 0.0010416667209938169
0.0 0.7844669222831726 0.17552083730697632 0.0009191176504828036 0.0010416667209938169
0.0 0.9039521813392639 0.15156251192092896 0.0009191176504828036 0.0010416667209938169
0.0 0.5500919222831726 0.3765625059604645 0.0009191176504828036 0.0010416667209938169
0.0 0.7339154481887817 0.30937501788139343 0.0009191176504828036 0.0020833334419876337
0.0 0.1272977888584137 0.7151042222976685 0.0009191176504828036 0.0010416667209938169
0.0 0.5036764740943909 0.3906250298023224 0.0018382353009656072 0.0020833334419876337
0.0 0.9232536554336548 0.40677085518836975 0.0009191176504828036 0.0010416667209938169
0.0 0.8570771813392639 0.1796875149011612 0.0009191176504828036 0.0010416667209938169
0.0 0.7242646813392639 0.46406251192092896 0.0018382353009656072 0.0010416667209938169
0.0 0.7982536554336548 0.47968751192092896 0.0009191176504828036 0.0010416667209938169
0.0 0.7752757668495178 0.7234375476837158 0.0009191176504828036 0.0010416667209938169
0.0 0.9480698704719543 0.21666668355464935 0.0009191176504828036 0.0020833334419876337
0.0 0.7881433963775635 0.27916666865348816 0.0009191176504828036 0.0020833334419876337
0.0 0.6709558963775635 0.3723958432674408 0.0018382353009656072 0.0010416667209938169
0.0 0.07904411852359772 0.8791667222976685 0.0018382353009656072 0.0020833334419876337
0.0 0.53125 0.444791704416275 0.0018382353009656072 0.0020833334419876337
0.0 0.4462316334247589 0.7411458492279053 0.0009191176504828036 0.0010416667209938169
0.0 0.7890625 0.5687500238418579 0.0009191176504828036 0.0020833334419876337
0.0 0.7982536554336548 0.2968750298023224 0.0009191176504828036 0.0020833334419876337
0.0 0.9480698704719543 0.9328125715255737 0.0009191176504828036 0.0010416667209938169
0.0 0.5326286554336548 0.6927083730697632 0.0009191176504828036 0.0020833334419876337
0.0 0.537224292755127 0.7786458730697632 0.0009191176504828036 0.0031250002793967724
0.0 0.599724292755127 0.6567708849906921 0.0009191176504828036 0.0010416667209938169
0.0 0.529411792755127 0.7265625596046448 0.0036764706019312143 0.0052083334885537624
0.0 0.40579044818878174 0.4635416865348816 0.0009191176504828036 0.0020833334419876337
0.0 0.5326286554336548 0.5604166984558105 0.0009191176504828036 0.0020833334419876337
0.0 0.1741727888584137 0.7046875357627869 0.0009191176504828036 0.0010416667209938169
0.0 0.7150735259056091 0.8109375238418579 0.0036764706019312143 0.0031250002793967724
0.0 0.41222426295280457 0.9937500357627869 0.0009191176504828036 0.0020833334419876337
0.0 0.39476102590560913 0.8781250715255737 0.0009191176504828036 0.0020833334419876337
0.0 0.12086397409439087 0.9869792461395264 0.0009191176504828036 0.0010416667209938169
0.0 0.6838235259056091 0.3864583671092987 0.0018382353009656072 0.0020833334419876337
0.0 0.8092830777168274 0.4869791865348816 0.0009191176504828036 0.0010416667209938169
0.0 0.25045955181121826 0.42656251788139343 0.0009191176504828036 0.0010416667209938169
0.0 0.009650735184550285 0.6572917103767395 0.0027573530096560717 0.0020833334419876337
0.0 0.22380514442920685 0.6333333849906921 0.0009191176504828036 0.0020833334419876337
0.0 0.9600183963775635 0.4166666865348816 0.0009191176504828036 0.0020833334419876337
0.0 0.7049632668495178 0.37135419249534607 0.0018382353009656072 0.0031250002793967724
0.0 0.7486213445663452 0.3255208432674408 0.0009191176504828036 0.0010416667209938169
0.0 0.6962316036224365 0.7770833969116211 0.0009191176504828036 0.0020833334419876337
0.0 0.9439338445663452 0.13333334028720856 0.0018382353009656072 0.0020833334419876337
0.0 0.28630515933036804 0.9015625715255737 0.0009191176504828036 0.0010416667209938169
0.0 0.45818015933036804 0.4520833492279053 0.0009191176504828036 0.0020833334419876337
0.0 0.09329044073820114 0.5718750357627869 0.0009191176504828036 0.0020833334419876337
0.0 0.1507352888584137 0.8901042342185974 0.0018382353009656072 0.0010416667209938169
0.0 0.49402573704719543 0.6526042222976685 0.0009191176504828036 0.0010416667209938169
0.0 0.7706801295280457 0.7416667342185974 0.0009191176504828036 0.0020833334419876337
0.0 0.5179228186607361 0.3968750238418579 0.0009191176504828036 0.0020833334419876337
0.0 0.5073529481887817 0.5843750238418579 0.0018382353009656072 0.0020833334419876337
0.0 0.11351103335618973 0.9869792461395264 0.0009191176504828036 0.0010416667209938169
0.0 0.40992647409439087 0.9963542222976685 0.0018382353009656072 0.0031250002793967724
0.0 0.6787683963775635 0.9114583730697632 0.0009191176504828036 0.0020833334419876337
0.0 0.6999080777168274 0.8270833492279053 0.0009191176504828036 0.0020833334419876337
0.0 0.9214154481887817 0.7463542222976685 0.0009191176504828036 0.0010416667209938169
0.0 0.7192095518112183 0.3453125059604645 0.0009191176504828036 0.0010416667209938169
0.0 0.7334558963775635 0.3760416805744171 0.0018382353009656072 0.0020833334419876337
0.0 0.7201286554336548 0.7593750357627869 0.0009191176504828036 0.0020833334419876337
0.0 0.5556066036224365 0.7692708969116211 0.0009191176504828036 0.0010416667209938169
0.0 0.6806066036224365 0.3031250238418579 0.0009191176504828036 0.0020833334419876337
0.0 0.8216911554336548 0.3463541865348816 0.0018382353009656072 0.0010416667209938169
0.0 0.25965073704719543 0.7078125476837158 0.0009191176504828036 0.0010416667209938169
0.0 0.20358456671237946 0.6302083730697632 0.0009191176504828036 0.0020833334419876337
0.0 0.5831801295280457 0.4557291865348816 0.0009191176504828036 0.0010416667209938169
0.0 0.46369484066963196 0.8625000715255737 0.0009191176504828036 0.0020833334419876337
0.0 0.8276654481887817 0.36927086114883423 0.0009191176504828036 0.0010416667209938169
0.0 0.19806985557079315 0.4557291865348816 0.0027573530096560717 0.0010416667209938169
0.0 0.6034007668495178 0.6156250238418579 0.0009191176504828036 0.0020833334419876337
0.0 0.6107536554336548 0.32343751192092896 0.0009191176504828036 0.0010416667209938169
0.0 0.39568015933036804 0.9192708730697632 0.0009191176504828036 0.0010416667209938169
0.0 0.9260110259056091 0.8453125357627869 0.0009191176504828036 0.0010416667209938169
0.0 0.08226103335618973 0.9098958969116211 0.0009191176504828036 0.0010416667209938169
0.0 0.4908088147640228 0.7656250596046448 0.0018382353009656072 0.0020833334419876337
0.0 0.3515625 0.8380208611488342 0.0009191176504828036 0.0010416667209938169
0.0 0.43152573704719543 0.9302083849906921 0.0009191176504828036 0.0020833334419876337
0.0 0.8943014740943909 0.7937500476837158 0.0018382353009656072 0.0020833334419876337
0.0 0.90625 0.8494791984558105 0.0018382353009656072 0.0010416667209938169
0.0 0.10064338147640228 0.8197917342185974 0.0009191176504828036 0.0020833334419876337
0.0 0.9260110259056091 0.8989583849906921 0.0009191176504828036 0.0020833334419876337
0.0 0.7329963445663452 0.9026042222976685 0.0009191176504828036 0.0010416667209938169
0.0 0.6948529481887817 0.2984375059604645 0.0018382353009656072 0.0010416667209938169
0.0 0.5004595518112183 0.5682291984558105 0.0009191176504828036 0.0010416667209938169
0.0 0.39016544818878174 0.6598958969116211 0.0009191176504828036 0.0010416667209938169
0.0 0.5193014740943909 0.7015625238418579 0.0018382353009656072 0.0031250002793967724
0.0 0.49034926295280457 0.7838541865348816 0.0027573530096560717 0.00729166716337204
0.0 0.6410845518112183 0.5744792222976685 0.0009191176504828036 0.0010416667209938169
0.0 0.15119485557079315 0.550000011920929 0.0009191176504828036 0.0020833334419876337
0.0 0.9508271813392639 0.9666666984558105 0.0009191176504828036 0.0020833334419876337
0.0 0.4407169222831726 0.9984375238418579 0.0009191176504828036 0.0010416667209938169
0.0 0.5243566036224365 0.7036458849906921 0.0009191176504828036 0.0010416667209938169
0.0 0.6364889740943909 0.6661458611488342 0.0009191176504828036 0.0010416667209938169
0.0 0.8414521813392639 0.5765625238418579 0.0009191176504828036 0.0010416667209938169
0.0 0.31204044818878174 0.6807292103767395 0.0009191176504828036 0.0031250002793967724
0.0 0.42693015933036804 0.9510416984558105 0.0009191176504828036 0.0020833334419876337
0.0 0.39016544818878174 0.5692708492279053 0.0009191176504828036 0.0031250002793967724
0.0 0.5133271813392639 0.7796875238418579 0.0009191176504828036 0.0031250002793967724
0.0 0.09558823704719543 0.5171875357627869 0.0018382353009656072 0.0010416667209938169
0.0 0.7964154481887817 0.8572916984558105 0.0009191176504828036 0.0020833334419876337
0.0 0.9025735259056091 0.3020833432674408 0.0018382353009656072 0.0020833334419876337
0.0 0.6704963445663452 0.4541666805744171 0.0009191176504828036 0.0020833334419876337
0.0 0.29963234066963196 0.4541666805744171 0.0018382353009656072 0.0020833334419876337
0.0 0.5666360259056091 0.589062511920929 0.0009191176504828036 0.0010416667209938169
0.0 0.9191176295280457 0.7859375476837158 0.0018382353009656072 0.0010416667209938169
0.0 0.2748161852359772 0.8791667222976685 0.0018382353009656072 0.0020833334419876337
0.0 0.9816176295280457 0.04479166865348816 0.0018382353009656072 0.0020833334419876337
0.0 0.7201286554336548 0.30885419249534607 0.0027573530096560717 0.0031250002793967724
0.0 0.7274816036224365 0.32343751192092896 0.0009191176504828036 0.0031250002793967724
0.0 0.06709558516740799 0.7630208730697632 0.0018382353009656072 0.0031250002793967724
0.0 0.4462316334247589 0.88958340883255 0.0009191176504828036 0.0020833334419876337
0.0 0.12454044073820114 0.5864583849906921 0.0009191176504828036 0.0020833334419876337
0.0 0.49724265933036804 0.7348958849906921 0.0018382353009656072 0.0031250002793967724
0.0 0.6144301295280457 0.6119791865348816 0.0009191176504828036 0.0010416667209938169
0.0 0.5238970518112183 0.7098958492279053 0.0018382353009656072 0.0010416667209938169
0.0 0.5317095518112183 0.4442708492279053 0.0009191176504828036 0.0010416667209938169
0.0 0.2008272111415863 0.8932291865348816 0.0009191176504828036 0.0031250002793967724
0.0 0.7104779481887817 0.35364586114883423 0.0018382353009656072 0.0010416667209938169
0.0 0.7274816036224365 0.9656250476837158 0.0009191176504828036 0.0020833334419876337
0.0 0.2821691334247589 0.9885417222976685 0.0018382353009656072 0.0020833334419876337
0.0 0.5487132668495178 0.4697916805744171 0.0018382353009656072 0.0020833334419876337
0.0 0.6649816036224365 0.9838542342185974 0.0009191176504828036 0.0010416667209938169
0.0 0.8331801295280457 0.92083340883255 0.0009191176504828036 0.0020833334419876337
0.0 0.9002757668495178 0.8593750596046448 0.0009191176504828036 0.0020833334419876337
0.0 0.9880514740943909 0.8145833611488342 0.0018382353009656072 0.0020833334419876337
0.0 0.552849292755127 0.7286458611488342 0.0009191176504828036 0.0031250002793967724
0.0 0.7109375 0.9161458611488342 0.0009191176504828036 0.0010416667209938169
0.0 0.5638786554336548 0.7083333730697632 0.0009191176504828036 0.0020833334419876337
0.0 0.7555146813392639 0.24687501788139343 0.0018382353009656072 0.004166666883975267
0.0 0.030330883339047432 0.8401042222976685 0.0018382353009656072 0.0031250002793967724
0.0 0.677849292755127 0.9744791984558105 0.0009191176504828036 0.0010416667209938169
0.0 0.33547794818878174 0.2927083373069763 0.0018382353009656072 0.0020833334419876337
0.0 0.5363051295280457 0.7130208611488342 0.0009191176504828036 0.0031250002793967724
0.0 0.921875 0.8802083730697632 0.0018382353009656072 0.0020833334419876337
0.0 0.3961397111415863 0.7791666984558105 0.0018382353009656072 0.0020833334419876337
0.0 0.7017463445663452 0.9713542461395264 0.0009191176504828036 0.0031250002793967724
0.0 0.6355698704719543 0.5125000476837158 0.0009191176504828036 0.0020833334419876337
0.0 0.3929227888584137 0.8416666984558105 0.0009191176504828036 0.0020833334419876337
0.0 0.9310661554336548 0.8354167342185974 0.0036764706019312143 0.004166666883975267
0.0 0.9476103186607361 0.9041666984558105 0.0018382353009656072 0.0020833334419876337
0.0 0.41819852590560913 0.9968750476837158 0.0018382353009656072 0.0020833334419876337
0.0 0.19393382966518402 0.6604167222976685 0.0018382353009656072 0.0020833334419876337
0.0 0.4595588147640228 0.8958333730697632 0.0018382353009656072 0.0020833334419876337
0.0 0.84375 0.6822916865348816 0.0018382353009656072 0.0020833334419876337
0.0 0.45909926295280457 0.9182292222976685 0.0027573530096560717 0.0031250002793967724
0.0 0.6043198704719543 0.5932291746139526 0.0009191176504828036 0.0010416667209938169
0.0 0.9476103186607361 0.7583333849906921 0.0018382353009656072 0.0020833334419876337
0.0 0.6135110259056091 0.6692708730697632 0.0009191176504828036 0.0010416667209938169
0.0 0.6098345518112183 0.550000011920929 0.0009191176504828036 0.0020833334419876337
0.0 0.41222426295280457 0.9671875238418579 0.0009191176504828036 0.0031250002793967724
0.0 0.5923713445663452 0.6859375238418579 0.0009191176504828036 0.0010416667209938169
0.0 0.15211397409439087 0.8531250357627869 0.0009191176504828036 0.0020833334419876337
0.0 0.8120404481887817 0.49010419845581055 0.0009191176504828036 0.0010416667209938169
0.0 0.5758271813392639 0.6536458730697632 0.0009191176504828036 0.0010416667209938169
0.0 0.646599292755127 0.659375011920929 0.0027573530096560717 0.004166666883975267
0.0 0.6144301295280457 0.460416704416275 0.0009191176504828036 0.0020833334419876337
0.0 0.10064338147640228 0.5437500476837158 0.0027573530096560717 0.0020833334419876337
0.0 0.7201286554336548 0.3578125238418579 0.0027573530096560717 0.0031250002793967724
0.0 0.11764705926179886 0.5776041746139526 0.0018382353009656072 0.0052083334885537624
0.0 0.7807904481887817 0.6390625238418579 0.0009191176504828036 0.0031250002793967724
0.0 0.34742647409439087 0.27656251192092896 0.0018382353009656072 0.0031250002793967724
0.0 0.20726102590560913 0.5442708730697632 0.0009191176504828036 0.0031250002793967724
0.0 0.2008272111415863 0.46562501788139343 0.0027573530096560717 0.0020833334419876337
0.0 0.6488970518112183 0.499479204416275 0.0018382353009656072 0.0031250002793967724
0.0 0.630974292755127 0.5729166865348816 0.0009191176504828036 0.0020833334419876337
0.0 0.5611213445663452 0.6432291865348816 0.0009191176504828036 0.0010416667209938169
0.0 0.5808823704719543 0.3447916805744171 0.0018382353009656072 0.0020833334419876337
0.0 0.3740808963775635 0.5776041746139526 0.0018382353009656072 0.0031250002793967724
0.0 0.47931984066963196 0.19166667759418488 0.0009191176504828036 0.0020833334419876337
0.0 0.6098345518112183 0.14375001192092896 0.0009191176504828036 0.0020833334419876337
0.0 0.7991728186607361 0.4520833492279053 0.0027573530096560717 0.0020833334419876337
0.0 0.521599292755127 0.1901041716337204 0.006433823611587286 0.00729166716337204
0.0 0.07950367778539658 0.8619791865348816 0.0027573530096560717 0.0031250002793967724
0.0 0.5767463445663452 0.6802083849906921 0.0009191176504828036 0.0020833334419876337
0.0 0.23713235557079315 0.9979166984558105 0.0036764706019312143 0.0020833334419876337
0.0 0.2743566334247589 0.518750011920929 0.0027573530096560717 0.0020833334419876337
0.0 0.8111213445663452 0.7833333611488342 0.0009191176504828036 0.004166666883975267
0.0 0.18106617033481598 0.6510416865348816 0.0018382353009656072 0.0020833334419876337
0.0 0.5969669222831726 0.5687500238418579 0.0009191176504828036 0.0020833334419876337
0.0 0.34742647409439087 0.9369792342185974 0.0018382353009656072 0.0031250002793967724
0.0 0.4241727888584137 0.7812500596046448 0.0027573530096560717 0.004166666883975267
0.0 0.6236213445663452 0.5973958373069763 0.0009191176504828036 0.0010416667209938169
0.0 0.7182904481887817 0.5723958611488342 0.0027573530096560717 0.0031250002793967724
0.0 0.5877757668495178 0.15833334624767303 0.0027573530096560717 0.0020833334419876337
0.0 0.10615808516740799 0.4375000298023224 0.0027573530096560717 0.004166666883975267
0.0 0.9420955777168274 0.36770835518836975 0.0036764706019312143 0.004166666883975267
0.0 0.8929228186607361 0.4739583432674408 0.0027573530096560717 0.004166666883975267
0.0 0.5197610259056091 0.13333334028720856 0.0027573530096560717 0.0020833334419876337
0.0 0.5951286554336548 0.6416667103767395 0.0027573530096560717 0.004166666883975267
0.0 0.3033088147640228 0.38489586114883423 0.007352941203862429 0.00729166716337204
0.0 0.6066176295280457 0.7026041746139526 0.0018382353009656072 0.0031250002793967724
