0.0 0.9499080777168274 0.49270835518836975 0.0009191176504828036 0.0020833334419876337
0.0 0.35523897409439087 0.7593750357627869 0.0009191176504828036 0.0020833334419876337
0.0 0.38648897409439087 0.3942708671092987 0.0009191176504828036 0.0010416667209938169
0.0 0.8791360259056091 0.13177083432674408 0.0009191176504828036 0.0010416667209938169
0.0 0.4048713147640228 0.3317708373069763 0.0009191176504828036 0.0010416667209938169
0.0 0.4977022111415863 0.1588541716337204 0.0009191176504828036 0.0010416667209938169
0.0 0.19898897409439087 0.4880208671092987 0.0009191176504828036 0.0010416667209938169
0.0 0.6006433963775635 0.6651042103767395 0.0009191176504828036 0.0010416667209938169
0.0 0.8782169222831726 0.5697916746139526 0.0009191176504828036 0.0020833334419876337
0.0 0.8708639740943909 0.5515625476837158 0.0009191176504828036 0.0010416667209938169
0.0 0.2054227888584137 0.3906250298023224 0.004595588427037001 0.006250000558793545
0.0 0.505974292755127 0.09322917461395264 0.0009191176504828036 0.0010416667209938169
0.0 0.7022058963775635 0.0598958358168602 0.0018382353009656072 0.0031250002793967724
0.0 0.22012867033481598 0.2161458432674408 0.0009191176504828036 0.0010416667209938169
0.0 0.6773896813392639 0.5145833492279053 0.0018382353009656072 0.0020833334419876337
0.0 0.10891544073820114 0.5604166984558105 0.0009191176504828036 0.0020833334419876337
0.0 0.3883272111415863 0.09218750149011612 0.0009191176504828036 0.0010416667209938169
0.0 0.5647978186607361 0.17135417461395264 0.0009191176504828036 0.0010416667209938169
0.0 0.31617647409439087 0.4125000238418579 0.0018382353009656072 0.0020833334419876337
0.0 0.4857536852359772 0.12708334624767303 0.0009191176504828036 0.0020833334419876337
0.0 0.755974292755127 0.7593750357627869 0.0009191176504828036 0.0020833334419876337
0.0 0.5307904481887817 0.9890625476837158 0.0009191176504828036 0.0010416667209938169
0.0 0.9388786554336548 0.5088542103767395 0.0009191176504828036 0.0010416667209938169
0.0 0.5579044222831726 0.16822917759418488 0.0018382353009656072 0.0010416667209938169
0.0 0.8010110259056091 0.7119792103767395 0.0009191176504828036 0.0010416667209938169
0.0 0.8152573704719543 0.3942708671092987 0.0018382353009656072 0.0031250002793967724
0.0 0.5409007668495178 0.2723958492279053 0.0009191176504828036 0.0010416667209938169
0.0 0.08501838147640228 0.36666667461395264 0.0009191176504828036 0.0020833334419876337
0.0 0.45909926295280457 0.8942708969116211 0.0009191176504828036 0.0010416667209938169
0.0 0.5739889740943909 0.01927083358168602 0.0009191176504828036 0.0010416667209938169
0.0 0.9664521813392639 0.5005208849906921 0.0009191176504828036 0.0010416667209938169
0.0 0.5261948704719543 0.0572916679084301 0.0009191176504828036 0.0020833334419876337
0.0 0.06204044073820114 0.8755208849906921 0.0009191176504828036 0.0010416667209938169
0.0 0.7651654481887817 0.7093750238418579 0.0009191176504828036 0.0020833334419876337
0.0 0.29319852590560913 0.2682291865348816 0.0018382353009656072 0.0010416667209938169
0.0 0.26194852590560913 0.01614583469927311 0.0018382353009656072 0.0010416667209938169
0.0 0.05101102963089943 0.4776041805744171 0.0009191176504828036 0.0010416667209938169
0.0 0.8910845518112183 0.5916666984558105 0.0027573530096560717 0.004166666883975267
0.0 0.9306066036224365 0.5296875238418579 0.0009191176504828036 0.0010416667209938169
0.0 0.016544118523597717 0.6302083730697632 0.0018382353009656072 0.0020833334419876337
0.0 0.552849292755127 0.17864584922790527 0.0009191176504828036 0.0010416667209938169
0.0 0.9820771813392639 0.9890625476837158 0.0009191176504828036 0.0010416667209938169
0.0 0.8920036554336548 0.14635416865348816 0.0009191176504828036 0.0010416667209938169
0.0 0.8910845518112183 0.6317708492279053 0.0009191176504828036 0.0010416667209938169
0.0 0.23391544818878174 0.3296875059604645 0.0009191176504828036 0.0010416667209938169
0.0 0.615349292755127 0.17031250894069672 0.0009191176504828036 0.0010416667209938169
0.0 0.36213234066963196 0.3296875059604645 0.0018382353009656072 0.0010416667209938169
0.0 0.20174632966518402 0.35885417461395264 0.0027573530096560717 0.0010416667209938169
0.0 0.05147058889269829 0.37552085518836975 0.0018382353009656072 0.0010416667209938169
0.0 0.33180147409439087 0.9697917103767395 0.0018382353009656072 0.0020833334419876337
0.0 0.48713234066963196 0.25416669249534607 0.0036764706019312143 0.004166666883975267
0.0 0.8120404481887817 0.5067708492279053 0.0009191176504828036 0.0010416667209938169
0.0 0.5579044222831726 0.9354166984558105 0.0018382353009656072 0.0020833334419876337
0.0 0.2890625 0.3046875298023224 0.0009191176504828036 0.0010416667209938169
0.0 0.5174632668495178 0.2708333432674408 0.0018382353009656072 0.0020833334419876337
0.0 0.6953125 0.7614583969116211 0.0009191176504828036 0.0020833334419876337
0.0 0.5932904481887817 0.21510417759418488 0.0009191176504828036 0.0010416667209938169
0.0 0.15808823704719543 0.05000000447034836 0.0018382353009656072 0.0020833334419876337
0.0 0.8938419222831726 0.7671875357627869 0.0009191176504828036 0.0010416667209938169
0.0 0.7348345518112183 0.9593750238418579 0.0009191176504828036 0.0020833334419876337
0.0 0.7210478186607361 0.7958333492279053 0.0009191176504828036 0.0020833334419876337
0.0 0.6144301295280457 0.8989583849906921 0.0009191176504828036 0.0020833334419876337
0.0 0.9310661554336548 0.6859375238418579 0.0018382353009656072 0.0031250002793967724
0.0 0.6502757668495178 0.99114590883255 0.0027573530096560717 0.0031250002793967724
0.0 0.10799632221460342 0.2786458432674408 0.0009191176504828036 0.0010416667209938169
0.0 0.7596507668495178 0.3541666865348816 0.0009191176504828036 0.0020833334419876337
0.0 0.6034007668495178 0.2239583432674408 0.0009191176504828036 0.0020833334419876337
0.0 0.8727021813392639 0.12031250447034836 0.0009191176504828036 0.0010416667209938169
0.0 0.1539522111415863 0.460416704416275 0.0009191176504828036 0.0020833334419876337
0.0 0.9659926295280457 0.47083336114883423 0.0018382353009656072 0.004166666883975267
0.0 0.755974292755127 0.6661458611488342 0.0009191176504828036 0.0010416667209938169
0.0 0.24816176295280457 0.5494791865348816 0.0018382353009656072 0.0031250002793967724
0.0 0.5307904481887817 0.17760416865348816 0.0009191176504828036 0.0010416667209938169
0.0 0.3382352888584137 0.34791669249534607 0.0018382353009656072 0.0020833334419876337
0.0 0.5758271813392639 0.5510417222976685 0.0027573530096560717 0.004166666883975267
0.0 0.056525737047195435 0.4958333671092987 0.0027573530096560717 0.0020833334419876337
0.0 0.2725183963775635 0.23489584028720856 0.0009191176504828036 0.0010416667209938169
0.0 0.9494485259056091 0.5723958611488342 0.0018382353009656072 0.0010416667209938169
0.0 0.22702206671237946 0.6536458730697632 0.0018382353009656072 0.0052083334885537624
0.0 0.2610294222831726 0.43385419249534607 0.0018382353009656072 0.0010416667209938169
0.0 0.9094669222831726 0.7864583730697632 0.0009191176504828036 0.0020833334419876337
0.0 0.13419117033481598 0.5171875357627869 0.0018382353009656072 0.0031250002793967724
0.0 0.26608455181121826 0.40781253576278687 0.0009191176504828036 0.0010416667209938169
0.0 0.8428308963775635 0.675000011920929 0.0018382353009656072 0.004166666883975267
0.0 0.5179228186607361 0.19687500596046448 0.0009191176504828036 0.0020833334419876337
0.0 0.5868566036224365 0.06041666865348816 0.0009191176504828036 0.0020833334419876337
0.0 0.22380514442920685 0.0390625037252903 0.0009191176504828036 0.0010416667209938169
0.0 0.19025735557079315 0.43177086114883423 0.0018382353009656072 0.0010416667209938169
0.0 0.8947610259056091 0.9921875596046448 0.0009191176504828036 0.0010416667209938169
0.0 0.8515625 0.3723958432674408 0.0009191176504828036 0.0010416667209938169
0.0 0.07077205926179886 0.4739583432674408 0.0018382353009656072 0.0020833334419876337
0.0 0.5680146813392639 0.0494791679084301 0.0018382353009656072 0.0031250002793967724
0.0 0.6158088445663452 0.04062500223517418 0.0018382353009656072 0.0020833334419876337
0.0 0.9682904481887817 0.36406251788139343 0.0009191176504828036 0.0010416667209938169
0.0 0.30836397409439087 0.17812500894069672 0.004595588427037001 0.004166666883975267
0.0 0.9659926295280457 0.6807292103767395 0.0036764706019312143 0.0031250002793967724
0.0 0.8556985259056091 0.9453125596046448 0.0018382353009656072 0.0010416667209938169
0.0 0.9802389740943909 0.13437500596046448 0.0009191176504828036 0.0020833334419876337
0.0 0.2899816334247589 0.39895835518836975 0.0027573530096560717 0.0020833334419876337
0.0 0.8120404481887817 0.7640625238418579 0.0009191176504828036 0.0010416667209938169
0.0 0.4866727888584137 0.2828125059604645 0.0009191176504828036 0.0010416667209938169
0.0 0.7136948704719543 0.7859375476837158 0.0027573530096560717 0.0010416667209938169
0.0 0.9080882668495178 0.34583336114883423 0.0018382353009656072 0.0020833334419876337
0.0 0.880974292755127 0.1822916716337204 0.0009191176504828036 0.0020833334419876337
0.0 0.8699448704719543 0.2723958492279053 0.0009191176504828036 0.0010416667209938169
0.0 0.2265625 0.2838541865348816 0.0009191176504828036 0.0010416667209938169
0.0 0.5813419222831726 0.11614584177732468 0.0009191176504828036 0.0010416667209938169
0.0 0.8630514740943909 0.5604166984558105 0.0018382353009656072 0.0020833334419876337
0.0 0.7550551295280457 0.40781253576278687 0.0009191176504828036 0.0031250002793967724
0.0 0.030330883339047432 0.7020833492279053 0.0036764706019312143 0.004166666883975267
0.0 0.7302389740943909 0.6822916865348816 0.0009191176504828036 0.0020833334419876337
0.0 0.9149816036224365 0.8036458492279053 0.0009191176504828036 0.0010416667209938169
0.0 0.5206801295280457 0.16197916865348816 0.0009191176504828036 0.0010416667209938169
0.0 0.7807904481887817 0.7947916984558105 0.0009191176504828036 0.0020833334419876337
0.0 0.8772978186607361 0.02291666716337204 0.0009191176504828036 0.0020833334419876337
0.0 0.2936580777168274 0.4765625298023224 0.0009191176504828036 0.0010416667209938169
0.0 0.9384191036224365 0.35364586114883423 0.0018382353009656072 0.0010416667209938169
0.0 0.7784926295280457 0.8291667103767395 0.0018382353009656072 0.0020833334419876337
0.0 0.13419117033481598 0.651562511920929 0.0018382353009656072 0.0031250002793967724
0.0 0.6135110259056091 0.7302083969116211 0.0009191176504828036 0.0020833334419876337
0.0 0.28722426295280457 0.9661458730697632 0.0009191176504828036 0.0031250002793967724
0.0 0.4485294222831726 0.6062500476837158 0.0018382353009656072 0.0020833334419876337
0.0 0.6976103186607361 0.12343750894069672 0.0018382353009656072 0.0010416667209938169
0.0 0.5045955777168274 0.9109375476837158 0.0018382353009656072 0.0031250002793967724
0.0 0.6787683963775635 0.7244791984558105 0.0009191176504828036 0.0010416667209938169
0.0 0.2568933963775635 0.4364583492279053 0.004595588427037001 0.0020833334419876337
0.0 0.6346507668495178 0.8406250476837158 0.0009191176504828036 0.0020833334419876337
0.0 0.5068933963775635 0.11875000596046448 0.0009191176504828036 0.0020833334419876337
0.0 0.3414522111415863 0.41041669249534607 0.0027573530096560717 0.0020833334419876337
0.0 0.7182904481887817 0.9312500357627869 0.0009191176504828036 0.0020833334419876337
0.0 0.5850183963775635 0.8187500238418579 0.0009191176504828036 0.0020833334419876337
0.0 0.9159007668495178 0.5630208849906921 0.0009191176504828036 0.0010416667209938169
0.0 0.9568014740943909 0.24895834922790527 0.0018382353009656072 0.0020833334419876337
0.0 0.9168198704719543 0.3161458373069763 0.0009191176504828036 0.0010416667209938169
0.0 0.26056984066963196 0.44739586114883423 0.0009191176504828036 0.0010416667209938169
0.0 0.9443933963775635 0.4505208432674408 0.0009191176504828036 0.0010416667209938169
0.0 0.7316176295280457 0.7302083969116211 0.0018382353009656072 0.0020833334419876337
0.0 0.2982536852359772 0.3500000238418579 0.0009191176504828036 0.0020833334419876337
0.0 0.2008272111415863 0.45520836114883423 0.0009191176504828036 0.0020833334419876337
0.0 0.8405330777168274 0.9807292222976685 0.0009191176504828036 0.0010416667209938169
0.0 0.875 0.6973958611488342 0.0018382353009656072 0.0010416667209938169
0.0 0.8561580777168274 0.6208333373069763 0.0009191176504828036 0.0020833334419876337
0.0 0.3235294222831726 0.06718750298023224 0.0018382353009656072 0.0010416667209938169
0.0 0.7660845518112183 0.7916666865348816 0.0009191176504828036 0.0020833334419876337
0.0 0.36305147409439087 0.7192708849906921 0.0018382353009656072 0.0031250002793967724
0.0 0.10799632221460342 0.34947919845581055 0.0009191176504828036 0.0010416667209938169
0.0 0.1686580926179886 0.3968750238418579 0.0009191176504828036 0.0020833334419876337
0.0 0.9186580777168274 0.48750001192092896 0.0009191176504828036 0.0020833334419876337
0.0 0.7316176295280457 0.6630208492279053 0.0018382353009656072 0.0010416667209938169
0.0 0.6925551295280457 0.7260417342185974 0.0009191176504828036 0.0020833334419876337
0.0 0.8561580777168274 0.6197916865348816 0.0009191176504828036 0.0020833334419876337
0.0 0.888786792755127 0.6739583611488342 0.0018382353009656072 0.0020833334419876337
0.0 0.42141544818878174 0.2901041805744171 0.0027573530096560717 0.0052083334885537624
0.0 0.23529411852359772 0.7114583849906921 0.0018382353009656072 0.0020833334419876337
0.0 0.5390625 0.2828125059604645 0.0009191176504828036 0.0010416667209938169
0.0 0.6351103186607361 0.8640625476837158 0.0018382353009656072 0.0031250002793967724
0.0 0.41130515933036804 0.2802083492279053 0.0009191176504828036 0.0020833334419876337
0.0 0.4453125 0.3333333432674408 0.0009191176504828036 0.0020833334419876337
0.0 0.36305147409439087 0.34687501192092896 0.0018382353009656072 0.0020833334419876337
0.0 0.9117646813392639 0.6973958611488342 0.0036764706019312143 0.0052083334885537624
0.0 0.6079963445663452 0.0781250074505806 0.0027573530096560717 0.0020833334419876337
0.0 0.9522058963775635 0.48489585518836975 0.0018382353009656072 0.0031250002793967724
0.0 0.6769301295280457 0.7432292103767395 0.0009191176504828036 0.0031250002793967724
0.0 0.8975183963775635 0.6114583611488342 0.0009191176504828036 0.0020833334419876337
0.0 0.5602021813392639 0.0885416716337204 0.0027573530096560717 0.004166666883975267
0.0 0.2601102888584137 0.3541666865348816 0.0018382353009656072 0.004166666883975267
0.0 0.39889705181121826 0.2552083432674408 0.0018382353009656072 0.0020833334419876337
0.0 0.5519301295280457 0.09583333879709244 0.0009191176504828036 0.0020833334419876337
0.0 0.8405330777168274 0.6322916746139526 0.0009191176504828036 0.0020833334419876337
0.0 0.4499080777168274 0.2614583373069763 0.0009191176504828036 0.0020833334419876337
0.0 0.755974292755127 0.6135417222976685 0.0009191176504828036 0.0020833334419876337
0.0 0.29181984066963196 0.13437500596046448 0.0009191176504828036 0.0020833334419876337
0.0 0.3515625 0.39791667461395264 0.0009191176504828036 0.0020833334419876337
0.0 0.9453125 0.6177083849906921 0.0009191176504828036 0.0020833334419876337
0.0 0.16314338147640228 0.4687500298023224 0.0027573530096560717 0.004166666883975267
0.0 0.009650735184550285 0.6848958730697632 0.0027573530096560717 0.0031250002793967724
0.0 0.7366728186607361 0.7911458611488342 0.0009191176504828036 0.0010416667209938169
0.0 0.8290441036224365 0.5078125 0.0018382353009656072 0.0031250002793967724
0.0 0.4361213147640228 0.25208336114883423 0.0009191176504828036 0.0020833334419876337
0.0 0.6006433963775635 0.18333333730697632 0.0009191176504828036 0.0020833334419876337
0.0 0.9315257668495178 0.6869791746139526 0.0027573530096560717 0.0031250002793967724
0.0 0.9604779481887817 0.03802083432674408 0.0018382353009656072 0.0031250002793967724
0.0 0.36351102590560913 0.8182291984558105 0.0009191176504828036 0.0031250002793967724
0.0 0.1842830926179886 0.3427083492279053 0.0009191176504828036 0.0020833334419876337
0.0 0.9296875 0.18437500298023224 0.0009191176504828036 0.0020833334419876337
0.0 0.9292279481887817 0.4442708492279053 0.0018382353009656072 0.0010416667209938169
0.0 0.5661764740943909 0.13229167461395264 0.0018382353009656072 0.0020833334419876337
0.0 0.7375919222831726 0.7171875238418579 0.0009191176504828036 0.0031250002793967724
0.0 0.9076286554336548 0.5979167222976685 0.0009191176504828036 0.0020833334419876337
0.0 0.33180147409439087 0.0651041716337204 0.0018382353009656072 0.0031250002793967724
0.0 0.9159007668495178 0.7078125476837158 0.0009191176504828036 0.0031250002793967724
0.0 0.8754595518112183 0.5130208730697632 0.0009191176504828036 0.0031250002793967724
0.0 0.6015625 0.5880208611488342 0.0009191176504828036 0.0010416667209938169
0.0 0.12316176295280457 0.5531250238418579 0.0036764706019312143 0.004166666883975267
0.0 0.7026654481887817 0.9479166865348816 0.004595588427037001 0.004166666883975267
0.0 0.8740808963775635 0.9630208611488342 0.0018382353009656072 0.0031250002793967724
0.0 0.5487132668495178 0.7635416984558105 0.0018382353009656072 0.0020833334419876337
0.0 0.7380514740943909 0.7177083492279053 0.0018382353009656072 0.004166666883975267
0.0 0.9090073704719543 0.42760419845581055 0.0036764706019312143 0.0031250002793967724
0.0 0.5753676295280457 0.06354167312383652 0.0018382353009656072 0.0020833334419876337
0.0 0.6741728186607361 0.9302083849906921 0.0027573530096560717 0.006250000558793545
0.0 0.8745404481887817 0.13645833730697632 0.0009191176504828036 0.0020833334419876337
0.0 0.841911792755127 0.6755208969116211 0.0018382353009656072 0.0031250002793967724
0.0 0.912224292755127 0.9750000238418579 0.0009191176504828036 0.0020833334419876337
0.0 0.8157169222831726 0.39531251788139343 0.0009191176504828036 0.0031250002793967724
0.0 0.30974265933036804 0.3661458492279053 0.0018382353009656072 0.0031250002793967724
0.0 0.8120404481887817 0.6447917222976685 0.0009191176504828036 0.0020833334419876337
0.0 0.935661792755127 0.42239585518836975 0.0018382353009656072 0.0031250002793967724
0.0 0.8079044222831726 0.7729167342185974 0.0018382353009656072 0.0020833334419876337
0.0 0.20680147409439087 0.3895833492279053 0.005514706019312143 0.006250000558793545
0.0 0.5367646813392639 0.1458333432674408 0.0018382353009656072 0.0020833334419876337
0.0 0.6208639740943909 0.4375000298023224 0.0009191176504828036 0.0020833334419876337
0.0 0.7702205777168274 0.7718750238418579 0.0018382353009656072 0.0020833334419876337
0.0 0.2077205926179886 0.29895836114883423 0.0018382353009656072 0.0020833334419876337
0.0 0.1438419073820114 0.2395833432674408 0.0027573530096560717 0.0020833334419876337
0.0 0.34650734066963196 0.36406251788139343 0.0018382353009656072 0.0031250002793967724
0.0 0.7146139740943909 0.5515625476837158 0.0009191176504828036 0.0010416667209938169
0.0 0.07215073704719543 0.6239583492279053 0.004595588427037001 0.004166666883975267
0.0 0.3814338147640228 0.40677085518836975 0.0018382353009656072 0.0031250002793967724
0.0 0.9283088445663452 0.20416668057441711 0.0018382353009656072 0.0020833334419876337
0.0 0.5928308963775635 0.44583335518836975 0.0018382353009656072 0.0020833334419876337
0.0 0.9117646813392639 0.6979166865348816 0.0018382353009656072 0.004166666883975267
0.0 0.8299632668495178 0.6296875476837158 0.0018382353009656072 0.0031250002793967724
0.0 0.16590073704719543 0.45104169845581055 0.004595588427037001 0.0020833334419876337
0.0 0.6383271813392639 0.8875000476837158 0.0027573530096560717 0.004166666883975267
0.0 0.9499080777168274 0.7906250357627869 0.0027573530096560717 0.004166666883975267
0.0 0.2858455777168274 0.3895833492279053 0.0018382353009656072 0.0020833334419876337
0.0 0.37775734066963196 0.5869792103767395 0.0018382353009656072 0.0031250002793967724
0.0 0.6006433963775635 0.10000000894069672 0.0027573530096560717 0.004166666883975267
0.0 0.46369484066963196 0.16979166865348816 0.004595588427037001 0.004166666883975267
0.0 0.7927389740943909 0.6223958730697632 0.0027573530096560717 0.0052083334885537624
0.0 0.3538602888584137 0.21197918057441711 0.005514706019312143 0.0031250002793967724
0.0 0.7931985259056091 0.9510416984558105 0.0018382353009656072 0.006250000558793545
0.0 0.638786792755127 0.9145833849906921 0.005514706019312143 0.008333333767950535
