0 0.394761 0.541146 0.000919 0.001042
0 0.399357 0.765104 0.000919 0.003125
0 0.426011 0.615104 0.000919 0.001042
0 0.930607 0.163542 0.000919 0.002083
0 0.887408 0.113021 0.000919 0.001042
0 0.314798 0.854167 0.000919 0.002083
0 0.289982 0.925521 0.000919 0.001042
0 0.289062 0.486979 0.000919 0.001042
0 0.448070 0.640625 0.000919 0.002083
0 0.602482 0.311979 0.000919 0.001042
0 0.734835 0.311979 0.000919 0.001042
0 0.500919 0.333854 0.001838 0.001042
0 0.241268 0.941146 0.000919 0.001042
0 0.448989 0.575521 0.000919 0.001042
0 0.727941 0.448438 0.001838 0.003125
0 0.146599 0.600000 0.015625 0.022917
0 0.054688 0.726563 0.000919 0.003125
0 0.630974 0.166146 0.000919 0.001042
0 0.256893 0.192188 0.000919 0.001042
0 0.714614 0.035938 0.000919 0.001042
0 0.782629 0.411979 0.000919 0.001042
0 0.487592 0.502604 0.000919 0.001042
0 0.140165 0.366146 0.000919 0.001042
0 0.671875 0.709896 0.001838 0.003125
0 0.695312 0.115104 0.000919 0.001042
0 0.808364 0.651563 0.000919 0.001042
0 0.472426 0.540104 0.001838 0.001042
0 0.511489 0.238021 0.000919 0.001042
0 0.007353 0.637500 0.001838 0.002083
0 0.322610 0.763021 0.001838 0.003125
0 0.763327 0.798438 0.000919 0.001042
0 0.462776 0.574479 0.000919 0.001042
0 0.399357 0.485417 0.000919 0.002083
0 0.698070 0.884896 0.000919 0.001042
0 0.758732 0.396354 0.000919 0.001042
0 0.516085 0.730208 0.000919 0.002083
0 0.544577 0.410938 0.000919 0.001042
0 0.504136 0.603125 0.000919 0.002083
0 0.329044 0.803125 0.001838 0.002083
0 0.211857 0.771875 0.000919 0.002083
0 0.392923 0.217188 0.000919 0.001042
0 0.987592 0.328646 0.000919 0.001042
0 0.514246 0.509896 0.000919 0.001042
0 0.098805 0.246875 0.004596 0.002083
0 0.833640 0.747917 0.001838 0.004167
0 0.663143 0.984896 0.000919 0.001042
0 0.440717 0.793229 0.000919 0.001042
0 0.968290 0.441667 0.000919 0.002083
0 0.561121 0.014063 0.000919 0.001042
0 0.263327 0.339063 0.000919 0.001042
0 0.036305 0.771354 0.000919 0.001042
0 0.600643 0.177083 0.000919 0.002083
0 0.779871 0.288021 0.000919 0.001042
0 0.257353 0.577083 0.001838 0.002083
0 0.713695 0.065104 0.000919 0.001042
0 0.643842 0.122396 0.000919 0.001042
0 0.986673 0.385938 0.000919 0.001042
0 0.856158 0.199479 0.000919 0.001042
0 0.426930 0.623958 0.000919 0.002083
0 0.565257 0.264063 0.001838 0.003125
0 0.782629 0.064063 0.000919 0.001042
0 0.436121 0.572396 0.000919 0.001042
0 0.392004 0.556771 0.000919 0.003125
0 0.195772 0.220313 0.001838 0.001042
0 0.542739 0.399479 0.000919 0.001042
0 0.421415 0.729688 0.000919 0.001042
0 0.621783 0.272917 0.000919 0.002083
0 0.302390 0.908333 0.001838 0.004167
0 0.465074 0.458854 0.003676 0.003125
0 0.297794 0.201563 0.001838 0.001042
0 0.462776 0.644271 0.000919 0.001042
0 0.377757 0.871354 0.001838 0.003125
0 0.319393 0.691667 0.000919 0.002083
0 0.971048 0.148438 0.000919 0.001042
0 0.337776 0.947917 0.000919 0.002083
0 0.615349 0.145313 0.000919 0.001042
0 0.448989 0.700521 0.000919 0.001042
0 0.318474 0.963021 0.000919 0.001042
0 0.269761 0.490104 0.000919 0.001042
0 0.788143 0.413542 0.000919 0.002083
0 0.194393 0.358854 0.000919 0.001042
0 0.308364 0.858333 0.000919 0.002083
0 0.415441 0.050521 0.001838 0.001042
0 0.725643 0.804688 0.000919 0.001042
0 0.413143 0.712500 0.000919 0.004167
0 0.445312 0.461979 0.000919 0.001042
0 0.397059 0.399479 0.001838 0.001042
0 0.415441 0.677604 0.001838 0.001042
0 0.730239 0.752604 0.000919 0.001042
0 0.391544 0.656250 0.001838 0.002083
0 0.352482 0.198438 0.000919 0.001042
0 0.211857 0.933854 0.002757 0.003125
0 0.345129 0.832292 0.000919 0.002083
0 0.611673 0.074479 0.000919 0.001042
0 0.552849 0.430729 0.000919 0.003125
0 0.799173 0.665625 0.000919 0.002083
0 0.403952 0.718229 0.000919 0.001042
0 0.578585 0.291667 0.000919 0.002083
0 0.478401 0.646875 0.000919 0.002083
0 0.374540 0.661979 0.000919 0.001042
0 0.317096 0.615104 0.001838 0.003125
0 0.749540 0.495313 0.000919 0.001042
0 0.845129 0.745313 0.000919 0.001042
0 0.557445 0.596354 0.000919 0.001042
0 0.398438 0.335417 0.000919 0.002083
0 0.952665 0.202604 0.000919 0.001042
0 0.363511 0.847396 0.000919 0.001042
0 0.424173 0.670833 0.000919 0.002083
0 0.165441 0.771875 0.001838 0.002083
0 0.073529 0.345833 0.001838 0.002083
0 0.511489 0.611458 0.000919 0.002083
0 0.022059 0.311458 0.001838 0.002083
0 0.316636 0.615625 0.000919 0.002083
0 0.630974 0.128646 0.000919 0.001042
0 0.795496 0.470313 0.000919 0.001042
0 0.687040 0.785938 0.000919 0.001042
0 0.482077 0.683854 0.000919 0.001042
0 0.315717 0.653646 0.000919 0.001042
0 0.295496 0.964063 0.000919 0.001042
0 0.380515 0.760938 0.001838 0.003125
0 0.060662 0.738542 0.001838 0.002083
0 0.758732 0.660417 0.000919 0.002083
0 0.647518 0.702604 0.000919 0.001042
0 0.481618 0.464583 0.001838 0.002083
0 0.353401 0.825521 0.000919 0.001042
0 0.398438 0.916146 0.000919 0.001042
0 0.537684 0.167188 0.001838 0.001042
0 0.596967 0.230208 0.000919 0.002083
0 0.910386 0.540104 0.000919 0.001042
0 0.076746 0.424479 0.000919 0.001042
0 0.924632 0.884375 0.003676 0.002083
0 0.555607 0.498438 0.000919 0.001042
0 0.361673 0.115104 0.000919 0.001042
0 0.423254 0.595833 0.000919 0.002083
0 0.886489 0.917188 0.000919 0.001042
0 0.482077 0.472917 0.000919 0.002083
0 0.253676 0.920833 0.001838 0.004167
0 0.701746 0.846875 0.000919 0.002083
0 0.517463 0.723958 0.001838 0.002083
0 0.350643 0.112500 0.000919 0.002083
0 0.398438 0.347917 0.000919 0.002083
0 0.295496 0.639063 0.000919 0.003125
0 0.464154 0.350521 0.001838 0.001042
0 0.846967 0.478646 0.000919 0.001042
0 0.176471 0.723958 0.001838 0.002083
0 0.950368 0.421875 0.001838 0.002083
0 0.464614 0.579167 0.000919 0.002083
0 0.033088 0.879688 0.001838 0.003125
0 0.113971 0.431771 0.001838 0.001042
0 0.975184 0.215104 0.001838 0.001042
0 0.321232 0.359896 0.000919 0.001042
0 0.707261 0.918750 0.000919 0.002083
0 0.111213 0.227083 0.001838 0.002083
0 0.368566 0.704688 0.001838 0.005208
0 0.195312 0.334896 0.000919 0.001042
0 0.469210 0.658854 0.000919 0.001042
0 0.528033 0.632813 0.000919 0.001042
0 0.709099 0.077604 0.000919 0.001042
0 0.596967 0.671354 0.000919 0.001042
0 0.502757 0.076042 0.001838 0.002083
0 0.551011 0.842188 0.000919 0.001042
0 0.753217 0.481250 0.000919 0.002083
0 0.644761 0.520313 0.000919 0.001042
0 0.363511 0.997396 0.002757 0.003125
0 0.118566 0.426563 0.001838 0.001042
0 0.420496 0.658854 0.002757 0.003125
0 0.682445 0.659896 0.000919 0.001042
0 0.593290 0.289583 0.000919 0.002083
0 0.541820 0.453125 0.000919 0.002083
0 0.397978 0.544792 0.001838 0.002083
0 0.385570 0.725521 0.000919 0.003125
0 0.559743 0.168750 0.001838 0.002083
0 0.729320 0.110417 0.000919 0.002083
0 0.801011 0.785417 0.000919 0.002083
0 0.574449 0.557292 0.001838 0.002083
0 0.347886 0.789063 0.002757 0.009375
0 0.813879 0.903125 0.000919 0.002083
0 0.728860 0.853646 0.001838 0.001042
0 0.608915 0.553125 0.000919 0.002083
0 0.760570 0.696875 0.000919 0.002083
0 0.115349 0.494792 0.000919 0.002083
0 0.297335 0.732813 0.000919 0.003125
0 0.220129 0.197917 0.000919 0.002083
0 0.363511 0.635938 0.000919 0.003125
0 0.736213 0.547396 0.001838 0.003125
0 0.752298 0.465625 0.000919 0.002083
0 0.877757 0.892708 0.001838 0.002083
0 0.536765 0.346354 0.001838 0.003125
0 0.535386 0.329688 0.000919 0.003125
0 0.744945 0.771354 0.000919 0.003125
0 0.423713 0.684375 0.001838 0.002083
0 0.624540 0.485938 0.000919 0.001042
0 0.326746 0.967188 0.000919 0.003125
0 0.319853 0.958854 0.001838 0.001042
0 0.383732 0.622917 0.000919 0.002083
0 0.891085 0.638021 0.000919 0.001042
0 0.240809 0.921354 0.001838 0.003125
0 0.250000 0.869271 0.001838 0.003125
0 0.280790 0.939063 0.000919 0.003125
0 0.863511 0.396354 0.000919 0.001042
0 0.723805 0.030208 0.000919 0.002083
0 0.307445 0.831250 0.000919 0.002083
0 0.771140 0.498958 0.001838 0.002083
0 0.560202 0.402083 0.000919 0.002083
0 0.686581 0.996875 0.001838 0.004167
0 0.480239 0.750000 0.000919 0.002083
0 0.502298 0.418229 0.000919 0.003125
0 0.721048 0.654167 0.000919 0.002083
0 0.286305 0.977083 0.002757 0.002083
0 0.536765 0.871875 0.001838 0.002083
0 0.382812 0.451563 0.000919 0.003125
0 0.437040 0.429167 0.000919 0.002083
0 0.690257 0.892188 0.001838 0.005208
0 0.919118 0.008333 0.001838 0.002083
0 0.835938 0.092708 0.000919 0.002083
0 0.036305 0.980729 0.004596 0.009375
0 0.284926 0.796875 0.001838 0.002083
0 0.457721 0.626042 0.001838 0.004167
0 0.036765 0.604688 0.001838 0.003125
0 0.281250 0.896875 0.001838 0.002083
0 0.545037 0.391667 0.001838 0.004167
0 0.054688 0.591146 0.002757 0.003125
0 0.523897 0.348958 0.001838 0.004167
0 0.016085 0.485417 0.002757 0.006250
0 0.781250 0.539062 0.001838 0.003125
0 0.917279 0.882292 0.001838 0.002083
0 0.699908 0.130208 0.000919 0.002083
0 0.371324 0.732292 0.001838 0.002083
0 0.950827 0.519792 0.000919 0.002083
0 0.693474 0.858854 0.000919 0.003125
0 0.755974 0.528125 0.000919 0.002083
0 0.296875 0.976042 0.001838 0.002083
0 0.526195 0.448438 0.002757 0.007292
0 0.797794 0.419271 0.001838 0.001042
0 0.513327 0.336458 0.000919 0.002083
0 0.318474 0.717188 0.000919 0.003125
0 0.350643 0.722917 0.002757 0.004167
0 0.780790 0.407292 0.002757 0.002083
0 0.385110 0.640625 0.001838 0.002083
0 0.336397 0.807292 0.001838 0.002083
0 0.493566 0.858333 0.001838 0.002083
0 0.455423 0.564583 0.000919 0.002083
0 0.786765 0.409896 0.001838 0.001042
0 0.482996 0.513021 0.000919 0.003125
0 0.421415 0.872917 0.000919 0.002083
0 0.455882 0.368750 0.001838 0.004167
0 0.865349 0.160938 0.000919 0.003125
0 0.156250 0.786979 0.001838 0.003125
0 0.688419 0.101042 0.001838 0.002083
0 0.394761 0.478646 0.002757 0.007292
0 0.311121 0.981250 0.000919 0.002083
0 0.430147 0.681771 0.001838 0.003125
0 0.715074 0.605729 0.001838 0.003125
0 0.277114 0.852604 0.000919 0.003125
0 0.352941 0.809375 0.003676 0.006250
0 0.404871 0.767188 0.002757 0.003125
0 0.030790 0.455208 0.002757 0.004167
0 0.974265 0.551563 0.001838 0.003125
0 0.384191 0.967188 0.001838 0.003125
0 0.507353 0.443750 0.001838 0.004167
0 0.924173 0.884375 0.002757 0.004167
0 0.305147 0.348438 0.003676 0.003125
0 0.103860 0.719271 0.001838 0.005208
0 0.395221 0.582813 0.003676 0.003125
0 0.732996 0.591146 0.002757 0.003125
0 0.867188 0.543229 0.004596 0.005208
0 0.810202 0.694792 0.002757 0.004167
0 0.302849 0.909375 0.002757 0.004167
0 0.210018 0.959375 0.008272 0.006250
0 0.093290 0.723958 0.002757 0.004167
0 0.340533 0.882292 0.002757 0.002083
0 0.448070 0.275000 0.002757 0.006250
0 0.614890 0.292188 0.001838 0.003125
0 0.129136 0.447917 0.006434 0.004167
0 0.574908 0.557813 0.002757 0.003125
0 0.391085 0.810417 0.004596 0.006250
