0 0.814798 0.657813 0.000919 0.001042
0 0.945312 0.476563 0.000919 0.001042
0 0.299632 0.313021 0.001838 0.001042
0 0.941636 0.332292 0.002757 0.002083
0 0.748621 0.118229 0.000919 0.001042
0 0.125460 0.756250 0.000919 0.002083
0 0.779871 0.660938 0.000919 0.001042
0 0.429228 0.297396 0.001838 0.005208
0 0.524357 0.279688 0.000919 0.001042
0 0.982996 0.131250 0.002757 0.002083
0 0.201746 0.502604 0.000919 0.001042
0 0.285846 0.871875 0.001838 0.002083
0 0.573070 0.110938 0.000919 0.001042
0 0.297335 0.138021 0.000919 0.001042
0 0.885570 0.571354 0.000919 0.001042
0 0.876838 0.269271 0.001838 0.001042
0 0.633272 0.065625 0.001838 0.002083
0 0.173254 0.014063 0.000919 0.001042
0 0.568015 0.051042 0.001838 0.004167
0 0.270221 0.448958 0.005515 0.002083
0 0.107996 0.581771 0.000919 0.003125
0 0.646599 0.925000 0.000919 0.002083
0 0.618566 0.178125 0.001838 0.002083
0 0.883732 0.696354 0.000919 0.001042
0 0.183364 0.408333 0.000919 0.002083
0 0.624540 0.897917 0.000919 0.002083
0 0.608456 0.058333 0.001838 0.002083
0 0.068474 0.493229 0.000919 0.001042
0 0.965533 0.074479 0.000919 0.001042
0 0.870404 0.561979 0.001838 0.003125
0 0.145680 0.871875 0.000919 0.002083
0 0.217371 0.609375 0.000919 0.002083
0 0.369945 0.363021 0.000919 0.001042
0 0.261489 0.247396 0.000919 0.001042
0 0.951287 0.617708 0.001838 0.002083
0 0.820772 0.645833 0.001838 0.002083
0 0.070312 0.313021 0.000919 0.001042
0 0.228401 0.030729 0.000919 0.001042
0 0.309283 0.476563 0.000919 0.001042
0 0.156250 0.780729 0.001838 0.001042
0 0.583640 0.121875 0.001838 0.002083
0 0.584099 0.122396 0.000919 0.001042
0 0.944853 0.722917 0.001838 0.002083
0 0.980699 0.459896 0.001838 0.001042
0 0.595129 0.282813 0.000919 0.001042
0 0.912684 0.338542 0.001838 0.002083
0 0.371324 0.336979 0.001838 0.001042
0 0.674173 0.078125 0.000919 0.002083
0 0.543199 0.183854 0.001838 0.001042
0 0.281710 0.241146 0.000919 0.001042
0 0.903952 0.986979 0.000919 0.001042
0 0.684283 0.671354 0.000919 0.001042
0 0.092371 0.940104 0.000919 0.001042
0 0.493107 0.292188 0.000919 0.003125
0 0.069393 0.388021 0.000919 0.001042
0 0.228401 0.026042 0.000919 0.002083
0 0.219210 0.018229 0.002757 0.001042
0 0.001838 0.373958 0.003676 0.006250
0 0.150735 0.664583 0.001838 0.002083
0 0.586857 0.277083 0.000919 0.002083
0 0.303309 0.276563 0.001838 0.001042
0 0.560662 0.175521 0.001838 0.001042
0 0.335018 0.377083 0.000919 0.002083
0 0.789982 0.796354 0.000919 0.001042
0 0.985754 0.919271 0.000919 0.001042
0 0.419118 0.288542 0.001838 0.002083
0 0.302849 0.408854 0.002757 0.003125
0 0.102022 0.617188 0.001838 0.001042
0 0.442096 0.260938 0.001838 0.001042
0 0.885570 0.541146 0.000919 0.001042
0 0.948989 0.447396 0.000919 0.001042
0 0.849265 0.977604 0.001838 0.001042
0 0.157629 0.283854 0.000919 0.001042
0 0.792739 0.676563 0.000919 0.001042
0 0.348805 0.355729 0.000919 0.001042
0 0.955882 0.571354 0.001838 0.001042
0 0.363511 0.357813 0.000919 0.001042
0 0.554688 0.102604 0.000919 0.001042
0 0.766085 0.669792 0.000919 0.002083
0 0.527114 0.057813 0.000919 0.001042
0 0.249540 0.720833 0.000919 0.002083
0 0.344210 0.970833 0.000919 0.002083
0 0.903952 0.743229 0.000919 0.001042
0 0.615349 0.045833 0.002757 0.002083
0 0.366268 0.766667 0.000919 0.002083
0 0.896140 0.673438 0.001838 0.003125
0 0.352941 0.421354 0.001838 0.003125
0 0.604779 0.191667 0.001838 0.002083
0 0.971967 0.661979 0.000919 0.001042
0 0.314798 0.183854 0.004596 0.005208
0 0.864430 0.620313 0.000919 0.003125
0 0.255055 0.601042 0.000919 0.002083
0 0.582721 0.248958 0.001838 0.002083
0 0.348346 0.355208 0.001838 0.002083
0 0.623621 0.740104 0.000919 0.001042
0 0.744945 0.958854 0.000919 0.001042
0 0.023897 0.458854 0.001838 0.003125
0 0.522059 0.205208 0.001838 0.002083
0 0.775735 0.795313 0.001838 0.003125
0 0.895680 0.147396 0.000919 0.001042
0 0.034926 0.644271 0.001838 0.003125
0 0.510570 0.066146 0.000919 0.001042
0 0.238511 0.292708 0.000919 0.002083
0 0.406250 0.264063 0.001838 0.001042
0 0.087776 0.488542 0.000919 0.002083
0 0.856158 0.685938 0.000919 0.001042
0 0.367188 0.541146 0.000919 0.001042
0 0.935202 0.440625 0.000919 0.002083
0 0.011489 0.197917 0.002757 0.002083
0 0.215993 0.368229 0.001838 0.001042
0 0.941176 0.346354 0.001838 0.001042
0 0.705423 0.768229 0.000919 0.001042
0 0.776195 0.794792 0.000919 0.002083
0 0.456801 0.270313 0.001838 0.001042
0 0.594669 0.822917 0.001838 0.002083
0 0.628217 0.441667 0.000919 0.002083
0 0.453125 0.340104 0.001838 0.003125
0 0.321232 0.375521 0.002757 0.003125
0 0.838695 0.630208 0.002757 0.002083
0 0.274357 0.461979 0.000919 0.001042
0 0.198070 0.352083 0.000919 0.002083
0 0.876379 0.120833 0.000919 0.002083
0 0.534926 0.184896 0.001838 0.001042
0 0.150276 0.531250 0.000919 0.002083
0 0.787684 0.829688 0.001838 0.001042
0 0.925092 0.801042 0.000919 0.002083
0 0.561581 0.094271 0.003676 0.005208
0 0.727482 0.929167 0.000919 0.002083
0 0.923713 0.485417 0.001838 0.002083
0 0.740349 0.131771 0.000919 0.001042
0 0.212776 0.504167 0.000919 0.002083
0 0.587776 0.064583 0.000919 0.002083
0 0.924173 0.707292 0.000919 0.002083
0 0.017923 0.447396 0.000919 0.001042
0 0.933824 0.183854 0.001838 0.001042
0 0.645221 0.865625 0.001838 0.002083
0 0.703125 0.732292 0.001838 0.002083
0 0.398897 0.602604 0.001838 0.001042
0 0.601103 0.448438 0.001838 0.003125
0 0.886489 0.184896 0.000919 0.003125
0 0.704044 0.066667 0.001838 0.004167
0 0.204963 0.445313 0.001838 0.001042
0 0.306526 0.491667 0.000919 0.002083
0 0.210018 0.368229 0.000919 0.003125
0 0.849724 0.632813 0.000919 0.003125
0 0.357077 0.371354 0.002757 0.003125
0 0.584099 0.557813 0.002757 0.005208
0 0.567555 0.935417 0.000919 0.002083
0 0.747702 0.720833 0.000919 0.002083
0 0.864430 0.942708 0.000919 0.002083
0 0.932445 0.203125 0.000919 0.002083
0 0.403033 0.274479 0.002757 0.007292
0 0.373621 0.727604 0.002757 0.003125
0 0.940257 0.418229 0.001838 0.003125
0 0.576287 0.067708 0.001838 0.002083
0 0.822151 0.394271 0.000919 0.003125
0 0.335478 0.059896 0.001838 0.003125
0 0.327206 0.061458 0.001838 0.002083
0 0.780331 0.772917 0.001838 0.002083
0 0.558824 0.771875 0.001838 0.002083
0 0.124081 0.359896 0.001838 0.001042
0 0.262868 0.563542 0.001838 0.002083
0 0.568474 0.139583 0.002757 0.002083
0 0.961857 0.243750 0.000919 0.002083
0 0.101562 0.378125 0.000919 0.002083
0 0.742188 0.733333 0.000919 0.002083
0 0.957261 0.481771 0.002757 0.001042
0 0.298713 0.399479 0.001838 0.003125
0 0.766085 0.618229 0.000919 0.003125
0 0.740349 0.686979 0.000919 0.001042
0 0.272059 0.362500 0.001838 0.004167
0 0.710938 0.944271 0.002757 0.003125
0 0.838235 0.631250 0.003676 0.004167
0 0.741728 0.668229 0.001838 0.001042
0 0.746783 0.795833 0.000919 0.002083
0 0.375000 0.826563 0.001838 0.003125
0 0.963235 0.035417 0.001838 0.002083
0 0.220588 0.308333 0.001838 0.002083
0 0.073989 0.510938 0.002757 0.003125
0 0.922335 0.969792 0.000919 0.002083
0 0.920037 0.697396 0.001838 0.005208
0 0.300092 0.969271 0.000919 0.003125
0 0.881434 0.514583 0.001838 0.002083
0 0.539522 0.152083 0.001838 0.002083
0 0.960018 0.789583 0.002757 0.004167
0 0.835938 0.510417 0.000919 0.002083
0 0.972886 0.681250 0.002757 0.004167
0 0.008272 0.254167 0.001838 0.002083
0 0.938879 0.686458 0.002757 0.004167
0 0.360754 0.220313 0.004596 0.003125
0 0.817555 0.771875 0.000919 0.002083
0 0.215533 0.469792 0.000919 0.002083
0 0.644761 0.843750 0.000919 0.002083
0 0.514246 0.914583 0.000919 0.004167
0 0.850643 0.675000 0.002757 0.004167
0 0.392923 0.416146 0.002757 0.003125
0 0.865809 0.651563 0.003676 0.003125
0 0.701287 0.128125 0.001838 0.002083
0 0.609375 0.084375 0.001838 0.002083
0 0.028033 0.697396 0.002757 0.003125
0 0.163603 0.037500 0.001838 0.002083
0 0.357537 0.371875 0.001838 0.002083
0 0.220588 0.401042 0.005515 0.008333
0 0.801930 0.624479 0.002757 0.005208
0 0.883272 0.959375 0.001838 0.002083
0 0.181066 0.465625 0.003676 0.002083
0 0.155331 0.244271 0.001838 0.003125
0 0.138787 0.568229 0.003676 0.003125
0 0.469669 0.177083 0.003676 0.004167
0 0.914522 0.424479 0.003676 0.003125
0 0.392923 0.416146 0.000919 0.003125
0 0.090533 0.636979 0.004596 0.005208
0 0.177849 0.483333 0.002757 0.004167
0 0.801930 0.948958 0.002757 0.006250
0 0.647978 0.886458 0.003676 0.004167
0 0.683364 0.928125 0.002757 0.006250
0 0.388787 0.594792 0.001838 0.004167
0 0.602941 0.105208 0.003676 0.004167
0 0.648438 0.913021 0.006434 0.007292
