0.0 0.27619484066963196 0.534375011920929 0.0009191176504828036 0.0020833334419876337
0.0 0.6585478186607361 0.03489583358168602 0.0009191176504828036 0.0031250002793967724
0.0 0.6199448704719543 0.09166666865348816 0.0009191176504828036 0.0020833334419876337
0.0 0.40808823704719543 0.15781250596046448 0.0018382353009656072 0.0010416667209938169
0.0 0.17325367033481598 0.28854167461395264 0.0009191176504828036 0.0020833334419876337
0.0 0.3584558963775635 0.9786458611488342 0.0018382353009656072 0.0010416667209938169
0.0 0.5942095518112183 0.3942708671092987 0.0009191176504828036 0.0010416667209938169
0.0 0.9416360259056091 0.1796875149011612 0.0009191176504828036 0.0010416667209938169
0.0 0.6139705777168274 0.15000000596046448 0.0018382353009656072 0.0020833334419876337
0.0 0.5280330777168274 0.24791668355464935 0.0009191176504828036 0.0020833334419876337
0.0 0.6525735259056091 0.00937500037252903 0.0018382353009656072 0.0020833334419876337
0.0 0.125 0.26093751192092896 0.0018382353009656072 0.0010416667209938169
0.0 0.5859375 0.05416667088866234 0.0009191176504828036 0.0020833334419876337
0.0 0.36351102590560913 0.491666704416275 0.0009191176504828036 0.0020833334419876337
0.0 0.6461396813392639 0.15416666865348816 0.0018382353009656072 0.0020833334419876337
0.0 0.6392463445663452 0.8036458492279053 0.0009191176504828036 0.0010416667209938169
0.0 0.3469669222831726 0.3932291865348816 0.0009191176504828036 0.0010416667209938169
0.0 0.34972426295280457 0.5625 0.0027573530096560717 0.0020833334419876337
0.0 0.9113051295280457 0.7734375596046448 0.0009191176504828036 0.0010416667209938169
0.0 0.802849292755127 0.8718750476837158 0.0009191176504828036 0.0020833334419876337
0.0 0.8975183963775635 0.22343751788139343 0.0009191176504828036 0.0010416667209938169
0.0 0.39889705181121826 0.19218750298023224 0.0018382353009656072 0.0010416667209938169
0.0 0.10523897409439087 0.7250000238418579 0.0009191176504828036 0.0020833334419876337
0.0 0.2670036852359772 0.5947917103767395 0.0027573530096560717 0.0020833334419876337
0.0 0.9577205777168274 0.5671875476837158 0.0018382353009656072 0.0031250002793967724
0.0 0.6498161554336548 0.09791667014360428 0.0018382353009656072 0.0020833334419876337
0.0 0.012408087961375713 0.9255208969116211 0.0027573530096560717 0.0031250002793967724
0.0 0.3736213147640228 0.4869791865348816 0.0027573530096560717 0.0031250002793967724
0.0 0.22748161852359772 0.33802086114883423 0.0009191176504828036 0.0010416667209938169
0.0 0.9577205777168274 0.4843750298023224 0.0018382353009656072 0.0020833334419876337
0.0 0.6966911554336548 0.6770833730697632 0.0036764706019312143 0.004166666883975267
0.0 0.4986213147640228 0.27291667461395264 0.0009191176504828036 0.0020833334419876337
0.0 0.5225183963775635 0.09218750149011612 0.0009191176504828036 0.0010416667209938169
0.0 0.10615808516740799 0.7510417103767395 0.0009191176504828036 0.0020833334419876337
0.0 0.6930146813392639 0.9583333730697632 0.0018382353009656072 0.004166666883975267
0.0 0.08226103335618973 0.15729168057441711 0.0009191176504828036 0.0020833334419876337
0.0 0.1116727963089943 0.17760416865348816 0.0009191176504828036 0.0010416667209938169
0.0 0.630974292755127 0.15677084028720856 0.0009191176504828036 0.0010416667209938169
0.0 0.24310661852359772 0.2671875059604645 0.0009191176504828036 0.0010416667209938169
0.0 0.22702206671237946 0.8583333492279053 0.0018382353009656072 0.004166666883975267
0.0 0.0546875 0.4520833492279053 0.0009191176504828036 0.0020833334419876337
0.0 0.8910845518112183 0.38750001788139343 0.0009191176504828036 0.0020833334419876337
0.0 0.3818933963775635 0.40781253576278687 0.0009191176504828036 0.0010416667209938169
0.0 0.5174632668495178 0.19427084922790527 0.0018382353009656072 0.0010416667209938169
0.0 0.7339154481887817 0.7197917103767395 0.0009191176504828036 0.0020833334419876337
0.0 0.46277573704719543 0.38593751192092896 0.0027573530096560717 0.0031250002793967724
0.0 0.7853860259056091 0.11822917312383652 0.0009191176504828036 0.0010416667209938169
0.0 0.47058823704719543 0.2682291865348816 0.0018382353009656072 0.0031250002793967724
0.0 0.5988051295280457 0.1536458432674408 0.0009191176504828036 0.0010416667209938169
0.0 0.39476102590560913 0.7776042222976685 0.0009191176504828036 0.0010416667209938169
0.0 0.9379595518112183 0.0338541679084301 0.0009191176504828036 0.0010416667209938169
0.0 0.24126838147640228 0.4723958671092987 0.0009191176504828036 0.0010416667209938169
0.0 0.6300551295280457 0.27916666865348816 0.0009191176504828036 0.0020833334419876337
0.0 0.43244484066963196 0.4177083671092987 0.0027573530096560717 0.006250000558793545
0.0 0.21737132966518402 0.4661458432674408 0.0009191176504828036 0.0010416667209938169
0.0 0.5822610259056091 0.3046875298023224 0.0009191176504828036 0.0010416667209938169
0.0 0.9673713445663452 0.3890625238418579 0.0009191176504828036 0.0010416667209938169
0.0 0.39246323704719543 0.5572916865348816 0.0018382353009656072 0.0020833334419876337
0.0 0.13419117033481598 0.6979166865348816 0.0018382353009656072 0.0020833334419876337
0.0 0.15579044818878174 0.6322916746139526 0.0009191176504828036 0.0020833334419876337
0.0 0.5193014740943909 0.22447918355464935 0.0018382353009656072 0.0010416667209938169
0.0 0.4977022111415863 0.23541668057441711 0.0009191176504828036 0.0020833334419876337
0.0 0.7642463445663452 0.20781251788139343 0.0009191176504828036 0.0010416667209938169
0.0 0.4094669222831726 0.5651041865348816 0.0009191176504828036 0.0010416667209938169
0.0 0.8832720518112183 0.7343750596046448 0.0018382353009656072 0.004166666883975267
0.0 0.505974292755127 0.26093751192092896 0.0027573530096560717 0.0031250002793967724
0.0 0.3607536852359772 0.5463541746139526 0.0009191176504828036 0.0010416667209938169
0.0 0.3170955777168274 0.5145833492279053 0.0018382353009656072 0.0020833334419876337
0.0 0.203125 0.7875000238418579 0.0018382353009656072 0.0020833334419876337
0.0 0.5850183963775635 0.10625000298023224 0.0009191176504828036 0.0020833334419876337
0.0 0.5523896813392639 0.28854167461395264 0.0018382353009656072 0.0020833334419876337
0.0 0.9733455777168274 0.6432291865348816 0.0018382353009656072 0.0010416667209938169
0.0 0.36213234066963196 0.7072917222976685 0.0018382353009656072 0.0020833334419876337
0.0 0.021599264815449715 0.37968751788139343 0.004595588427037001 0.0031250002793967724
0.0 0.2421875 0.7770833969116211 0.0009191176504828036 0.0020833334419876337
0.0 0.9655330777168274 0.3192708492279053 0.0009191176504828036 0.0010416667209938169
0.0 0.5905330777168274 0.7255208492279053 0.0027573530096560717 0.00729166716337204
0.0 0.07996323704719543 0.8041667342185974 0.0018382353009656072 0.0020833334419876337
0.0 0.9204963445663452 0.20364584028720856 0.0009191176504828036 0.0010416667209938169
0.0 0.29963234066963196 0.6479166746139526 0.0018382353009656072 0.0020833334419876337
0.0 0.3736213147640228 0.5442708730697632 0.0009191176504828036 0.0031250002793967724
0.0 0.5799632668495178 0.19947917759418488 0.0036764706019312143 0.0052083334885537624
0.0 0.6879595518112183 0.16614584624767303 0.0009191176504828036 0.0010416667209938169
0.0 0.33409926295280457 0.5348958373069763 0.0009191176504828036 0.0010416667209938169
0.0 0.05193014815449715 0.5359375476837158 0.0009191176504828036 0.0010416667209938169
0.0 0.7729779481887817 0.5489583611488342 0.0018382353009656072 0.0020833334419876337
0.0 0.8975183963775635 0.20208334922790527 0.0009191176504828036 0.0020833334419876337
0.0 0.5431985259056091 0.28958335518836975 0.0018382353009656072 0.0020833334419876337
0.0 0.5666360259056091 0.1041666716337204 0.0009191176504828036 0.0020833334419876337
0.0 0.47472426295280457 0.41093751788139343 0.0009191176504828036 0.0031250002793967724
0.0 0.2977941334247589 0.44062501192092896 0.0018382353009656072 0.0020833334419876337
0.0 0.9370404481887817 0.4375000298023224 0.0009191176504828036 0.0020833334419876337
0.0 0.20450367033481598 0.6244791746139526 0.0009191176504828036 0.0031250002793967724
0.0 0.4048713147640228 0.34166669845581055 0.0009191176504828036 0.0020833334419876337
0.0 0.6181066036224365 0.3421875238418579 0.0009191176504828036 0.0010416667209938169
0.0 0.3258272111415863 0.37812501192092896 0.0009191176504828036 0.0020833334419876337
0.0 0.4623161852359772 0.3854166865348816 0.0018382353009656072 0.0020833334419876337
0.0 0.584099292755127 0.20677083730697632 0.0009191176504828036 0.0010416667209938169
0.0 0.6511948704719543 0.9822916984558105 0.0009191176504828036 0.0020833334419876337
0.0 0.6420036554336548 0.6166666746139526 0.0009191176504828036 0.0020833334419876337
0.0 0.20726102590560913 0.5093750357627869 0.0027573530096560717 0.0020833334419876337
0.0 0.537224292755127 0.14791667461395264 0.0009191176504828036 0.0020833334419876337
0.0 0.5868566036224365 0.15729168057441711 0.0009191176504828036 0.0020833334419876337
0.0 0.27389705181121826 0.09843750298023224 0.0018382353009656072 0.0010416667209938169
0.0 0.6272978186607361 0.13125000894069672 0.0009191176504828036 0.0020833334419876337
0.0 0.28170955181121826 0.3609375059604645 0.0009191176504828036 0.0010416667209938169
0.0 0.5096507668495178 0.26875001192092896 0.0009191176504828036 0.0020833334419876337
0.0 0.8717830777168274 0.5046875476837158 0.0009191176504828036 0.0031250002793967724
0.0 0.30652573704719543 0.49375003576278687 0.0009191176504828036 0.0020833334419876337
0.0 0.5914521813392639 0.7276042103767395 0.0027573530096560717 0.00937500037252903
0.0 0.30284926295280457 0.39895835518836975 0.0027573530096560717 0.0020833334419876337
0.0 0.7550551295280457 0.22291667759418488 0.0009191176504828036 0.0020833334419876337
0.0 0.5799632668495178 0.23645834624767303 0.0018382353009656072 0.0020833334419876337
0.0 0.36994484066963196 0.4973958730697632 0.0009191176504828036 0.0010416667209938169
0.0 0.2982536852359772 0.5505208373069763 0.0027573530096560717 0.0031250002793967724
0.0 0.8920036554336548 0.20989584922790527 0.0009191176504828036 0.0010416667209938169
0.0 0.7798713445663452 0.48125001788139343 0.0009191176504828036 0.0020833334419876337
0.0 0.21507352590560913 0.04739583656191826 0.0018382353009656072 0.0031250002793967724
0.0 0.17233456671237946 0.5541666746139526 0.0009191176504828036 0.0020833334419876337
0.0 0.6953125 0.9338542222976685 0.0009191176504828036 0.0031250002793967724
0.0 0.22564338147640228 0.03072916902601719 0.0027573530096560717 0.0031250002793967724
0.0 0.30055147409439087 0.2421875149011612 0.0018382353009656072 0.0010416667209938169
0.0 0.5298713445663452 0.31197917461395264 0.0009191176504828036 0.0031250002793967724
0.0 0.31847426295280457 0.2942708432674408 0.004595588427037001 0.0052083334885537624
0.0 0.927849292755127 0.47343751788139343 0.0009191176504828036 0.0031250002793967724
0.0 0.75 0.8583333492279053 0.0018382353009656072 0.0020833334419876337
0.0 0.11029411852359772 0.503125011920929 0.0018382353009656072 0.0020833334419876337
0.0 0.5647978186607361 0.1979166716337204 0.0009191176504828036 0.0020833334419876337
0.0 0.6098345518112183 0.5937500596046448 0.0009191176504828036 0.0020833334419876337
0.0 0.974724292755127 0.8421875238418579 0.0009191176504828036 0.0031250002793967724
0.0 0.5496323704719543 0.25312501192092896 0.0018382353009656072 0.0020833334419876337
0.0 0.5914521813392639 0.35989585518836975 0.0009191176504828036 0.0031250002793967724
0.0 0.47610294818878174 0.28177085518836975 0.0036764706019312143 0.0031250002793967724
0.0 0.9517463445663452 0.5927083492279053 0.0009191176504828036 0.0020833334419876337
0.0 0.35340073704719543 0.44843751192092896 0.0009191176504828036 0.0010416667209938169
0.0 0.8322610259056091 0.8322917222976685 0.0009191176504828036 0.0020833334419876337
0.0 0.5707720518112183 0.2786458432674408 0.0018382353009656072 0.0010416667209938169
0.0 0.4986213147640228 0.41093751788139343 0.0009191176504828036 0.0010416667209938169
0.0 0.9140625 0.03072916902601719 0.0009191176504828036 0.0010416667209938169
0.0 0.16819852590560913 0.14218750596046448 0.0018382353009656072 0.0031250002793967724
0.0 0.7752757668495178 0.8614583611488342 0.0009191176504828036 0.0020833334419876337
0.0 0.552849292755127 0.40937501192092896 0.0009191176504828036 0.0020833334419876337
0.0 0.5133271813392639 0.33281251788139343 0.0009191176504828036 0.0031250002793967724
0.0 0.3336397111415863 0.16197916865348816 0.0018382353009656072 0.0031250002793967724
0.0 0.21507352590560913 0.4385416805744171 0.0018382353009656072 0.0020833334419876337
0.0 0.8492646813392639 0.8145833611488342 0.0036764706019312143 0.004166666883975267
0.0 0.9370404481887817 0.7380208969116211 0.0009191176504828036 0.0010416667209938169
0.0 0.0992647036910057 0.9760417342185974 0.0018382353009656072 0.0020833334419876337
0.0 0.08685661852359772 0.7614583969116211 0.0009191176504828036 0.0020833334419876337
0.0 0.10294117778539658 0.729687511920929 0.0036764706019312143 0.0031250002793967724
0.0 0.8772978186607361 0.8057292103767395 0.0009191176504828036 0.0031250002793967724
0.0 0.23483456671237946 0.4208333492279053 0.0009191176504828036 0.0020833334419876337
0.0 0.8920036554336548 0.22812500596046448 0.0009191176504828036 0.0020833334419876337
0.0 0.06893382221460342 0.6500000357627869 0.0018382353009656072 0.0020833334419876337
0.0 0.7150735259056091 0.2187500149011612 0.0018382353009656072 0.0020833334419876337
0.0 0.1897977888584137 0.4921875298023224 0.0009191176504828036 0.0031250002793967724
0.0 0.5744485259056091 0.01666666753590107 0.0018382353009656072 0.004166666883975267
0.0 0.8984375 0.04270833730697632 0.0009191176504828036 0.0020833334419876337
0.0 0.26608455181121826 0.612500011920929 0.0009191176504828036 0.0020833334419876337
0.0 0.9494485259056091 0.2864583432674408 0.0018382353009656072 0.0020833334419876337
0.0 0.6378676295280457 0.5843750238418579 0.0018382353009656072 0.0020833334419876337
0.0 0.5790441036224365 0.14114584028720856 0.0018382353009656072 0.0031250002793967724
0.0 0.1295955926179886 0.8598958849906921 0.0018382353009656072 0.0031250002793967724
0.0 0.9204963445663452 0.7989583611488342 0.0009191176504828036 0.0020833334419876337
0.0 0.9126838445663452 0.8703125715255737 0.0018382353009656072 0.0031250002793967724
0.0 0.9572610259056091 0.5677083730697632 0.0009191176504828036 0.004166666883975267
0.0 0.9898896813392639 0.8604167103767395 0.0018382353009656072 0.0020833334419876337
0.0 0.020220588892698288 0.9270833730697632 0.005514706019312143 0.004166666883975267
0.0 0.7490808963775635 0.05625000223517418 0.0018382353009656072 0.0020833334419876337
0.0 0.9784007668495178 0.11822917312383652 0.0009191176504828036 0.0031250002793967724
0.0 0.6213235259056091 0.1770833432674408 0.0018382353009656072 0.0020833334419876337
0.0 0.3841911852359772 0.7682291865348816 0.0018382353009656072 0.0052083334885537624
0.0 0.9774816036224365 0.3593750298023224 0.0009191176504828036 0.0020833334419876337
0.0 0.19439338147640228 0.5963541865348816 0.0009191176504828036 0.0031250002793967724
0.0 0.4108455777168274 0.3812500238418579 0.0018382353009656072 0.0020833334419876337
0.0 0.8855698704719543 0.07708333432674408 0.0009191176504828036 0.0020833334419876337
0.0 0.2679227888584137 0.499479204416275 0.0027573530096560717 0.0052083334885537624
0.0 0.45726102590560913 0.792187511920929 0.0009191176504828036 0.0031250002793967724
0.0 0.2936580777168274 0.5411458611488342 0.0027573530096560717 0.0031250002793967724
0.0 0.9921875 0.8833333849906921 0.0027573530096560717 0.004166666883975267
0.0 0.44806984066963196 0.37447917461395264 0.0009191176504828036 0.0031250002793967724
0.0 0.5579044222831726 0.9901041984558105 0.0018382353009656072 0.0031250002793967724
0.0 0.8805146813392639 0.8442708849906921 0.0036764706019312143 0.0031250002793967724
0.0 0.7495404481887817 0.9416667222976685 0.0009191176504828036 0.0020833334419876337
0.0 0.9310661554336548 0.573437511920929 0.0036764706019312143 0.0031250002793967724
0.0 0.4751838147640228 0.2828125059604645 0.007352941203862429 0.0031250002793967724
0.0 0.615349292755127 0.2953125238418579 0.0009191176504828036 0.0031250002793967724
0.0 0.21185661852359772 0.5437500476837158 0.004595588427037001 0.008333333767950535
0.0 0.9577205777168274 0.8906250596046448 0.0018382353009656072 0.004166666883975267
0.0 0.008731617592275143 0.8380208611488342 0.0027573530096560717 0.0031250002793967724
0.0 0.05422794073820114 0.6776041984558105 0.0018382353009656072 0.0031250002793967724
0.0 0.7100183963775635 0.9348958730697632 0.0009191176504828036 0.0031250002793967724
0.0 0.34788602590560913 0.48854169249534607 0.0009191176504828036 0.0020833334419876337
0.0 0.7895220518112183 0.9927083849906921 0.0018382353009656072 0.004166666883975267
0.0 0.8501838445663452 0.6692708730697632 0.0018382353009656072 0.0031250002793967724
0.0 0.9420955777168274 0.9140625596046448 0.0018382353009656072 0.0031250002793967724
0.0 0.8956801295280457 0.675000011920929 0.0009191176504828036 0.0020833334419876337
0.0 0.8621323704719543 0.8208333849906921 0.0018382353009656072 0.0020833334419876337
0.0 0.8998161554336548 0.8989583849906921 0.0018382353009656072 0.0020833334419876337
0.0 0.1484375 0.37135419249534607 0.0027573530096560717 0.0031250002793967724
0.0 0.9485294222831726 0.30885419249534607 0.0018382353009656072 0.0031250002793967724
0.0 0.5726103186607361 0.1875000149011612 0.0036764706019312143 0.006250000558793545
0.0 0.41681984066963196 0.46562501788139343 0.0009191176504828036 0.0020833334419876337
0.0 0.7757353186607361 0.7973958849906921 0.0018382353009656072 0.0031250002793967724
0.0 0.3423713147640228 0.1588541716337204 0.0027573530096560717 0.0031250002793967724
0.0 0.32444852590560913 0.5635417103767395 0.0018382353009656072 0.0020833334419876337
0.0 0.37316176295280457 0.46562501788139343 0.0018382353009656072 0.0020833334419876337
0.0 0.36672794818878174 0.9302083849906921 0.0018382353009656072 0.004166666883975267
0.0 0.45726102590560913 0.4661458432674408 0.0027573530096560717 0.0031250002793967724
0.0 0.2008272111415863 0.5098958611488342 0.0009191176504828036 0.0031250002793967724
0.0 0.12132353335618973 0.7421875596046448 0.0036764706019312143 0.0052083334885537624
0.0 0.8648896813392639 0.8718750476837158 0.0018382353009656072 0.004166666883975267
0.0 0.8354779481887817 0.5348958373069763 0.0018382353009656072 0.0052083334885537624
0.0 0.9370404481887817 0.9015625715255737 0.0027573530096560717 0.0052083334885537624
0.0 0.2509191334247589 0.7348958849906921 0.0018382353009656072 0.0031250002793967724
0.0 0.4227941334247589 0.4072916805744171 0.0018382353009656072 0.0020833334419876337
0.0 0.3920036852359772 0.5583333373069763 0.0027573530096560717 0.004166666883975267
0.0 0.16498161852359772 0.6421875357627869 0.0027573530096560717 0.0031250002793967724
0.0 0.1686580926179886 0.6208333373069763 0.004595588427037001 0.0020833334419876337
0.0 0.615349292755127 0.19843751192092896 0.004595588427037001 0.0052083334885537624
0.0 0.234375 0.92864590883255 0.0018382353009656072 0.0031250002793967724
0.0 0.3561580777168274 0.5072916746139526 0.0027573530096560717 0.004166666883975267
0.0 0.8506433963775635 0.8145833611488342 0.0027573530096560717 0.004166666883975267
0.0 0.8129595518112183 0.8057292103767395 0.0027573530096560717 0.00729166716337204
0.0 0.3648897111415863 0.33385419845581055 0.005514706019312143 0.0031250002793967724
0.0 0.06663603335618973 0.8281250596046448 0.004595588427037001 0.006250000558793545
