0.0 0.9692095518112183 0.01302083395421505 0.0009191176504828036 0.0010416667209938169
0.0 0.4030330777168274 0.7906250357627869 0.0009191176504828036 0.0020833334419876337
0.0 0.4250919222831726 0.8036458492279053 0.0009191176504828036 0.0010416667209938169
0.0 0.9067095518112183 0.9776042103767395 0.0009191176504828036 0.0010416667209938169
0.0 0.6443014740943909 0.3281250298023224 0.0018382353009656072 0.0020833334419876337
0.0 0.3818933963775635 0.19947917759418488 0.0009191176504828036 0.0010416667209938169
0.0 0.9030330777168274 0.29114586114883423 0.0009191176504828036 0.0010416667209938169
0.0 0.38556984066963196 0.44218751788139343 0.0009191176504828036 0.0010416667209938169
0.0 0.8350183963775635 0.13177083432674408 0.0009191176504828036 0.0010416667209938169
0.0 0.8662683963775635 0.17135417461395264 0.0009191176504828036 0.0010416667209938169
0.0 0.802849292755127 0.11093750596046448 0.0009191176504828036 0.0010416667209938169
0.0 0.6760110259056091 0.24635417759418488 0.0009191176504828036 0.0010416667209938169
0.0 0.6420036554336548 0.3838541805744171 0.0009191176504828036 0.0010416667209938169
0.0 0.4756433963775635 0.5661458373069763 0.0009191176504828036 0.0010416667209938169
0.0 0.3984375 0.8447917103767395 0.0009191176504828036 0.0020833334419876337
0.0 0.11626838147640228 0.6348958611488342 0.0009191176504828036 0.0010416667209938169
0.0 0.7311580777168274 0.18177084624767303 0.0009191176504828036 0.0010416667209938169
0.0 0.4232536852359772 0.4218750298023224 0.0009191176504828036 0.0020833334419876337
0.0 0.6305146813392639 0.8656250238418579 0.0018382353009656072 0.006250000558793545
0.0 0.9682904481887817 0.9260417222976685 0.0009191176504828036 0.0020833334419876337
0.0 0.4443933963775635 0.8869792222976685 0.0009191176504828036 0.0010416667209938169
0.0 0.5087316036224365 0.7104166746139526 0.0009191176504828036 0.0020833334419876337
0.0 0.45358455181121826 0.7468750476837158 0.0009191176504828036 0.0020833334419876337
0.0 0.5344669222831726 0.452604204416275 0.0009191176504828036 0.0010416667209938169
0.0 0.6383271813392639 0.9630208611488342 0.0009191176504828036 0.0010416667209938169
0.0 0.7385110259056091 0.8744792342185974 0.0009191176504828036 0.0010416667209938169
0.0 0.6861213445663452 0.8312500715255737 0.0009191176504828036 0.0020833334419876337
0.0 0.08731617778539658 0.8718750476837158 0.0036764706019312143 0.0020833334419876337
0.0 0.4085477888584137 0.5942708849906921 0.0009191176504828036 0.0010416667209938169
0.0 0.46277573704719543 0.8223958611488342 0.0009191176504828036 0.0010416667209938169
0.0 0.47472426295280457 0.8432292342185974 0.0009191176504828036 0.0010416667209938169
0.0 0.020680146291851997 0.8286458849906921 0.0009191176504828036 0.0010416667209938169
0.0 0.6769301295280457 0.3348958492279053 0.0009191176504828036 0.0010416667209938169
0.0 0.48023897409439087 0.6109375357627869 0.0009191176504828036 0.0010416667209938169
0.0 0.5330882668495178 0.706250011920929 0.0018382353009656072 0.0020833334419876337
0.0 0.484375 0.7244791984558105 0.0018382353009656072 0.0010416667209938169
0.0 0.4829963147640228 0.6786458492279053 0.0009191176504828036 0.0010416667209938169
0.0 0.6861213445663452 0.33385419845581055 0.0009191176504828036 0.0010416667209938169
0.0 0.9159007668495178 0.39635419845581055 0.0009191176504828036 0.0010416667209938169
0.0 0.6741728186607361 0.7661458849906921 0.0009191176504828036 0.0010416667209938169
0.0 0.4554227888584137 0.5203125476837158 0.0009191176504828036 0.0010416667209938169
0.0 0.8570771813392639 0.9578125476837158 0.0009191176504828036 0.0010416667209938169
0.0 0.11534926295280457 0.5765625238418579 0.0009191176504828036 0.0010416667209938169
0.0 0.6194853186607361 0.3734375238418579 0.0018382353009656072 0.0010416667209938169
0.0 0.6383271813392639 0.7437500357627869 0.0009191176504828036 0.0020833334419876337
0.0 0.05101102963089943 0.4776041805744171 0.0009191176504828036 0.0010416667209938169
0.0 0.7017463445663452 0.4973958730697632 0.0009191176504828036 0.0010416667209938169
0.0 0.29273897409439087 0.6114583611488342 0.0009191176504828036 0.004166666883975267
0.0 0.6741728186607361 0.635937511920929 0.0009191176504828036 0.0010416667209938169
0.0 0.1585477888584137 0.776562511920929 0.0009191176504828036 0.0010416667209938169
0.0 0.4361213147640228 0.7796875238418579 0.0027573530096560717 0.0031250002793967724
0.0 0.7274816036224365 0.37968751788139343 0.0009191176504828036 0.0010416667209938169
0.0 0.9719669222831726 0.8526042103767395 0.0009191176504828036 0.0010416667209938169
0.0 0.6024816036224365 0.4880208671092987 0.0009191176504828036 0.0010416667209938169
0.0 0.7486213445663452 0.9645833969116211 0.0009191176504828036 0.0020833334419876337
0.0 0.4388786852359772 0.7421875596046448 0.0009191176504828036 0.0010416667209938169
0.0 0.04365808889269829 0.6041666865348816 0.0009191176504828036 0.0020833334419876337
0.0 0.12454044073820114 0.4869791865348816 0.0009191176504828036 0.0010416667209938169
0.0 0.5234375 0.7734375596046448 0.0009191176504828036 0.0010416667209938169
0.0 0.5850183963775635 0.4687500298023224 0.0009191176504828036 0.0020833334419876337
0.0 0.7228860259056091 0.5515625476837158 0.0009191176504828036 0.0010416667209938169
0.0 0.6663603186607361 0.32343751192092896 0.0018382353009656072 0.0010416667209938169
0.0 0.7210478186607361 0.3552083373069763 0.0009191176504828036 0.0020833334419876337
0.0 0.5445771813392639 0.7026041746139526 0.0009191176504828036 0.0010416667209938169
0.0 0.8216911554336548 0.41718751192092896 0.0018382353009656072 0.0010416667209938169
0.0 0.4250919222831726 0.7520833611488342 0.0009191176504828036 0.0020833334419876337
0.0 0.42601102590560913 0.8755208849906921 0.0009191176504828036 0.0010416667209938169
0.0 0.5096507668495178 0.9963542222976685 0.0009191176504828036 0.0010416667209938169
0.0 0.6079963445663452 0.8197917342185974 0.0009191176504828036 0.0020833334419876337
0.0 0.6870404481887817 0.2890625298023224 0.0009191176504828036 0.0010416667209938169
0.0 0.4931066334247589 0.7484375238418579 0.0009191176504828036 0.0010416667209938169
0.0 0.028952205553650856 0.550000011920929 0.0009191176504828036 0.0020833334419876337
0.0 0.5749080777168274 0.3906250298023224 0.0009191176504828036 0.0020833334419876337
0.0 0.9393382668495178 0.7213541865348816 0.0018382353009656072 0.0010416667209938169
0.0 0.8377757668495178 0.01302083395421505 0.0009191176504828036 0.0010416667209938169
0.0 0.3249080777168274 0.9421875476837158 0.0009191176504828036 0.0010416667209938169
0.0 0.6750919222831726 0.13437500596046448 0.0009191176504828036 0.0020833334419876337
0.0 0.7954963445663452 0.02395833469927311 0.0009191176504828036 0.0020833334419876337
0.0 0.359375 0.25 0.0018382353009656072 0.0020833334419876337
0.0 0.8644301295280457 0.9645833969116211 0.0009191176504828036 0.0020833334419876337
0.0 0.6401654481887817 0.3281250298023224 0.0009191176504828036 0.0020833334419876337
0.0 0.6318933963775635 0.7817708849906921 0.0009191176504828036 0.0010416667209938169
0.0 0.1484375 0.46562501788139343 0.0009191176504828036 0.0020833334419876337
0.0 0.3681066334247589 0.9302083849906921 0.0009191176504828036 0.0020833334419876337
0.0 0.5114889740943909 0.6552083492279053 0.0009191176504828036 0.0020833334419876337
0.0 0.36351102590560913 0.9687500596046448 0.0009191176504828036 0.0020833334419876337
0.0 0.7334558963775635 0.22083334624767303 0.0018382353009656072 0.0020833334419876337
0.0 0.9149816036224365 0.8005208969116211 0.0009191176504828036 0.0010416667209938169
0.0 0.849724292755127 0.8296875357627869 0.0009191176504828036 0.0010416667209938169
0.0 0.7385110259056091 0.88958340883255 0.0009191176504828036 0.0020833334419876337
0.0 0.39659926295280457 0.8239583969116211 0.0009191176504828036 0.0020833334419876337
0.0 0.693474292755127 0.3578125238418579 0.0009191176504828036 0.0010416667209938169
0.0 0.8193933963775635 0.8807291984558105 0.0009191176504828036 0.0010416667209938169
0.0 0.08501838147640228 0.6427083611488342 0.0009191176504828036 0.0020833334419876337
0.0 0.20726102590560913 0.42656251788139343 0.0009191176504828036 0.0031250002793967724
0.0 0.7881433963775635 0.42395836114883423 0.0009191176504828036 0.0020833334419876337
0.0 0.6282169222831726 0.3348958492279053 0.0009191176504828036 0.0010416667209938169
0.0 0.5983455777168274 0.38229167461395264 0.0018382353009656072 0.0020833334419876337
0.0 0.9738051295280457 0.7088541984558105 0.0009191176504828036 0.0010416667209938169
0.0 0.9701286554336548 0.7432292103767395 0.0009191176504828036 0.0010416667209938169
0.0 0.7780330777168274 0.6541666984558105 0.0009191176504828036 0.0020833334419876337
0.0 0.7054228186607361 0.7505208849906921 0.0009191176504828036 0.0010416667209938169
0.0 0.29273897409439087 0.7130208611488342 0.0009191176504828036 0.0010416667209938169
0.0 0.5749080777168274 0.5526041984558105 0.0009191176504828036 0.0010416667209938169
0.0 0.44163602590560913 0.7796875238418579 0.0009191176504828036 0.0010416667209938169
0.0 0.4030330777168274 0.8942708969116211 0.0009191176504828036 0.0010416667209938169
0.0 0.11534926295280457 0.8255208730697632 0.0009191176504828036 0.0010416667209938169
0.0 0.4554227888584137 0.5 0.0009191176504828036 0.0020833334419876337
0.0 0.7284007668495178 0.9609375596046448 0.0009191176504828036 0.0010416667209938169
0.0 0.6346507668495178 0.3203125298023224 0.0009191176504828036 0.0010416667209938169
0.0 0.6488970518112183 0.3369791805744171 0.0018382353009656072 0.0010416667209938169
0.0 0.9581801295280457 0.06875000149011612 0.0009191176504828036 0.0020833334419876337
0.0 0.3506433963775635 0.7989583611488342 0.0009191176504828036 0.0020833334419876337
0.0 0.8589154481887817 0.4270833432674408 0.0009191176504828036 0.0020833334419876337
0.0 0.7201286554336548 0.8151041865348816 0.0009191176504828036 0.0010416667209938169
0.0 0.6245404481887817 0.2223958522081375 0.0009191176504828036 0.0010416667209938169
0.0 0.29641544818878174 0.9500000476837158 0.0009191176504828036 0.0020833334419876337
0.0 0.1852022111415863 0.9859375357627869 0.0009191176504828036 0.0010416667209938169
0.0 0.015165441669523716 0.6473958492279053 0.0009191176504828036 0.0010416667209938169
0.0 0.8396139740943909 0.8744792342185974 0.0009191176504828036 0.0010416667209938169
0.0 0.7302389740943909 0.9265625476837158 0.0009191176504828036 0.0010416667209938169
0.0 0.521599292755127 0.6494792103767395 0.0009191176504828036 0.0010416667209938169
0.0 0.6916360259056091 0.16093750298023224 0.0009191176504828036 0.0010416667209938169
0.0 0.6328125 0.9984375238418579 0.0009191176504828036 0.0010416667209938169
0.0 0.8630514740943909 0.9343750476837158 0.0018382353009656072 0.0020833334419876337
0.0 0.5170036554336548 0.6942708492279053 0.0009191176504828036 0.0010416667209938169
0.0 0.7431066036224365 0.8953125476837158 0.0009191176504828036 0.0010416667209938169
0.0 0.5730698704719543 0.45885419845581055 0.0009191176504828036 0.0010416667209938169
0.0 0.7431066036224365 0.17343750596046448 0.0009191176504828036 0.0010416667209938169
0.0 0.9168198704719543 0.5296875238418579 0.0009191176504828036 0.0010416667209938169
0.0 0.4085477888584137 0.4166666865348816 0.0009191176504828036 0.0020833334419876337
0.0 0.5151654481887817 0.635937511920929 0.0009191176504828036 0.0010416667209938169
0.0 0.6999080777168274 0.8291667103767395 0.0009191176504828036 0.0020833334419876337
0.0 0.44898897409439087 0.5875000357627869 0.0009191176504828036 0.0020833334419876337
0.0 0.2642463147640228 0.9453125596046448 0.0009191176504828036 0.0010416667209938169
0.0 0.8671875 0.99895840883255 0.0009191176504828036 0.0020833334419876337
0.0 0.9347426295280457 0.8125000596046448 0.0018382353009656072 0.0020833334419876337
0.0 0.013327205553650856 0.6604167222976685 0.0009191176504828036 0.0020833334419876337
0.0 0.38097426295280457 0.9776042103767395 0.0009191176504828036 0.0010416667209938169
0.0 0.6355698704719543 0.5843750238418579 0.0009191176504828036 0.0020833334419876337
0.0 0.521599292755127 0.7083333730697632 0.0009191176504828036 0.0020833334419876337
0.0 0.6484375 0.9505208730697632 0.0009191176504828036 0.0010416667209938169
0.0 0.4375 0.4723958671092987 0.0018382353009656072 0.0010416667209938169
0.0 0.8423713445663452 0.21822917461395264 0.0009191176504828036 0.0010416667209938169
0.0 0.6364889740943909 0.39114585518836975 0.0009191176504828036 0.0010416667209938169
0.0 0.8359375 0.9125000238418579 0.0009191176504828036 0.0020833334419876337
0.0 0.7596507668495178 0.18385417759418488 0.0009191176504828036 0.0010416667209938169
0.0 0.9453125 0.3125000298023224 0.0009191176504828036 0.0020833334419876337
0.0 0.8690257668495178 0.03854166716337204 0.0009191176504828036 0.0020833334419876337
0.0 0.7587316036224365 0.0937500074505806 0.0009191176504828036 0.0020833334419876337
0.0 0.30744484066963196 0.5005208849906921 0.0009191176504828036 0.0010416667209938169
0.0 0.6135110259056091 0.8744792342185974 0.0009191176504828036 0.0010416667209938169
0.0 0.6236213445663452 0.8286458849906921 0.0009191176504828036 0.0031250002793967724
0.0 0.4388786852359772 0.6000000238418579 0.0009191176504828036 0.0020833334419876337
0.0 0.9439338445663452 0.9708333611488342 0.0018382353009656072 0.0020833334419876337
0.0 0.7536764740943909 0.7104166746139526 0.0018382353009656072 0.0020833334419876337
0.0 0.42784926295280457 0.792187511920929 0.0009191176504828036 0.0010416667209938169
0.0 0.09191176295280457 0.49635419249534607 0.0036764706019312143 0.0010416667209938169
0.0 0.6410845518112183 0.24531251192092896 0.0009191176504828036 0.0010416667209938169
0.0 0.9425551295280457 0.5010417103767395 0.0009191176504828036 0.0020833334419876337
0.0 0.7477021813392639 0.23385417461395264 0.0009191176504828036 0.0010416667209938169
0.0 0.5758271813392639 0.4765625298023224 0.0009191176504828036 0.0010416667209938169
0.0 0.8147978186607361 0.8927083611488342 0.0009191176504828036 0.0020833334419876337
0.0 0.2532169222831726 0.9104167222976685 0.0009191176504828036 0.0020833334419876337
0.0 0.8869485259056091 0.9427083730697632 0.0018382353009656072 0.0020833334419876337
0.0 0.41222426295280457 0.6260417103767395 0.0027573530096560717 0.0020833334419876337
0.0 0.5202205777168274 0.48645836114883423 0.0018382353009656072 0.0020833334419876337
0.0 0.9618566036224365 0.6921875476837158 0.0009191176504828036 0.0010416667209938169
0.0 0.5027573704719543 0.6817708611488342 0.0018382353009656072 0.0031250002793967724
0.0 0.19806985557079315 0.49427086114883423 0.0027573530096560717 0.0031250002793967724
0.0 0.2513786852359772 0.6552083492279053 0.0009191176504828036 0.0020833334419876337
0.0 0.049172792583703995 0.5119792222976685 0.0009191176504828036 0.0010416667209938169
0.0 0.46829044818878174 0.6854166984558105 0.0009191176504828036 0.0020833334419876337
0.0 0.045036766678094864 0.9859375357627869 0.0018382353009656072 0.0010416667209938169
0.0 0.5353860259056091 0.5442708730697632 0.0009191176504828036 0.0010416667209938169
0.0 0.4430147111415863 0.8744792342185974 0.0018382353009656072 0.0010416667209938169
0.0 0.5114889740943909 0.6286458373069763 0.0009191176504828036 0.0010416667209938169
0.0 0.5804228186607361 0.24427084624767303 0.0009191176504828036 0.0010416667209938169
0.0 0.7339154481887817 0.9109375476837158 0.0009191176504828036 0.0031250002793967724
0.0 0.9554228186607361 0.6822916865348816 0.0009191176504828036 0.0020833334419876337
0.0 0.6318933963775635 0.7979167103767395 0.0009191176504828036 0.0020833334419876337
0.0 0.5638786554336548 0.35208335518836975 0.0009191176504828036 0.0020833334419876337
0.0 0.6263786554336548 0.9656250476837158 0.0009191176504828036 0.0020833334419876337
0.0 0.22610294818878174 0.3994791805744171 0.0018382353009656072 0.0031250002793967724
0.0 0.48621323704719543 0.3619791865348816 0.0018382353009656072 0.0010416667209938169
0.0 0.5427389740943909 0.5411458611488342 0.0009191176504828036 0.0010416667209938169
0.0 0.2945772111415863 0.9114583730697632 0.0009191176504828036 0.0020833334419876337
0.0 0.7513786554336548 0.18177084624767303 0.0009191176504828036 0.0010416667209938169
0.0 0.48943015933036804 0.483854204416275 0.0009191176504828036 0.0010416667209938169
0.0 0.9848345518112183 0.5744792222976685 0.0009191176504828036 0.0010416667209938169
0.0 0.5119485259056091 0.14635416865348816 0.0018382353009656072 0.0010416667209938169
0.0 0.5041360259056091 0.6031250357627869 0.0009191176504828036 0.0020833334419876337
0.0 0.23299632966518402 0.3151041865348816 0.0009191176504828036 0.0031250002793967724
0.0 0.3639705777168274 0.99114590883255 0.0018382353009656072 0.0031250002793967724
0.0 0.4430147111415863 0.7390625476837158 0.0018382353009656072 0.0031250002793967724
0.0 0.6539521813392639 0.25416669249534607 0.0009191176504828036 0.0020833334419876337
0.0 0.75 0.17031250894069672 0.0018382353009656072 0.0031250002793967724
0.0 0.9319853186607361 0.7541667222976685 0.0018382353009656072 0.0020833334419876337
0.0 0.1015625 0.9281250238418579 0.0009191176504828036 0.0020833334419876337
0.0 0.1539522111415863 0.7937500476837158 0.0009191176504828036 0.0020833334419876337
0.0 0.8065257668495178 0.8239583969116211 0.0009191176504828036 0.0020833334419876337
0.0 0.5965073704719543 0.3109375238418579 0.0018382353009656072 0.0010416667209938169
0.0 0.8584558963775635 0.7807292342185974 0.0018382353009656072 0.0010416667209938169
0.0 0.685661792755127 0.7572917342185974 0.0018382353009656072 0.0020833334419876337
0.0 0.9214154481887817 0.8963541984558105 0.0009191176504828036 0.0010416667209938169
0.0 0.0960477963089943 0.9859375357627869 0.0009191176504828036 0.0010416667209938169
0.0 0.9195771813392639 0.7703125476837158 0.0009191176504828036 0.0031250002793967724
0.0 0.5229779481887817 0.5182291865348816 0.0018382353009656072 0.0010416667209938169
0.0 0.6985294222831726 0.3140625059604645 0.0018382353009656072 0.0010416667209938169
0.0 0.12086397409439087 0.6979166865348816 0.0009191176504828036 0.0020833334419876337
0.0 0.7017463445663452 0.4677083492279053 0.0027573530096560717 0.0020833334419876337
0.0 0.7945771813392639 0.7354167103767395 0.0009191176504828036 0.0020833334419876337
0.0 0.3952205777168274 0.8427083492279053 0.0018382353009656072 0.006250000558793545
0.0 0.5307904481887817 0.6312500238418579 0.0009191176504828036 0.0020833334419876337
0.0 0.42233455181121826 0.13437500596046448 0.0027573530096560717 0.0020833334419876337
0.0 0.6135110259056091 0.36770835518836975 0.0009191176504828036 0.0020833334419876337
0.0 0.6208639740943909 0.3203125298023224 0.0027573530096560717 0.0010416667209938169
0.0 0.9664521813392639 0.05312500149011612 0.0009191176504828036 0.0020833334419876337
0.0 0.5165441036224365 0.5822917222976685 0.0018382353009656072 0.0020833334419876337
0.0 0.6824448704719543 0.7755208611488342 0.0009191176504828036 0.0031250002793967724
0.0 0.09007353335618973 0.729687511920929 0.0018382353009656072 0.0031250002793967724
0.0 0.6227021813392639 0.37187501788139343 0.0027573530096560717 0.004166666883975267
0.0 0.2454044073820114 0.29635417461395264 0.0018382353009656072 0.0031250002793967724
0.0 0.24310661852359772 0.6567708849906921 0.0009191176504828036 0.0010416667209938169
0.0 0.9002757668495178 0.8354167342185974 0.0009191176504828036 0.0020833334419876337
0.0 0.9595588445663452 0.9239583611488342 0.0018382353009656072 0.0020833334419876337
0.0 0.7251838445663452 0.8218750357627869 0.0018382353009656072 0.004166666883975267
0.0 0.9269301295280457 0.9593750238418579 0.0009191176504828036 0.0020833334419876337
0.0 0.17141544818878174 0.5671875476837158 0.0027573530096560717 0.0031250002793967724
0.0 0.7109375 0.9000000357627869 0.0009191176504828036 0.0020833334419876337
0.0 0.4430147111415863 0.7645833492279053 0.0018382353009656072 0.0020833334419876337
0.0 0.1452205926179886 0.690625011920929 0.0018382353009656072 0.0020833334419876337
0.0 0.11626838147640228 0.8739583492279053 0.0009191176504828036 0.0020833334419876337
0.0 0.007352941203862429 0.6364583373069763 0.0018382353009656072 0.006250000558793545
0.0 0.21185661852359772 0.7416667342185974 0.0009191176504828036 0.004166666883975267
0.0 0.4595588147640228 0.7796875238418579 0.0018382353009656072 0.0031250002793967724
0.0 0.5551470518112183 0.526562511920929 0.0018382353009656072 0.0031250002793967724
0.0 0.04641544073820114 0.94427090883255 0.0009191176504828036 0.0031250002793967724
0.0 0.8405330777168274 0.9312500357627869 0.0009191176504828036 0.0020833334419876337
0.0 0.47058823704719543 0.7567708492279053 0.0018382353009656072 0.0031250002793967724
0.0 0.10064338147640228 0.6958333849906921 0.0009191176504828036 0.0020833334419876337
0.0 0.17371323704719543 0.9614583849906921 0.0018382353009656072 0.0020833334419876337
0.0 0.8428308963775635 0.8630208969116211 0.0036764706019312143 0.0052083334885537624
0.0 0.2982536852359772 0.8453125357627869 0.0027573530096560717 0.0031250002793967724
0.0 0.5542279481887817 0.6942708492279053 0.0018382353009656072 0.0031250002793967724
0.0 0.5147058963775635 0.745312511920929 0.0018382353009656072 0.0031250002793967724
0.0 0.037224266678094864 0.9104167222976685 0.0009191176504828036 0.0020833334419876337
0.0 0.625 0.5984375476837158 0.0018382353009656072 0.0031250002793967724
0.0 0.07720588147640228 0.7208333611488342 0.0018382353009656072 0.0020833334419876337
0.0 0.1038602963089943 0.5963541865348816 0.0018382353009656072 0.0031250002793967724
0.0 0.7945771813392639 0.4921875298023224 0.0027573530096560717 0.0031250002793967724
0.0 0.8400735259056091 0.3786458671092987 0.0036764706019312143 0.0031250002793967724
0.0 0.4195772111415863 0.8364583849906921 0.0009191176504828036 0.0020833334419876337
0.0 0.5027573704719543 0.6822916865348816 0.0036764706019312143 0.004166666883975267
0.0 0.20174632966518402 0.41718751192092896 0.008272059261798859 0.00729166716337204
0.0 0.8621323704719543 0.9343750476837158 0.0018382353009656072 0.0020833334419876337
0.0 0.3267463147640228 0.8447917103767395 0.0027573530096560717 0.004166666883975267
0.0 0.4250919222831726 0.19739584624767303 0.006433823611587286 0.00729166716337204
0.0 0.27619484066963196 0.6244791746139526 0.0027573530096560717 0.0031250002793967724
0.0 0.4898897111415863 0.1640625149011612 0.0036764706019312143 0.0031250002793967724
