0 0.625460 0.485938 0.000919 0.001042
0 0.980239 0.923958 0.000919 0.002083
0 0.227941 0.291146 0.001838 0.001042
0 0.431985 0.016146 0.001838 0.001042
0 0.748621 0.879688 0.000919 0.001042
0 0.466452 0.572917 0.000919 0.002083
0 0.479320 0.674479 0.000919 0.001042
0 0.442555 0.101563 0.000919 0.001042
0 0.335018 0.547396 0.000919 0.001042
0 0.271140 0.885938 0.001838 0.001042
0 0.150276 0.378125 0.000919 0.002083
0 0.057445 0.529688 0.000919 0.001042
0 0.817555 0.336458 0.000919 0.002083
0 0.764246 0.642188 0.000919 0.001042
0 0.614430 0.606250 0.000919 0.002083
0 0.325368 0.852083 0.001838 0.004167
0 0.882812 0.157292 0.000919 0.002083
0 0.351562 0.733854 0.000919 0.001042
0 0.365349 0.763021 0.000919 0.001042
0 0.724724 0.054688 0.000919 0.001042
0 0.498162 0.390625 0.003676 0.002083
0 0.747702 0.601563 0.000919 0.001042
0 0.664062 0.094792 0.000919 0.002083
0 0.519761 0.565104 0.000919 0.001042
0 0.484375 0.545313 0.001838 0.001042
0 0.430147 0.568750 0.001838 0.002083
0 0.748621 0.569792 0.000919 0.002083
0 0.427849 0.729167 0.000919 0.002083
0 0.487592 0.666146 0.000919 0.001042
0 0.835478 0.671354 0.001838 0.001042
0 0.442555 0.612500 0.000919 0.002083
0 0.127298 0.885417 0.000919 0.002083
0 0.431526 0.790104 0.000919 0.001042
0 0.894301 0.322396 0.001838 0.001042
0 0.773897 0.911458 0.003676 0.002083
0 0.814338 0.451042 0.001838 0.002083
0 0.831342 0.564583 0.000919 0.002083
0 0.350184 0.710417 0.001838 0.002083
0 0.294118 0.745833 0.003676 0.004167
0 0.429688 0.568229 0.000919 0.001042
0 0.174173 0.320313 0.000919 0.001042
0 0.450827 0.905208 0.000919 0.002083
0 0.073989 0.981771 0.000919 0.003125
0 0.421415 0.067188 0.000919 0.001042
0 0.459099 0.507812 0.000919 0.001042
0 0.298713 0.790625 0.003676 0.004167
0 0.244945 0.890625 0.002757 0.004167
0 0.517923 0.581771 0.000919 0.001042
0 0.423254 0.593229 0.000919 0.003125
0 0.396599 0.801563 0.000919 0.003125
0 0.709099 0.032292 0.000919 0.002083
0 0.751379 0.470833 0.000919 0.002083
0 0.297335 0.498438 0.000919 0.001042
0 0.456342 0.588542 0.000919 0.002083
0 0.576746 0.347396 0.000919 0.001042
0 0.430607 0.559375 0.000919 0.002083
0 0.647518 0.320313 0.000919 0.001042
0 0.283548 0.158333 0.000919 0.002083
0 0.980699 0.602604 0.001838 0.001042
0 0.354320 0.520313 0.000919 0.001042
0 0.209099 0.668229 0.000919 0.001042
0 0.431526 0.463021 0.000919 0.001042
0 0.642004 0.466146 0.000919 0.001042
0 0.920496 0.792188 0.000919 0.001042
0 0.738511 0.726563 0.000919 0.001042
0 0.382812 0.082813 0.000919 0.001042
0 0.369945 0.846875 0.000919 0.002083
0 0.741268 0.742708 0.000919 0.002083
0 0.934283 0.609896 0.000919 0.001042
0 0.486673 0.595313 0.000919 0.001042
0 0.651195 0.099479 0.000919 0.001042
0 0.310202 0.041667 0.000919 0.002083
0 0.971967 0.436979 0.000919 0.001042
0 0.576746 0.746354 0.000919 0.001042
0 0.392923 0.575521 0.000919 0.001042
0 0.803768 0.416146 0.000919 0.001042
0 0.560662 0.135938 0.001838 0.001042
0 0.417739 0.386979 0.000919 0.003125
0 0.389246 0.670833 0.002757 0.010417
0 0.035386 0.571354 0.000919 0.001042
0 0.517923 0.636979 0.000919 0.001042
0 0.388327 0.709375 0.000919 0.002083
0 0.748621 0.083333 0.000919 0.002083
0 0.376379 0.026042 0.000919 0.002083
0 0.369485 0.887500 0.001838 0.002083
0 0.789982 0.325521 0.000919 0.001042
0 0.624540 0.190625 0.000919 0.002083
0 0.252298 0.888542 0.000919 0.002083
0 0.055147 0.270833 0.001838 0.002083
0 0.608915 0.246354 0.000919 0.001042
0 0.798254 0.043229 0.000919 0.001042
0 0.803768 0.607813 0.000919 0.001042
0 0.730699 0.618229 0.001838 0.001042
0 0.653952 0.133854 0.000919 0.001042
0 0.325827 0.806250 0.000919 0.002083
0 0.356158 0.841146 0.000919 0.001042
0 0.536305 0.505729 0.000919 0.001042
0 0.364430 0.822917 0.000919 0.002083
0 0.313879 0.872917 0.000919 0.004167
0 0.546415 0.519271 0.000919 0.001042
0 0.743107 0.810938 0.000919 0.001042
0 0.227482 0.310938 0.000919 0.001042
0 0.371324 0.829167 0.001838 0.002083
0 0.657629 0.408854 0.000919 0.001042
0 0.294577 0.293750 0.000919 0.002083
0 0.438879 0.652083 0.000919 0.002083
0 0.313419 0.872396 0.001838 0.003125
0 0.324908 0.551042 0.000919 0.002083
0 0.286765 0.791146 0.001838 0.003125
0 0.352482 0.309896 0.000919 0.001042
0 0.734835 0.761979 0.000919 0.001042
0 0.325368 0.769792 0.001838 0.002083
0 0.371783 0.079167 0.000919 0.002083
0 0.474724 0.608333 0.000919 0.002083
0 0.442555 0.519792 0.000919 0.002083
0 0.552849 0.620833 0.000919 0.002083
0 0.461857 0.744792 0.000919 0.002083
0 0.359835 0.614583 0.000919 0.002083
0 0.224265 0.185938 0.001838 0.001042
0 0.849724 0.778125 0.000919 0.002083
0 0.534467 0.355729 0.000919 0.001042
0 0.760570 0.689063 0.000919 0.001042
0 0.342371 0.836979 0.000919 0.003125
0 0.865349 0.452604 0.000919 0.001042
0 0.346967 0.778646 0.002757 0.003125
0 0.539062 0.512500 0.000919 0.002083
0 0.599724 0.221875 0.000919 0.002083
0 0.413143 0.565625 0.000919 0.002083
0 0.889246 0.127083 0.000919 0.002083
0 0.665901 0.105208 0.000919 0.002083
0 0.395680 0.702083 0.000919 0.002083
0 0.255055 0.666146 0.000919 0.001042
0 0.377298 0.165104 0.000919 0.001042
0 0.764706 0.732813 0.001838 0.001042
0 0.900276 0.620313 0.000919 0.001042
0 0.405790 0.722396 0.000919 0.003125
0 0.687040 0.103646 0.000919 0.001042
0 0.488051 0.730208 0.001838 0.002083
0 0.953585 0.227604 0.000919 0.001042
0 0.222426 0.993750 0.001838 0.002083
0 0.343750 0.925000 0.001838 0.002083
0 0.490349 0.480208 0.000919 0.002083
0 0.079963 0.766667 0.001838 0.002083
0 0.421875 0.531250 0.001838 0.002083
0 0.332261 0.838542 0.002757 0.002083
0 0.591452 0.503646 0.000919 0.001042
0 0.878217 0.397917 0.000919 0.002083
0 0.294118 0.745313 0.001838 0.003125
0 0.720588 0.103125 0.001838 0.002083
0 0.247243 0.164583 0.001838 0.002083
0 0.494485 0.297396 0.001838 0.001042
0 0.084559 0.851563 0.005515 0.007292
0 0.514706 0.394792 0.001838 0.002083
0 0.505055 0.559896 0.000919 0.001042
0 0.812500 0.334375 0.001838 0.002083
0 0.369945 0.957813 0.000919 0.003125
0 0.553309 0.620313 0.001838 0.003125
0 0.153033 0.433854 0.000919 0.001042
0 0.553768 0.615104 0.000919 0.001042
0 0.402114 0.542708 0.000919 0.002083
0 0.433824 0.466146 0.001838 0.003125
0 0.391085 0.618750 0.002757 0.004167
0 0.141085 0.190104 0.000919 0.001042
0 0.468290 0.579688 0.000919 0.001042
0 0.462316 0.582292 0.001838 0.002083
0 0.911765 0.770313 0.001838 0.001042
0 0.153952 0.373438 0.000919 0.001042
0 0.378676 0.686979 0.001838 0.003125
0 0.351562 0.618229 0.000919 0.001042
0 0.473805 0.589583 0.000919 0.002083
0 0.856158 0.877604 0.000919 0.001042
0 0.359835 0.594271 0.000919 0.001042
0 0.747702 0.512500 0.002757 0.002083
0 0.425092 0.619792 0.000919 0.002083
0 0.493566 0.533854 0.001838 0.003125
0 0.829044 0.344271 0.001838 0.001042
0 0.408088 0.601563 0.001838 0.005208
0 0.987592 0.920833 0.004596 0.006250
0 0.833180 0.372396 0.000919 0.001042
0 0.166360 0.983854 0.001838 0.003125
0 0.940717 0.451563 0.000919 0.001042
0 0.487132 0.314063 0.001838 0.003125
0 0.356618 0.526042 0.001838 0.002083
0 0.568015 0.292708 0.001838 0.002083
0 0.453585 0.576563 0.000919 0.001042
0 0.566176 0.278646 0.001838 0.003125
0 0.878217 0.635938 0.000919 0.001042
0 0.165901 0.392188 0.004596 0.003125
0 0.219210 0.625521 0.000919 0.001042
0 0.107077 0.303646 0.000919 0.001042
0 0.562960 0.536979 0.000919 0.001042
0 0.024816 0.404688 0.003676 0.001042
0 0.729779 0.737500 0.001838 0.002083
0 0.979779 0.346875 0.001838 0.002083
0 0.769761 0.458854 0.000919 0.003125
0 0.462776 0.524479 0.000919 0.001042
0 0.623162 0.243229 0.001838 0.001042
0 0.443934 0.653646 0.001838 0.003125
0 0.209099 0.975521 0.000919 0.003125
0 0.047335 0.561979 0.000919 0.001042
0 0.427849 0.827604 0.000919 0.003125
0 0.951287 0.759896 0.001838 0.003125
0 0.750460 0.685417 0.000919 0.002083
0 0.765165 0.499479 0.002757 0.003125
0 0.383732 0.753125 0.002757 0.002083
0 0.785386 0.402083 0.000919 0.002083
0 0.458180 0.560938 0.002757 0.003125
0 0.339154 0.628125 0.001838 0.002083
0 0.408088 0.856250 0.001838 0.004167
0 0.519301 0.045833 0.001838 0.002083
0 0.478401 0.618750 0.000919 0.004167
0 0.423254 0.545833 0.000919 0.002083
0 0.428768 0.476042 0.000919 0.002083
0 0.533088 0.734375 0.001838 0.002083
0 0.321232 0.730729 0.000919 0.003125
0 0.773897 0.911979 0.001838 0.003125
0 0.045956 0.569792 0.001838 0.002083
0 0.506434 0.457813 0.001838 0.003125
0 0.394301 0.688021 0.003676 0.005208
0 0.981158 0.433333 0.000919 0.002083
0 0.784007 0.387500 0.001838 0.002083
0 0.200368 0.682813 0.001838 0.003125
0 0.451287 0.607292 0.001838 0.006250
0 0.543658 0.285417 0.000919 0.002083
0 0.516544 0.435938 0.001838 0.003125
0 0.554688 0.296354 0.000919 0.003125
0 0.582721 0.137500 0.001838 0.002083
0 0.039062 0.548438 0.002757 0.001042
0 0.470129 0.365625 0.000919 0.002083
0 0.428768 0.288542 0.000919 0.002083
0 0.264706 0.983333 0.003676 0.004167
0 0.592371 0.338542 0.000919 0.002083
0 0.813879 0.451563 0.000919 0.003125
0 0.706342 0.075000 0.002757 0.002083
0 0.462776 0.582813 0.002757 0.003125
0 0.514246 0.550000 0.000919 0.002083
0 0.539522 0.376042 0.001838 0.002083
0 0.645221 0.243750 0.001838 0.002083
0 0.093750 0.520833 0.001838 0.002083
0 0.411765 0.626563 0.001838 0.003125
0 0.461857 0.570833 0.000919 0.002083
0 0.608915 0.470313 0.002757 0.003125
0 0.725643 0.861979 0.000919 0.003125
0 0.347426 0.779688 0.001838 0.003125
0 0.576746 0.330729 0.002757 0.003125
0 0.957261 0.761979 0.002757 0.003125
0 0.429228 0.409375 0.001838 0.006250
0 0.726562 0.767708 0.000919 0.004167
0 0.076746 0.532813 0.002757 0.003125
0 0.778493 0.871354 0.001838 0.003125
0 0.842831 0.591667 0.001838 0.004167
0 0.336857 0.301042 0.002757 0.002083
0 0.558364 0.380729 0.002757 0.005208
0 0.146140 0.627083 0.001838 0.004167
0 0.066636 0.401563 0.002757 0.003125
0 0.897978 0.453125 0.003676 0.004167
0 0.135570 0.631250 0.002757 0.004167
0 0.431985 0.497396 0.003676 0.003125
0 0.476103 0.233854 0.001838 0.005208
0 0.051930 0.428646 0.002757 0.005208
0 0.126379 0.908854 0.006434 0.005208
0 0.431526 0.689583 0.004596 0.006250
0 0.258272 0.825000 0.009191 0.006250
