0 0.495864 0.732813 0.000919 0.001042
0 0.373621 0.839063 0.000919 0.001042
0 0.365349 0.983854 0.000919 0.001042
0 0.380974 0.382813 0.000919 0.001042
0 0.802849 0.891667 0.000919 0.002083
0 0.126379 0.544271 0.000919 0.001042
0 0.500919 0.646354 0.001838 0.001042
0 0.487592 0.752083 0.000919 0.002083
0 0.460018 0.868229 0.000919 0.001042
0 0.328585 0.318750 0.000919 0.002083
0 0.658548 0.175521 0.000919 0.001042
0 0.680607 0.245313 0.000919 0.001042
0 0.739430 0.972917 0.000919 0.002083
0 0.014246 0.270313 0.000919 0.001042
0 0.204044 0.791146 0.001838 0.001042
0 0.673254 0.356250 0.000919 0.002083
0 0.525276 0.359896 0.000919 0.001042
0 0.537684 0.540104 0.001838 0.003125
0 0.497702 0.736979 0.000919 0.001042
0 0.915901 0.707813 0.000919 0.001042
0 0.904871 0.905729 0.000919 0.001042
0 0.367188 0.633854 0.000919 0.001042
0 0.330882 0.270313 0.001838 0.001042
0 0.449908 0.575521 0.000919 0.001042
0 0.457261 0.725521 0.000919 0.001042
0 0.411765 0.949479 0.001838 0.003125
0 0.956342 0.839063 0.000919 0.001042
0 0.415441 0.786979 0.001838 0.001042
0 0.995864 0.978646 0.000919 0.001042
0 0.124540 0.844792 0.000919 0.002083
0 0.533548 0.621354 0.000919 0.001042
0 0.694393 0.854688 0.000919 0.001042
0 0.919577 0.707813 0.000919 0.001042
0 0.058824 0.536979 0.003676 0.001042
0 0.436121 0.539062 0.000919 0.001042
0 0.693474 0.038542 0.000919 0.002083
0 0.749540 0.144271 0.000919 0.001042
0 0.862592 0.791146 0.000919 0.001042
0 0.411305 0.948958 0.000919 0.002083
0 0.561121 0.322396 0.000919 0.001042
0 0.302849 0.476563 0.000919 0.001042
0 0.936121 0.986979 0.000919 0.001042
0 0.381893 0.733854 0.000919 0.001042
0 0.868566 0.658854 0.001838 0.001042
0 0.400276 0.641146 0.000919 0.001042
0 0.971967 0.815625 0.000919 0.002083
0 0.371783 0.490625 0.000919 0.002083
0 0.305607 0.990104 0.000919 0.001042
0 0.232996 0.962500 0.000919 0.002083
0 0.698070 0.507812 0.000919 0.001042
0 0.850184 0.931771 0.001838 0.003125
0 0.035386 0.832292 0.000919 0.002083
0 0.349724 0.692708 0.000919 0.002083
0 0.249540 0.858854 0.000919 0.001042
0 0.774357 0.103646 0.000919 0.001042
0 0.515165 0.465104 0.000919 0.001042
0 0.724724 0.191146 0.000919 0.001042
0 0.403952 0.841146 0.000919 0.003125
0 0.311121 0.489583 0.000919 0.002083
0 0.432445 0.431771 0.000919 0.001042
0 0.598805 0.145313 0.000919 0.001042
0 0.488511 0.225521 0.002757 0.003125
0 0.650276 0.135938 0.000919 0.003125
0 0.676011 0.302604 0.000919 0.001042
0 0.948070 0.603646 0.000919 0.001042
0 0.409467 0.686979 0.000919 0.001042
0 0.661305 0.768229 0.000919 0.001042
0 0.671415 0.688021 0.000919 0.001042
0 0.568474 0.412500 0.000919 0.002083
0 0.902114 0.758333 0.000919 0.002083
0 0.718290 0.166667 0.000919 0.002083
0 0.457721 0.784375 0.001838 0.002083
0 0.914982 0.297396 0.000919 0.001042
0 0.383732 0.881250 0.000919 0.002083
0 0.918658 0.886458 0.000919 0.002083
0 0.800092 0.406771 0.000919 0.001042
0 0.627298 0.318229 0.000919 0.001042
0 0.351562 0.699479 0.000919 0.001042
0 0.244945 0.997396 0.000919 0.001042
0 0.458180 0.584896 0.000919 0.001042
0 0.469210 0.720313 0.000919 0.001042
0 0.764706 0.020313 0.001838 0.001042
0 0.875919 0.939063 0.001838 0.001042
0 0.959099 0.555729 0.000919 0.001042
0 0.281250 0.340104 0.001838 0.001042
0 0.467371 0.789583 0.000919 0.002083
0 0.427849 0.811979 0.000919 0.001042
0 0.908548 0.888542 0.000919 0.002083
0 0.761489 0.650521 0.000919 0.001042
0 0.494945 0.719271 0.000919 0.001042
0 0.164982 0.628646 0.000919 0.001042
0 0.723805 0.224479 0.000919 0.001042
0 0.672335 0.758854 0.000919 0.001042
0 0.015625 0.556250 0.001838 0.002083
0 0.518842 0.813021 0.000919 0.001042
0 0.628217 0.976042 0.000919 0.002083
0 0.731158 0.597396 0.000919 0.001042
0 0.129136 0.826042 0.000919 0.002083
0 0.452665 0.415104 0.000919 0.001042
0 0.552849 0.199479 0.000919 0.001042
0 0.558364 0.249479 0.000919 0.001042
0 0.685202 0.764583 0.000919 0.002083
0 0.983456 0.849479 0.001838 0.003125
0 0.932904 0.964063 0.001838 0.001042
0 0.436121 0.517188 0.000919 0.001042
0 0.532629 0.720833 0.000919 0.002083
0 0.936121 0.934896 0.000919 0.001042
0 0.289062 0.459896 0.000919 0.001042
0 0.421875 0.811979 0.003676 0.005208
0 0.469210 0.703646 0.000919 0.001042
0 0.595129 0.815625 0.000919 0.002083
0 0.807445 0.878125 0.000919 0.002083
0 0.806066 0.122396 0.001838 0.001042
0 0.735754 0.112500 0.000919 0.002083
0 0.460018 0.533854 0.000919 0.001042
0 0.792279 0.820313 0.001838 0.001042
0 0.657169 0.783333 0.001838 0.002083
0 0.830423 0.800521 0.000919 0.001042
0 0.401654 0.441667 0.001838 0.002083
0 0.403952 0.841146 0.000919 0.001042
0 0.813879 0.713021 0.000919 0.001042
0 0.602482 0.884375 0.000919 0.002083
0 0.930147 0.038542 0.001838 0.002083
0 0.518842 0.558333 0.000919 0.002083
0 0.600184 0.324479 0.001838 0.001042
0 0.824449 0.910938 0.001838 0.001042
0 0.710018 0.640104 0.000919 0.003125
0 0.615349 0.092188 0.000919 0.001042
0 0.687040 0.831250 0.000919 0.002083
0 0.387408 0.826042 0.000919 0.002083
0 0.860754 0.064063 0.000919 0.001042
0 0.269761 0.752604 0.000919 0.001042
0 0.631893 0.252604 0.000919 0.001042
0 0.333180 0.839063 0.000919 0.001042
0 0.422335 0.802604 0.000919 0.001042
0 0.117188 0.502083 0.000919 0.002083
0 0.010110 0.653646 0.001838 0.003125
0 0.826287 0.870833 0.001838 0.002083
0 0.816636 0.807292 0.000919 0.002083
0 0.644761 0.540104 0.000919 0.001042
0 0.915901 0.954167 0.000919 0.002083
0 0.450827 0.852604 0.000919 0.001042
0 0.363511 0.464583 0.000919 0.002083
0 0.500919 0.600521 0.001838 0.001042
0 0.607996 0.339583 0.000919 0.002083
0 0.618107 0.382292 0.000919 0.002083
0 0.470129 0.498438 0.000919 0.001042
0 0.282629 0.528125 0.000919 0.002083
0 0.309283 0.989063 0.000919 0.001042
0 0.061581 0.548958 0.001838 0.002083
0 0.421415 0.623958 0.000919 0.002083
0 0.683824 0.465625 0.001838 0.002083
0 0.463695 0.151563 0.000919 0.001042
0 0.068934 0.743750 0.001838 0.002083
0 0.463695 0.871354 0.000919 0.001042
0 0.612132 0.491146 0.001838 0.001042
0 0.677390 0.310938 0.001838 0.001042
0 0.798254 0.217188 0.000919 0.001042
0 0.885110 0.828125 0.001838 0.002083
0 0.952665 0.693750 0.000919 0.002083
0 0.738511 0.707813 0.002757 0.003125
0 0.778952 0.300521 0.000919 0.001042
0 0.851103 0.931771 0.001838 0.003125
0 0.918199 0.802083 0.001838 0.002083
0 0.526195 0.555208 0.000919 0.002083
0 0.431066 0.905729 0.001838 0.001042
0 0.505974 0.532813 0.000919 0.001042
0 0.415441 0.793750 0.001838 0.002083
0 0.593290 0.372917 0.000919 0.002083
0 0.575827 0.316146 0.000919 0.001042
0 0.381893 0.860938 0.000919 0.001042
0 0.431526 0.866667 0.000919 0.002083
0 0.488511 0.622917 0.000919 0.002083
0 0.119945 0.633854 0.000919 0.001042
0 0.836857 0.029167 0.000919 0.002083
0 0.353860 0.971875 0.001838 0.002083
0 0.675092 0.669271 0.000919 0.001042
0 0.465074 0.375000 0.001838 0.002083
0 0.913143 0.740625 0.000919 0.002083
0 0.884651 0.768229 0.000919 0.001042
0 0.623621 0.330208 0.000919 0.002083
0 0.428768 0.769271 0.000919 0.003125
0 0.940717 0.677083 0.000919 0.002083
0 0.666820 0.854688 0.000919 0.003125
0 0.424173 0.773958 0.000919 0.002083
0 0.186121 0.784375 0.000919 0.004167
0 0.471507 0.749479 0.001838 0.003125
0 0.216452 0.693750 0.000919 0.002083
0 0.829504 0.930208 0.000919 0.002083
0 0.090074 0.744792 0.001838 0.002083
0 0.616268 0.979167 0.000919 0.002083
0 0.981618 0.670833 0.001838 0.002083
0 0.517004 0.648958 0.000919 0.002083
0 0.272518 0.380729 0.000919 0.003125
0 0.115349 0.734375 0.000919 0.002083
0 0.955423 0.914063 0.000919 0.001042
0 0.394761 0.653125 0.000919 0.002083
0 0.386489 0.437500 0.000919 0.002083
0 0.446691 0.809896 0.001838 0.003125
0 0.778952 0.731250 0.000919 0.002083
0 0.698989 0.904688 0.000919 0.003125
0 0.428768 0.795833 0.000919 0.002083
0 0.619945 0.805208 0.000919 0.002083
0 0.169118 0.528125 0.001838 0.002083
0 0.602941 0.376563 0.001838 0.003125
0 0.202206 0.344792 0.001838 0.002083
0 0.406250 0.871875 0.001838 0.002083
0 0.829504 0.859375 0.004596 0.004167
0 0.523438 0.620833 0.000919 0.002083
0 0.610754 0.606771 0.002757 0.003125
0 0.044118 0.771354 0.001838 0.003125
0 0.413143 0.909375 0.000919 0.002083
0 0.486213 0.158854 0.001838 0.001042
0 0.674632 0.669271 0.001838 0.003125
0 0.057904 0.780208 0.001838 0.002083
0 0.669577 0.776563 0.000919 0.003125
0 0.196691 0.428125 0.001838 0.002083
0 0.354320 0.219792 0.000919 0.002083
0 0.841912 0.772917 0.001838 0.002083
0 0.409926 0.785417 0.001838 0.002083
0 0.538603 0.540104 0.001838 0.003125
0 0.543199 0.710938 0.001838 0.003125
0 0.817096 0.366146 0.003676 0.003125
0 0.215074 0.323438 0.001838 0.003125
0 0.142004 0.607813 0.002757 0.003125
0 0.072151 0.643229 0.000919 0.003125
0 0.946691 0.913021 0.001838 0.003125
0 0.775276 0.483854 0.002757 0.003125
0 0.502757 0.768229 0.001838 0.003125
0 0.489430 0.704688 0.002757 0.003125
0 0.251379 0.657813 0.002757 0.003125
0 0.279871 0.890625 0.002757 0.002083
0 0.398438 0.215104 0.006434 0.007292
0 0.277574 0.958333 0.001838 0.002083
0 0.464614 0.177604 0.002757 0.003125
0 0.309743 0.887500 0.003676 0.004167
0 0.394301 0.153125 0.003676 0.002083
0 0.172335 0.447917 0.008272 0.006250
0 0.983915 0.496354 0.006434 0.011458
