0.0 0.30193015933036804 0.6682292222976685 0.0009191176504828036 0.0010416667209938169
0.0 0.9085478186607361 0.6786458492279053 0.0009191176504828036 0.0010416667209938169
0.0 0.20496323704719543 0.4177083671092987 0.0018382353009656072 0.0020833334419876337
0.0 0.8874080777168274 0.9906250238418579 0.0009191176504828036 0.0020833334419876337
0.0 0.3414522111415863 0.31666669249534607 0.0009191176504828036 0.0020833334419876337
0.0 0.9002757668495178 0.1692708432674408 0.0009191176504828036 0.0010416667209938169
0.0 0.5225183963775635 0.2369791716337204 0.0009191176504828036 0.0010416667209938169
0.0 0.3267463147640228 0.42239585518836975 0.0009191176504828036 0.0010416667209938169
0.0 0.568474292755127 0.21041667461395264 0.0009191176504828036 0.0020833334419876337
0.0 0.2320772111415863 0.5609375238418579 0.0009191176504828036 0.0010416667209938169
0.0 0.2532169222831726 0.41614586114883423 0.0009191176504828036 0.0010416667209938169
0.0 0.5556066036224365 0.04791666939854622 0.0009191176504828036 0.0020833334419876337
0.0 0.3125 0.41875001788139343 0.0018382353009656072 0.0020833334419876337
0.0 0.5873161554336548 0.09218750149011612 0.0018382353009656072 0.0010416667209938169
0.0 0.5018382668495178 0.19843751192092896 0.0018382353009656072 0.0010416667209938169
0.0 0.10202205926179886 0.6057292222976685 0.0036764706019312143 0.0031250002793967724
0.0 0.40670955181121826 0.518750011920929 0.0009191176504828036 0.0020833334419876337
0.0 0.7284007668495178 0.9635417461395264 0.0009191176504828036 0.0020833334419876337
0.0 0.795036792755127 0.7020833492279053 0.0018382353009656072 0.0020833334419876337
0.0 0.9287683963775635 0.11250000447034836 0.0009191176504828036 0.0020833334419876337
0.0 0.2688419222831726 0.46302086114883423 0.0009191176504828036 0.0010416667209938169
0.0 0.26286765933036804 0.40781253576278687 0.0018382353009656072 0.0031250002793967724
0.0 0.7077205777168274 0.7562500238418579 0.0018382353009656072 0.0020833334419876337
0.0 0.6079963445663452 0.0833333358168602 0.0009191176504828036 0.0020833334419876337
0.0 0.5689338445663452 0.13489584624767303 0.0036764706019312143 0.0031250002793967724
0.0 0.7670036554336548 0.6947916746139526 0.0009191176504828036 0.0020833334419876337
0.0 0.6875 0.5447916984558105 0.0018382353009656072 0.0020833334419876337
0.0 0.2982536852359772 0.5192708373069763 0.0009191176504828036 0.0010416667209938169
0.0 0.19806985557079315 0.5510417222976685 0.0009191176504828036 0.0020833334419876337
0.0 0.959099292755127 0.4671875238418579 0.0009191176504828036 0.0010416667209938169
0.0 0.23943014442920685 0.19947917759418488 0.0009191176504828036 0.0010416667209938169
0.0 0.9563419222831726 0.22968751192092896 0.0009191176504828036 0.0010416667209938169
0.0 0.828125 0.41718751192092896 0.0018382353009656072 0.0031250002793967724
0.0 0.959099292755127 0.6354166865348816 0.0009191176504828036 0.0020833334419876337
0.0 0.014705882407724857 0.7723958492279053 0.0018382353009656072 0.0010416667209938169
0.0 0.6893382668495178 0.7541667222976685 0.0018382353009656072 0.0020833334419876337
0.0 0.3350183963775635 0.31197917461395264 0.0009191176504828036 0.0010416667209938169
0.0 0.2945772111415863 0.17864584922790527 0.0009191176504828036 0.0010416667209938169
0.0 0.11534926295280457 0.9312500357627869 0.0009191176504828036 0.0020833334419876337
0.0 0.5243566036224365 0.2005208432674408 0.0009191176504828036 0.0010416667209938169
0.0 0.3446691334247589 0.4619791805744171 0.0018382353009656072 0.0031250002793967724
0.0 0.9076286554336548 0.13593751192092896 0.0009191176504828036 0.0010416667209938169
0.0 0.09834558516740799 0.8125000596046448 0.0018382353009656072 0.0020833334419876337
0.0 0.22380514442920685 0.7093750238418579 0.0009191176504828036 0.0020833334419876337
0.0 0.9572610259056091 0.2901041805744171 0.0009191176504828036 0.0010416667209938169
0.0 0.771599292755127 0.3739583492279053 0.0009191176504828036 0.0020833334419876337
0.0 0.35523897409439087 0.44947919249534607 0.0009191176504828036 0.0010416667209938169
0.0 0.22931985557079315 0.21406251192092896 0.0009191176504828036 0.0010416667209938169
0.0 0.22472426295280457 0.26614585518836975 0.0009191176504828036 0.0010416667209938169
0.0 0.9292279481887817 0.5817708373069763 0.0018382353009656072 0.0010416667209938169
0.0 0.3189338147640228 0.4635416865348816 0.0018382353009656072 0.0020833334419876337
0.0 0.27619484066963196 0.28593751788139343 0.0009191176504828036 0.0010416667209938169
0.0 0.9448529481887817 0.46145835518836975 0.0018382353009656072 0.0020833334419876337
0.0 0.5914521813392639 0.8583333492279053 0.0009191176504828036 0.0020833334419876337
0.0 0.9788603186607361 0.6822916865348816 0.0018382353009656072 0.0020833334419876337
0.0 0.8920036554336548 0.557812511920929 0.0009191176504828036 0.0010416667209938169
0.0 0.5730698704719543 0.14218750596046448 0.0009191176504828036 0.0010416667209938169
0.0 0.3570772111415863 0.4010416865348816 0.0009191176504828036 0.0020833334419876337
0.0 0.34972426295280457 0.3880208432674408 0.0009191176504828036 0.0010416667209938169
0.0 0.3975183963775635 0.3348958492279053 0.0009191176504828036 0.0010416667209938169
0.0 0.5073529481887817 0.13177083432674408 0.0018382353009656072 0.0010416667209938169
0.0 0.8396139740943909 0.07239583879709244 0.0009191176504828036 0.0010416667209938169
0.0 0.8846507668495178 0.13593751192092896 0.0009191176504828036 0.0010416667209938169
0.0 0.5464154481887817 0.3359375298023224 0.0009191176504828036 0.0010416667209938169
0.0 0.25597426295280457 0.2916666865348816 0.0009191176504828036 0.0020833334419876337
0.0 0.17233456671237946 0.21927084028720856 0.0009191176504828036 0.0010416667209938169
0.0 0.7904411554336548 0.8541666865348816 0.0018382353009656072 0.0020833334419876337
0.0 0.11259191483259201 0.33802086114883423 0.0009191176504828036 0.0010416667209938169
0.0 0.9025735259056091 0.6947916746139526 0.0018382353009656072 0.0020833334419876337
0.0 0.8910845518112183 0.20625001192092896 0.0009191176504828036 0.0020833334419876337
0.0 0.9917279481887817 0.47812503576278687 0.0018382353009656072 0.0020833334419876337
0.0 0.46599265933036804 0.24791668355464935 0.0018382353009656072 0.0020833334419876337
0.0 0.8685661554336548 0.9723958969116211 0.0018382353009656072 0.0010416667209938169
0.0 0.7697610259056091 0.05885417014360428 0.0009191176504828036 0.0031250002793967724
0.0 0.888786792755127 0.7182291746139526 0.0018382353009656072 0.0010416667209938169
0.0 0.5680146813392639 0.0807291716337204 0.0018382353009656072 0.0031250002793967724
0.0 0.8795955777168274 0.14375001192092896 0.0018382353009656072 0.0020833334419876337
0.0 0.6875 0.7723958492279053 0.0018382353009656072 0.0031250002793967724
0.0 0.5615808963775635 0.12447917461395264 0.0036764706019312143 0.0052083334885537624
0.0 0.505974292755127 0.2578125 0.0009191176504828036 0.0010416667209938169
0.0 0.927849292755127 0.8307291865348816 0.0009191176504828036 0.0031250002793967724
0.0 0.7426470518112183 0.6916667222976685 0.0018382353009656072 0.0020833334419876337
0.0 0.6429228186607361 0.8770833611488342 0.0009191176504828036 0.0020833334419876337
0.0 0.5096507668495178 0.0989583358168602 0.0009191176504828036 0.0020833334419876337
0.0 0.4264705777168274 0.3375000059604645 0.0036764706019312143 0.006250000558793545
0.0 0.7780330777168274 0.8177083730697632 0.0009191176504828036 0.0020833334419876337
0.0 0.9692095518112183 0.0989583358168602 0.0009191176504828036 0.0020833334419876337
0.0 0.703125 0.7557291984558105 0.0018382353009656072 0.0031250002793967724
0.0 0.9678308963775635 0.26354166865348816 0.0018382353009656072 0.0020833334419876337
0.0 0.5188419222831726 0.3395833373069763 0.0009191176504828036 0.0020833334419876337
0.0 0.6056985259056091 0.2239583432674408 0.0018382353009656072 0.0020833334419876337
0.0 0.4545036852359772 0.30937501788139343 0.0009191176504828036 0.0020833334419876337
0.0 0.15992647409439087 0.08437500149011612 0.0018382353009656072 0.0020833334419876337
0.0 0.9664521813392639 0.5 0.0009191176504828036 0.0020833334419876337
0.0 0.5625 0.9713542461395264 0.0018382353009656072 0.0010416667209938169
0.0 0.4921875 0.32864585518836975 0.0009191176504828036 0.0010416667209938169
0.0 0.10523897409439087 0.6239583492279053 0.0009191176504828036 0.0020833334419876337
0.0 0.3897058963775635 0.12968750298023224 0.0018382353009656072 0.0010416667209938169
0.0 0.2936580777168274 0.4515625238418579 0.0027573530096560717 0.0031250002793967724
0.0 0.9287683963775635 0.33385419845581055 0.0009191176504828036 0.0010416667209938169
0.0 0.30101102590560913 0.40312501788139343 0.0009191176504828036 0.0020833334419876337
0.0 0.29503676295280457 0.5338541865348816 0.0018382353009656072 0.0010416667209938169
0.0 0.9241728186607361 0.44687503576278687 0.0027573530096560717 0.0020833334419876337
0.0 0.5836396813392639 0.5906250476837158 0.0018382353009656072 0.0020833334419876337
0.0 0.17095588147640228 0.45729169249534607 0.0018382353009656072 0.0020833334419876337
0.0 0.8883271813392639 0.7187500596046448 0.0027573530096560717 0.0020833334419876337
0.0 0.5436580777168274 0.2161458432674408 0.0009191176504828036 0.0010416667209938169
0.0 0.12913602590560913 0.7156250476837158 0.0009191176504828036 0.0020833334419876337
0.0 0.13143382966518402 0.5807291865348816 0.0018382353009656072 0.0010416667209938169
0.0 0.1999080926179886 0.651562511920929 0.0009191176504828036 0.0010416667209938169
0.0 0.5542279481887817 0.13385418057441711 0.0018382353009656072 0.0010416667209938169
0.0 0.35340073704719543 0.8130208849906921 0.0009191176504828036 0.0010416667209938169
0.0 0.1194852963089943 0.19583334028720856 0.0018382353009656072 0.0020833334419876337
0.0 0.9885110259056091 0.15208333730697632 0.0009191176504828036 0.0020833334419876337
0.0 0.6098345518112183 0.26093751192092896 0.0009191176504828036 0.0010416667209938169
0.0 0.5877757668495178 0.3072916865348816 0.0009191176504828036 0.0020833334419876337
0.0 0.5850183963775635 0.15312500298023224 0.0009191176504828036 0.0020833334419876337
0.0 0.35753676295280457 0.5817708373069763 0.0018382353009656072 0.0010416667209938169
0.0 0.5537683963775635 0.8052083849906921 0.0009191176504828036 0.0020833334419876337
0.0 0.7113970518112183 0.9796875715255737 0.0036764706019312143 0.0031250002793967724
0.0 0.8699448704719543 0.6421875357627869 0.0009191176504828036 0.0031250002793967724
0.0 0.12913602590560913 0.7156250476837158 0.0027573530096560717 0.0020833334419876337
0.0 0.3662683963775635 0.37916669249534607 0.0009191176504828036 0.0020833334419876337
0.0 0.8818933963775635 0.29218751192092896 0.0009191176504828036 0.0010416667209938169
0.0 0.23851102590560913 0.6427083611488342 0.0009191176504828036 0.0020833334419876337
0.0 0.7431066036224365 0.7583333849906921 0.0009191176504828036 0.0020833334419876337
0.0 0.6456801295280457 0.9223958849906921 0.0027573530096560717 0.0031250002793967724
0.0 0.11075367778539658 0.41197919845581055 0.0009191176504828036 0.0010416667209938169
0.0 0.8635110259056091 0.10989584028720856 0.0009191176504828036 0.0010416667209938169
0.0 0.26286765933036804 0.491666704416275 0.0036764706019312143 0.0020833334419876337
0.0 0.4397977888584137 0.29895836114883423 0.0009191176504828036 0.0020833334419876337
0.0 0.8704044222831726 0.6723958849906921 0.0036764706019312143 0.0031250002793967724
0.0 0.9494485259056091 0.3697916865348816 0.0018382353009656072 0.0020833334419876337
0.0 0.3993566334247589 0.31458336114883423 0.0027573530096560717 0.008333333767950535
0.0 0.9650735259056091 0.05781250447034836 0.0018382353009656072 0.0031250002793967724
0.0 0.5349264740943909 0.21718750894069672 0.0018382353009656072 0.0010416667209938169
0.0 0.5464154481887817 0.32447919249534607 0.0009191176504828036 0.0010416667209938169
0.0 0.8639705777168274 0.3906250298023224 0.0018382353009656072 0.0020833334419876337
0.0 0.7683823704719543 0.6380208730697632 0.0018382353009656072 0.0031250002793967724
0.0 0.20174632966518402 0.5166667103767395 0.0009191176504828036 0.0020833334419876337
0.0 0.9499080777168274 0.43958336114883423 0.0027573530096560717 0.0020833334419876337
0.0 0.08777573704719543 0.4286458492279053 0.0009191176504828036 0.0010416667209938169
0.0 0.8547794222831726 0.6541666984558105 0.0018382353009656072 0.0020833334419876337
0.0 0.8818933963775635 0.16041667759418488 0.0009191176504828036 0.0020833334419876337
0.0 0.2311580926179886 0.34166669845581055 0.0009191176504828036 0.0020833334419876337
0.0 0.9402573704719543 0.20364584028720856 0.0018382353009656072 0.0010416667209938169
0.0 0.7660845518112183 0.43385419249534607 0.0027573530096560717 0.0031250002793967724
0.0 0.9806985259056091 0.7010416984558105 0.0018382353009656072 0.004166666883975267
0.0 0.010110294446349144 0.7026041746139526 0.0018382353009656072 0.0031250002793967724
0.0 0.45128676295280457 0.6473958492279053 0.0018382353009656072 0.0010416667209938169
0.0 0.1295955926179886 0.8364583849906921 0.0018382353009656072 0.0020833334419876337
0.0 0.0546875 0.5661458373069763 0.0027573530096560717 0.0031250002793967724
0.0 0.8892463445663452 0.53125 0.0027573530096560717 0.0020833334419876337
0.0 0.2954963147640228 0.534375011920929 0.0009191176504828036 0.0020833334419876337
0.0 0.41590073704719543 0.3291666805744171 0.0009191176504828036 0.0020833334419876337
0.0 0.6424632668495178 0.8989583849906921 0.0018382353009656072 0.0020833334419876337
0.0 0.18795956671237946 0.40260419249534607 0.0009191176504828036 0.0010416667209938169
0.0 0.8690257668495178 0.02291666716337204 0.0009191176504828036 0.0020833334419876337
0.0 0.5753676295280457 0.09583333879709244 0.0018382353009656072 0.0020833334419876337
0.0 0.7486213445663452 0.8171875476837158 0.0009191176504828036 0.0031250002793967724
0.0 0.5693933963775635 0.17083334922790527 0.0009191176504828036 0.0020833334419876337
0.0 0.6452205777168274 0.9223958849906921 0.0036764706019312143 0.0052083334885537624
0.0 0.40349265933036804 0.30416667461395264 0.0018382353009656072 0.0020833334419876337
0.0 0.9462316036224365 0.7067708969116211 0.0027573530096560717 0.0031250002793967724
0.0 0.0703125 0.5427083373069763 0.0009191176504828036 0.0020833334419876337
0.0 0.3892463147640228 0.6401041746139526 0.0009191176504828036 0.0010416667209938169
0.0 0.1539522111415863 0.5250000357627869 0.0009191176504828036 0.0020833334419876337
0.0 0.6158088445663452 0.06979166716337204 0.0018382353009656072 0.0020833334419876337
0.0 0.9453125 0.7072917222976685 0.0027573530096560717 0.004166666883975267
0.0 0.23023897409439087 0.768750011920929 0.0009191176504828036 0.0020833334419876337
0.0 0.2936580777168274 0.35989585518836975 0.0009191176504828036 0.0010416667209938169
0.0 0.7022058963775635 0.15572917461395264 0.0018382353009656072 0.0010416667209938169
0.0 0.9393382668495178 0.2223958522081375 0.0018382353009656072 0.0031250002793967724
0.0 0.2297794073820114 0.7692708969116211 0.0018382353009656072 0.0031250002793967724
0.0 0.3115808963775635 0.22604167461395264 0.0036764706019312143 0.004166666883975267
0.0 0.6318933963775635 0.604687511920929 0.0009191176504828036 0.0010416667209938169
0.0 0.7274816036224365 0.5786458849906921 0.0009191176504828036 0.0010416667209938169
0.0 0.0009191176504828036 0.7578125596046448 0.0018382353009656072 0.0031250002793967724
0.0 0.19163602590560913 0.491666704416275 0.0009191176504828036 0.0020833334419876337
0.0 0.28860294818878174 0.4427083432674408 0.0018382353009656072 0.0020833334419876337
0.0 0.3327205777168274 0.0989583358168602 0.0018382353009656072 0.0020833334419876337
0.0 0.609375 0.11354167014360428 0.0018382353009656072 0.0020833334419876337
0.0 0.16681985557079315 0.5145833492279053 0.004595588427037001 0.0020833334419876337
0.0 0.5399816036224365 0.1848958432674408 0.0027573530096560717 0.0010416667209938169
0.0 0.5827205777168274 0.5859375596046448 0.0018382353009656072 0.0031250002793967724
0.0 0.32444852590560913 0.10104167461395264 0.0018382353009656072 0.0020833334419876337
0.0 0.8272058963775635 0.4177083671092987 0.0018382353009656072 0.004166666883975267
0.0 0.2624080777168274 0.5052083730697632 0.0009191176504828036 0.0020833334419876337
0.0 0.24632352590560913 0.6088541746139526 0.0018382353009656072 0.0031250002793967724
0.0 0.8423713445663452 0.5286458730697632 0.0009191176504828036 0.0031250002793967724
0.0 0.84375 0.6520833969116211 0.0036764706019312143 0.004166666883975267
0.0 0.36121323704719543 0.8729166984558105 0.0018382353009656072 0.004166666883975267
0.0 0.5064338445663452 0.9515625238418579 0.0018382353009656072 0.0031250002793967724
0.0 0.20909926295280457 0.4479166865348816 0.004595588427037001 0.006250000558793545
0.0 0.8193933963775635 0.7994791865348816 0.0009191176504828036 0.0010416667209938169
0.0 0.34191176295280457 0.39895835518836975 0.0018382353009656072 0.0020833334419876337
0.0 0.3501838147640228 0.41562503576278687 0.0018382353009656072 0.004166666883975267
0.0 0.45036765933036804 0.3776041865348816 0.0018382353009656072 0.0031250002793967724
0.0 0.19898897409439087 0.4177083671092987 0.0009191176504828036 0.0020833334419876337
0.0 0.7821691036224365 0.7984375357627869 0.0018382353009656072 0.0031250002793967724
0.0 0.5850183963775635 0.27552086114883423 0.0009191176504828036 0.0010416667209938169
0.0 0.9260110259056091 0.7182291746139526 0.0027573530096560717 0.0052083334885537624
0.0 0.021599264815449715 0.7760416865348816 0.004595588427037001 0.004166666883975267
0.0 0.6337316036224365 0.4984375238418579 0.0009191176504828036 0.0010416667209938169
0.0 0.37867647409439087 0.6328125596046448 0.0018382353009656072 0.0052083334885537624
0.0 0.9301470518112183 0.7286458611488342 0.0018382353009656072 0.0031250002793967724
0.0 0.8060661554336548 0.6463541984558105 0.0036764706019312143 0.0052083334885537624
0.0 0.8056066036224365 0.9812500476837158 0.0027573530096560717 0.006250000558793545
0.0 0.21185661852359772 0.35729169845581055 0.0009191176504828036 0.0020833334419876337
0.0 0.6291360259056091 0.47083336114883423 0.0009191176504828036 0.0020833334419876337
0.0 0.8561580777168274 0.6973958611488342 0.0027573530096560717 0.0052083334885537624
0.0 0.36121323704719543 0.768750011920929 0.0018382353009656072 0.004166666883975267
0.0 0.16222426295280457 0.5338541865348816 0.0027573530096560717 0.0031250002793967724
0.0 0.9627757668495178 0.8125000596046448 0.0027573530096560717 0.004166666883975267
0.0 0.06663603335618973 0.6921875476837158 0.004595588427037001 0.0052083334885537624
0.0 0.6011029481887817 0.47812503576278687 0.0018382353009656072 0.0020833334419876337
0.0 0.6824448704719543 0.9645833969116211 0.0027573530096560717 0.006250000558793545
0.0 0.38648897409439087 0.4557291865348816 0.0027573530096560717 0.0031250002793967724
0.0 0.6038603186607361 0.13437500596046448 0.0036764706019312143 0.004166666883975267
0.0 0.14981617033481598 0.2968750298023224 0.0018382353009656072 0.0020833334419876337
0.0 0.46875 0.21250000596046448 0.0036764706019312143 0.004166666883975267
0.0 0.1194852963089943 0.6156250238418579 0.0036764706019312143 0.004166666883975267
0.0 0.646599292755127 0.9494792222976685 0.006433823611587286 0.00937500037252903
0.0 0.35753676295280457 0.26093751192092896 0.005514706019312143 0.0031250002793967724
