0.0 0.4287683963775635 0.5828125476837158 0.0009191176504828036 0.0010416667209938169
0.0 0.5647978186607361 0.6932291984558105 0.0009191176504828036 0.0010416667209938169
0.0 0.716911792755127 0.5755208730697632 0.0018382353009656072 0.0031250002793967724
0.0 0.6704963445663452 0.8609375357627869 0.0009191176504828036 0.0010416667209938169
0.0 0.7633271813392639 0.7276042103767395 0.0009191176504828036 0.0010416667209938169
0.0 0.7486213445663452 0.0442708358168602 0.0009191176504828036 0.0010416667209938169
0.0 0.3249080777168274 0.9328125715255737 0.0009191176504828036 0.0010416667209938169
0.0 0.014246323145925999 0.5755208730697632 0.0027573530096560717 0.0031250002793967724
0.0 0.47380515933036804 0.4505208432674408 0.0009191176504828036 0.0010416667209938169
0.0 0.7238051295280457 0.41562503576278687 0.0009191176504828036 0.0020833334419876337
0.0 0.6135110259056091 0.23854167759418488 0.0009191176504828036 0.0020833334419876337
0.0 0.29963234066963196 0.7973958849906921 0.0018382353009656072 0.0031250002793967724
0.0 0.3391544222831726 0.91302090883255 0.0018382353009656072 0.0010416667209938169
0.0 0.982536792755127 0.5437500476837158 0.0018382353009656072 0.0020833334419876337
0.0 0.7182904481887817 0.8812500238418579 0.0009191176504828036 0.0020833334419876337
0.0 0.4765625 0.6369792222976685 0.0009191176504828036 0.0010416667209938169
0.0 0.3423713147640228 0.8364583849906921 0.0009191176504828036 0.0020833334419876337
0.0 0.2766544222831726 0.9015625715255737 0.0018382353009656072 0.0031250002793967724
0.0 0.5556066036224365 0.9197916984558105 0.0009191176504828036 0.0020833334419876337
0.0 0.4149816334247589 0.8000000715255737 0.0009191176504828036 0.0020833334419876337
0.0 0.9926470518112183 0.2536458373069763 0.0018382353009656072 0.0010416667209938169
0.0 0.9829963445663452 0.2614583373069763 0.0009191176504828036 0.0020833334419876337
0.0 0.4462316334247589 0.42760419845581055 0.0009191176504828036 0.0010416667209938169
0.0 0.4296875 0.7906250357627869 0.0027573530096560717 0.0020833334419876337
0.0 0.48069852590560913 0.9343750476837158 0.0018382353009656072 0.0020833334419876337
0.0 0.2798713147640228 0.9708333611488342 0.0009191176504828036 0.0020833334419876337
0.0 0.927849292755127 0.46562501788139343 0.0009191176504828036 0.0020833334419876337
0.0 0.6392463445663452 0.98333340883255 0.0009191176504828036 0.0020833334419876337
0.0 0.787224292755127 0.9604167342185974 0.0009191176504828036 0.0020833334419876337
0.0 0.6714154481887817 0.6328125596046448 0.0009191176504828036 0.0010416667209938169
0.0 0.22518382966518402 0.3083333373069763 0.0018382353009656072 0.0020833334419876337
0.0 0.9820771813392639 0.35989585518836975 0.0009191176504828036 0.0010416667209938169
0.0 0.30836397409439087 0.19114583730697632 0.0009191176504828036 0.0010416667209938169
0.0 0.2881433963775635 0.9333333969116211 0.0009191176504828036 0.0020833334419876337
0.0 0.7412683963775635 0.3526041805744171 0.0009191176504828036 0.0010416667209938169
0.0 0.26148897409439087 0.8614583611488342 0.0009191176504828036 0.0020833334419876337
0.0 0.3579963147640228 0.8416666984558105 0.0009191176504828036 0.0020833334419876337
0.0 0.2821691334247589 0.3062500059604645 0.0018382353009656072 0.0020833334419876337
0.0 0.5914521813392639 0.24010418355464935 0.0009191176504828036 0.0010416667209938169
0.0 0.9117646813392639 0.6156250238418579 0.0018382353009656072 0.0020833334419876337
0.0 0.8690257668495178 0.6307291984558105 0.0009191176504828036 0.0010416667209938169
0.0 0.3929227888584137 0.6192708611488342 0.0009191176504828036 0.0010416667209938169
0.0 0.31985294818878174 0.8864583969116211 0.0018382353009656072 0.0020833334419876337
0.0 0.45358455181121826 0.02291666716337204 0.0009191176504828036 0.0020833334419876337
0.0 0.9627757668495178 0.6182292103767395 0.0009191176504828036 0.0010416667209938169
0.0 0.16498161852359772 0.8380208611488342 0.0009191176504828036 0.0031250002793967724
0.0 0.39476102590560913 0.04791666939854622 0.0009191176504828036 0.0020833334419876337
0.0 0.5252757668495178 0.39010417461395264 0.0009191176504828036 0.0010416667209938169
0.0 0.4076286852359772 0.7895833849906921 0.0009191176504828036 0.0020833334419876337
0.0 0.3138786852359772 0.8734375238418579 0.0009191176504828036 0.0010416667209938169
0.0 0.8488051295280457 0.53125 0.0009191176504828036 0.0020833334419876337
0.0 0.8405330777168274 0.5906250476837158 0.0009191176504828036 0.0020833334419876337
0.0 0.6089154481887817 0.27031251788139343 0.0009191176504828036 0.0010416667209938169
0.0 0.14246323704719543 0.7588542103767395 0.0018382353009656072 0.0031250002793967724
0.0 0.35569852590560913 0.6229166984558105 0.0018382353009656072 0.0020833334419876337
0.0 0.3616727888584137 0.8541666865348816 0.0009191176504828036 0.0020833334419876337
0.0 0.7164521813392639 0.5598958730697632 0.0027573530096560717 0.0031250002793967724
0.0 0.5813419222831726 0.23750001192092896 0.0009191176504828036 0.0020833334419876337
0.0 0.693474292755127 0.5463541746139526 0.0009191176504828036 0.0010416667209938169
0.0 0.21047794818878174 0.0833333358168602 0.0018382353009656072 0.0020833334419876337
0.0 0.5363051295280457 0.44322919845581055 0.0009191176504828036 0.0010416667209938169
0.0 0.5041360259056091 0.8812500238418579 0.0009191176504828036 0.0020833334419876337
0.0 0.5013786554336548 0.3864583671092987 0.0009191176504828036 0.0020833334419876337
0.0 0.7274816036224365 0.7572917342185974 0.0009191176504828036 0.0020833334419876337
0.0 0.03814338147640228 0.5984375476837158 0.0009191176504828036 0.0010416667209938169
0.0 0.7233455777168274 0.5671875476837158 0.0018382353009656072 0.0010416667209938169
0.0 0.46277573704719543 0.4010416865348816 0.0009191176504828036 0.0020833334419876337
0.0 0.7633271813392639 0.7182291746139526 0.0009191176504828036 0.0010416667209938169
0.0 0.19669117033481598 0.8989583849906921 0.0018382353009656072 0.0020833334419876337
0.0 0.2881433963775635 0.22968751192092896 0.0009191176504828036 0.0010416667209938169
0.0 0.8782169222831726 0.589062511920929 0.0009191176504828036 0.0010416667209938169
0.0 0.3828125 0.3265625238418579 0.0009191176504828036 0.0010416667209938169
0.0 0.22564338147640228 0.5369791984558105 0.0009191176504828036 0.0010416667209938169
0.0 0.3111213147640228 0.8572916984558105 0.0027573530096560717 0.004166666883975267
0.0 0.4485294222831726 0.596875011920929 0.0018382353009656072 0.0020833334419876337
0.0 0.5942095518112183 0.2744791805744171 0.0009191176504828036 0.0010416667209938169
0.0 0.5602021813392639 0.16822917759418488 0.0009191176504828036 0.0010416667209938169
0.0 0.46369484066963196 0.4333333671092987 0.004595588427037001 0.006250000558793545
0.0 0.6295955777168274 0.88177090883255 0.0018382353009656072 0.0031250002793967724
0.0 0.7486213445663452 0.9869792461395264 0.0009191176504828036 0.0031250002793967724
0.0 0.4030330777168274 0.6656250357627869 0.0009191176504828036 0.0020833334419876337
0.0 0.6364889740943909 0.2265625149011612 0.0009191176504828036 0.0010416667209938169
0.0 0.7936580777168274 0.5687500238418579 0.0009191176504828036 0.0020833334419876337
0.0 0.9453125 0.5661458373069763 0.0009191176504828036 0.0010416667209938169
0.0 0.009191176854074001 0.5817708373069763 0.0018382353009656072 0.0031250002793967724
0.0 0.18336397409439087 0.2984375059604645 0.0009191176504828036 0.0010416667209938169
0.0 0.2467830926179886 0.43697917461395264 0.0009191176504828036 0.0010416667209938169
0.0 0.30055147409439087 0.20781251788139343 0.0018382353009656072 0.0010416667209938169
0.0 0.6227021813392639 0.8255208730697632 0.0009191176504828036 0.0010416667209938169
0.0 0.7412683963775635 0.5369791984558105 0.0009191176504828036 0.0010416667209938169
0.0 0.4664522111415863 0.5692708492279053 0.0009191176504828036 0.0010416667209938169
0.0 0.6999080777168274 0.6697916984558105 0.0009191176504828036 0.0020833334419876337
0.0 0.39659926295280457 0.6078125238418579 0.0009191176504828036 0.0010416667209938169
0.0 0.5326286554336548 0.6921875476837158 0.0009191176504828036 0.0010416667209938169
0.0 0.49402573704719543 0.6598958969116211 0.0009191176504828036 0.0010416667209938169
0.0 0.6438419222831726 0.9317708611488342 0.0009191176504828036 0.0010416667209938169
0.0 0.5942095518112183 0.2953125238418579 0.0009191176504828036 0.0010416667209938169
0.0 0.014705882407724857 0.5822917222976685 0.0018382353009656072 0.0020833334419876337
0.0 0.6631433963775635 0.7838541865348816 0.0009191176504828036 0.0010416667209938169
0.0 0.25965073704719543 0.9895833730697632 0.0027573530096560717 0.0020833334419876337
0.0 0.2734375 0.2890625298023224 0.0009191176504828036 0.0010416667209938169
0.0 0.6061580777168274 0.9494792222976685 0.0009191176504828036 0.0010416667209938169
0.0 0.4108455777168274 0.9546875357627869 0.0018382353009656072 0.0031250002793967724
0.0 0.2679227888584137 0.3765625059604645 0.0009191176504828036 0.0010416667209938169
0.0 0.2743566334247589 0.8354167342185974 0.0027573530096560717 0.0020833334419876337
0.0 0.2803308963775635 0.9947917461395264 0.0018382353009656072 0.004166666883975267
0.0 0.8322610259056091 0.5484375357627869 0.0009191176504828036 0.0010416667209938169
0.0 0.04181985184550285 0.93645840883255 0.0027573530096560717 0.004166666883975267
0.0 0.740349292755127 0.5572916865348816 0.0009191176504828036 0.0020833334419876337
0.0 0.06847426295280457 0.5942708849906921 0.0009191176504828036 0.0010416667209938169
0.0 0.7219669222831726 0.5630208849906921 0.0027573530096560717 0.0031250002793967724
0.0 0.5960478186607361 0.8671875596046448 0.0009191176504828036 0.0010416667209938169
0.0 0.09972426295280457 0.49427086114883423 0.0009191176504828036 0.0010416667209938169
0.0 0.755974292755127 0.3765625059604645 0.0009191176504828036 0.0010416667209938169
0.0 0.16452206671237946 0.8385416865348816 0.0018382353009656072 0.0020833334419876337
0.0 0.6484375 0.0963541716337204 0.0009191176504828036 0.0010416667209938169
0.0 0.5170036554336548 0.2536458373069763 0.0009191176504828036 0.0010416667209938169
0.0 0.9646139740943909 0.29375001788139343 0.0009191176504828036 0.0020833334419876337
0.0 0.7807904481887817 0.6531250476837158 0.0009191176504828036 0.0020833334419876337
0.0 0.615349292755127 0.02708333544433117 0.0009191176504828036 0.0020833334419876337
0.0 0.4462316334247589 0.3567708432674408 0.0009191176504828036 0.0010416667209938169
0.0 0.36121323704719543 0.13072916865348816 0.0018382353009656072 0.0010416667209938169
0.0 0.5551470518112183 0.476041704416275 0.0018382353009656072 0.0020833334419876337
0.0 0.78125 0.6526042222976685 0.0018382353009656072 0.0010416667209938169
0.0 0.9025735259056091 0.6380208730697632 0.0018382353009656072 0.0010416667209938169
0.0 0.7182904481887817 0.565625011920929 0.0009191176504828036 0.0020833334419876337
0.0 0.30422794818878174 0.8812500238418579 0.0018382353009656072 0.0020833334419876337
0.0 0.8180146813392639 0.8463541865348816 0.0018382353009656072 0.0010416667209938169
0.0 0.7385110259056091 0.16354167461395264 0.0009191176504828036 0.0020833334419876337
0.0 0.5234375 0.42656251788139343 0.0009191176504828036 0.0010416667209938169
0.0 0.7238051295280457 0.5677083730697632 0.0009191176504828036 0.0020833334419876337
0.0 0.25045955181121826 0.9135417342185974 0.0027573530096560717 0.006250000558793545
0.0 0.5243566036224365 0.7328125238418579 0.0009191176504828036 0.0010416667209938169
0.0 0.5032169222831726 0.6192708611488342 0.0009191176504828036 0.0010416667209938169
0.0 0.6810661554336548 0.21250000596046448 0.0018382353009656072 0.0020833334419876337
0.0 0.27849265933036804 0.8666667342185974 0.0018382353009656072 0.004166666883975267
0.0 0.8763786554336548 0.9421875476837158 0.0009191176504828036 0.0010416667209938169
0.0 0.014705882407724857 0.5760416984558105 0.0018382353009656072 0.0020833334419876337
0.0 0.31985294818878174 0.7828125357627869 0.0018382353009656072 0.0031250002793967724
0.0 0.6939338445663452 0.8744792342185974 0.0036764706019312143 0.0010416667209938169
0.0 0.5629595518112183 0.05885417014360428 0.0009191176504828036 0.0010416667209938169
0.0 0.3102022111415863 0.5479167103767395 0.0009191176504828036 0.0020833334419876337
0.0 0.662224292755127 0.1276041716337204 0.0009191176504828036 0.0010416667209938169
0.0 0.8915441036224365 0.6416667103767395 0.0018382353009656072 0.0020833334419876337
0.0 0.5363051295280457 0.34843751788139343 0.0009191176504828036 0.0010416667209938169
0.0 0.7334558963775635 0.5750000476837158 0.0018382353009656072 0.0020833334419876337
0.0 0.16911764442920685 0.9500000476837158 0.0018382353009656072 0.0020833334419876337
0.0 0.6686580777168274 0.12656250596046448 0.0009191176504828036 0.0010416667209938169
0.0 0.20220588147640228 0.8052083849906921 0.0036764706019312143 0.004166666883975267
0.0 0.6760110259056091 0.8687500357627869 0.0009191176504828036 0.0020833334419876337
0.0 0.18474264442920685 0.9354166984558105 0.0018382353009656072 0.0020833334419876337
0.0 0.2633272111415863 0.3916666805744171 0.0009191176504828036 0.0020833334419876337
0.0 0.3759191334247589 0.5119792222976685 0.0018382353009656072 0.0052083334885537624
0.0 0.7215073704719543 0.5630208849906921 0.0018382353009656072 0.0010416667209938169
0.0 0.3469669222831726 0.7432292103767395 0.0009191176504828036 0.0010416667209938169
0.0 0.7605698704719543 0.9817708730697632 0.0009191176504828036 0.0010416667209938169
0.0 0.5813419222831726 0.9281250238418579 0.0009191176504828036 0.0020833334419876337
0.0 0.3212316334247589 0.8046875596046448 0.0009191176504828036 0.0031250002793967724
0.0 0.8088235259056091 0.3192708492279053 0.0018382353009656072 0.0010416667209938169
0.0 0.1750919073820114 0.4755208492279053 0.0009191176504828036 0.0031250002793967724
0.0 0.5772058963775635 0.23281250894069672 0.0018382353009656072 0.0010416667209938169
0.0 0.5905330777168274 0.2265625149011612 0.0009191176504828036 0.0010416667209938169
0.0 0.2624080777168274 0.3760416805744171 0.0009191176504828036 0.0020833334419876337
0.0 0.19393382966518402 0.9312500357627869 0.0018382353009656072 0.0020833334419876337
0.0 0.8432904481887817 0.7307292222976685 0.0009191176504828036 0.0010416667209938169
0.0 0.46599265933036804 0.7833333611488342 0.0018382353009656072 0.0020833334419876337
0.0 0.38786765933036804 0.491666704416275 0.0018382353009656072 0.0020833334419876337
0.0 0.8851103186607361 0.10312500596046448 0.0018382353009656072 0.0020833334419876337
0.0 0.5032169222831726 0.43020835518836975 0.0009191176504828036 0.0020833334419876337
0.0 0.4811580777168274 0.7489583492279053 0.0009191176504828036 0.0020833334419876337
0.0 0.5556066036224365 0.27656251192092896 0.0009191176504828036 0.0031250002793967724
0.0 0.19439338147640228 0.9307292103767395 0.0009191176504828036 0.0031250002793967724
0.0 0.26746323704719543 0.9421875476837158 0.0018382353009656072 0.0031250002793967724
0.0 0.6475183963775635 0.14895834028720856 0.0009191176504828036 0.0020833334419876337
0.0 0.28952205181121826 0.2031250149011612 0.0018382353009656072 0.0020833334419876337
0.0 0.46829044818878174 0.5447916984558105 0.0009191176504828036 0.0020833334419876337
0.0 0.2509191334247589 0.8286458849906921 0.0018382353009656072 0.0031250002793967724
0.0 0.7339154481887817 0.6145833730697632 0.0009191176504828036 0.0020833334419876337
0.0 0.8405330777168274 0.7041667103767395 0.0009191176504828036 0.0020833334419876337
0.0 0.29963234066963196 0.9265625476837158 0.0018382353009656072 0.0052083334885537624
0.0 0.9319853186607361 0.2630208432674408 0.0018382353009656072 0.0010416667209938169
0.0 0.2366727888584137 0.8744792342185974 0.0009191176504828036 0.0031250002793967724
0.0 0.4788602888584137 0.2744791805744171 0.0018382353009656072 0.0010416667209938169
0.0 0.6750919222831726 0.9156250357627869 0.0009191176504828036 0.0020833334419876337
0.0 0.1438419073820114 0.30416667461395264 0.0009191176504828036 0.0020833334419876337
0.0 0.9085478186607361 0.3296875059604645 0.0009191176504828036 0.0010416667209938169
0.0 0.5592830777168274 0.3958333432674408 0.0009191176504828036 0.0020833334419876337
0.0 0.8102021813392639 0.4911458492279053 0.0009191176504828036 0.0031250002793967724
0.0 0.42555147409439087 0.9328125715255737 0.0018382353009656072 0.0031250002793967724
0.0 0.43244484066963196 0.7208333611488342 0.0009191176504828036 0.0020833334419876337
0.0 0.2890625 0.6098958849906921 0.0009191176504828036 0.0031250002793967724
0.0 0.31847426295280457 0.4713541865348816 0.0009191176504828036 0.0010416667209938169
0.0 0.8800551295280457 0.2369791716337204 0.0009191176504828036 0.0010416667209938169
0.0 0.01148897036910057 0.3609375059604645 0.004595588427037001 0.0031250002793967724
0.0 0.5454963445663452 0.5276042222976685 0.0009191176504828036 0.0010416667209938169
0.0 0.44577205181121826 0.6057292222976685 0.0036764706019312143 0.00729166716337204
0.0 0.234375 0.4984375238418579 0.0018382353009656072 0.0010416667209938169
0.0 0.11626838147640228 0.3296875059604645 0.0027573530096560717 0.0010416667209938169
0.0 0.3579963147640228 0.7442708611488342 0.0009191176504828036 0.0031250002793967724
0.0 0.37913602590560913 0.5984375476837158 0.0027573530096560717 0.0031250002793967724
0.0 0.39568015933036804 0.6338542103767395 0.0009191176504828036 0.0031250002793967724
0.0 0.32766544818878174 0.9473958611488342 0.0027573530096560717 0.0052083334885537624
0.0 0.23069852590560913 0.16197916865348816 0.0018382353009656072 0.0031250002793967724
0.0 0.6236213445663452 0.22343751788139343 0.0009191176504828036 0.0010416667209938169
0.0 0.3125 0.8901042342185974 0.0018382353009656072 0.0031250002793967724
0.0 0.30652573704719543 0.9505208730697632 0.0009191176504828036 0.0031250002793967724
0.0 0.9347426295280457 0.5479167103767395 0.0018382353009656072 0.0020833334419876337
0.0 0.4126838147640228 0.9458333849906921 0.0018382353009656072 0.0020833334419876337
0.0 0.22931985557079315 0.9375000596046448 0.0027573530096560717 0.006250000558793545
0.0 0.8736213445663452 0.41979169845581055 0.0009191176504828036 0.0020833334419876337
0.0 0.6787683963775635 0.1197916716337204 0.0009191176504828036 0.0020833334419876337
0.0 0.5009191036224365 0.2760416865348816 0.0018382353009656072 0.0020833334419876337
0.0 0.6824448704719543 0.7041667103767395 0.0009191176504828036 0.0020833334419876337
0.0 0.43152573704719543 0.8302083611488342 0.0009191176504828036 0.0020833334419876337
0.0 0.4485294222831726 0.16354167461395264 0.0018382353009656072 0.0020833334419876337
0.0 0.6819853186607361 0.628125011920929 0.0018382353009656072 0.0020833334419876337
0.0 0.02711397036910057 0.34062501788139343 0.0027573530096560717 0.0020833334419876337
0.0 0.9301470518112183 0.34427085518836975 0.0018382353009656072 0.0010416667209938169
0.0 0.36994484066963196 0.9765625596046448 0.0009191176504828036 0.0031250002793967724
0.0 0.46461397409439087 0.4635416865348816 0.0009191176504828036 0.004166666883975267
0.0 0.7095588445663452 0.7213541865348816 0.0018382353009656072 0.0031250002793967724
0.0 0.8037683963775635 0.550000011920929 0.0009191176504828036 0.0020833334419876337
0.0 0.234375 0.46406251192092896 0.007352941203862429 0.0031250002793967724
0.0 0.10248161852359772 0.4661458432674408 0.0009191176504828036 0.0031250002793967724
0.0 0.46461397409439087 0.4828125238418579 0.0009191176504828036 0.0031250002793967724
0.0 0.7371323704719543 0.03333333507180214 0.0018382353009656072 0.0020833334419876337
0.0 0.17003676295280457 0.9494792222976685 0.0018382353009656072 0.0031250002793967724
0.0 0.37545955181121826 0.8463541865348816 0.0009191176504828036 0.0031250002793967724
0.0 0.6341911554336548 0.8015625476837158 0.0018382353009656072 0.0031250002793967724
0.0 0.29871323704719543 0.643750011920929 0.0018382353009656072 0.006250000558793545
0.0 0.9875919222831726 0.39270836114883423 0.0009191176504828036 0.0020833334419876337
0.0 0.8929228186607361 0.5875000357627869 0.0027573530096560717 0.0020833334419876337
0.0 0.28538602590560913 0.9958333969116211 0.0027573530096560717 0.004166666883975267
0.0 0.6824448704719543 0.6468750238418579 0.0009191176504828036 0.0020833334419876337
0.0 0.5284926295280457 0.4177083671092987 0.0018382353009656072 0.0020833334419876337
0.0 0.6488970518112183 0.23645834624767303 0.0018382353009656072 0.0020833334419876337
0.0 0.3547794222831726 0.8187500238418579 0.0018382353009656072 0.004166666883975267
0.0 0.44025734066963196 0.47083336114883423 0.0018382353009656072 0.0020833334419876337
0.0 0.37316176295280457 0.05625000223517418 0.005514706019312143 0.004166666883975267
0.0 0.48621323704719543 0.5473958849906921 0.0018382353009656072 0.0031250002793967724
0.0 0.6608455777168274 0.7276042103767395 0.0018382353009656072 0.0052083334885537624
0.0 0.8878676295280457 0.7078125476837158 0.0018382353009656072 0.0031250002793967724
0.0 0.3782169222831726 0.6182292103767395 0.0027573530096560717 0.0031250002793967724
0.0 0.3501838147640228 0.5828125476837158 0.0018382353009656072 0.0031250002793967724
0.0 0.5514705777168274 0.4203125238418579 0.0018382353009656072 0.0031250002793967724
0.0 0.9705882668495178 0.5973958373069763 0.0018382353009656072 0.0052083334885537624
0.0 0.296875 0.7203125357627869 0.0018382353009656072 0.0031250002793967724
0.0 0.96875 0.8453125357627869 0.0036764706019312143 0.0031250002793967724
0.0 0.7274816036224365 0.9161458611488342 0.0027573530096560717 0.0052083334885537624
0.0 0.6539521813392639 0.7848958969116211 0.0027573530096560717 0.0052083334885537624
0.0 0.2509191334247589 0.9515625238418579 0.0018382353009656072 0.0031250002793967724
0.0 0.7996323704719543 0.7348958849906921 0.0036764706019312143 0.00729166716337204
0.0 0.4710477888584137 0.5369791984558105 0.0027573530096560717 0.0031250002793967724
0.0 0.4875919222831726 0.7364583611488342 0.0027573530096560717 0.004166666883975267
0.0 0.3961397111415863 0.6239583492279053 0.0018382353009656072 0.0020833334419876337
0.0 0.9250919222831726 0.04062500223517418 0.0027573530096560717 0.0020833334419876337
0.0 0.42555147409439087 0.5994791984558105 0.0018382353009656072 0.0031250002793967724
0.0 0.9113051295280457 0.7500000596046448 0.0027573530096560717 0.004166666883975267
0.0 0.024356618523597717 0.6020833849906921 0.006433823611587286 0.004166666883975267
0.0 0.6378676295280457 0.20208334922790527 0.0018382353009656072 0.0020833334419876337
0.0 0.3772977888584137 0.3968750238418579 0.004595588427037001 0.008333333767950535
0.0 0.2904411852359772 0.7651042342185974 0.0036764706019312143 0.0031250002793967724
0.0 0.21875 0.4854166805744171 0.0036764706019312143 0.004166666883975267
