0 0.921875 0.934896 0.001838 0.001042
0 0.669577 0.971354 0.000919 0.001042
0 0.727482 0.873438 0.000919 0.001042
0 0.903952 0.704688 0.000919 0.001042
0 0.625460 0.920313 0.000919 0.001042
0 0.822151 0.571354 0.000919 0.001042
0 0.725643 0.572917 0.000919 0.002083
0 0.909467 0.542188 0.000919 0.001042
0 0.259191 0.984896 0.001838 0.001042
0 0.887868 0.956250 0.001838 0.004167
0 0.425092 0.594271 0.000919 0.001042
0 0.929228 0.974479 0.001838 0.003125
0 0.879136 0.579167 0.000919 0.002083
0 0.879136 0.356771 0.000919 0.001042
0 0.830423 0.707813 0.000919 0.001042
0 0.826287 0.990104 0.001838 0.003125
0 0.929688 0.680729 0.000919 0.001042
0 0.706342 0.514063 0.000919 0.001042
0 0.827665 0.994271 0.002757 0.007292
0 0.886489 0.580729 0.000919 0.001042
0 0.878217 0.988542 0.000919 0.002083
0 0.142463 0.881250 0.001838 0.002083
0 0.836857 0.779688 0.000919 0.001042
0 0.765165 0.732292 0.000919 0.002083
0 0.914062 0.569792 0.000919 0.002083
0 0.826746 0.365104 0.000919 0.001042
0 0.906710 0.747396 0.000919 0.001042
0 0.954044 0.547396 0.001838 0.001042
0 0.807445 0.957292 0.000919 0.002083
0 0.921415 0.983333 0.000919 0.002083
0 0.906250 0.746875 0.001838 0.002083
0 0.121783 0.327604 0.002757 0.001042
0 0.577665 0.884896 0.000919 0.001042
0 0.529871 0.705729 0.000919 0.001042
0 0.766085 0.418750 0.000919 0.002083
0 0.950827 0.932292 0.000919 0.002083
0 0.787224 0.749479 0.000919 0.001042
0 0.806526 0.715625 0.000919 0.002083
0 0.818474 0.760938 0.000919 0.001042
0 0.937040 0.929688 0.000919 0.001042
0 0.908088 0.318229 0.001838 0.001042
0 0.938419 0.485938 0.001838 0.001042
0 0.785386 0.883333 0.000919 0.002083
0 0.902574 0.998438 0.001838 0.003125
0 0.925092 0.808333 0.000919 0.002083
0 0.869945 0.637500 0.000919 0.002083
0 0.597886 0.624479 0.000919 0.001042
0 0.434743 0.577604 0.001838 0.003125
0 0.840533 0.701563 0.000919 0.001042
0 0.861213 0.678646 0.001838 0.001042
0 0.865809 0.683333 0.003676 0.008333
0 0.752298 0.822396 0.000919 0.001042
0 0.874540 0.964063 0.000919 0.001042
0 0.868566 0.993229 0.001838 0.001042
0 0.209099 0.520833 0.000919 0.002083
0 0.878217 0.800000 0.000919 0.002083
0 0.894301 0.762500 0.001838 0.002083
0 0.346507 0.959375 0.001838 0.002083
0 0.828125 0.558333 0.001838 0.002083
0 0.979779 0.823438 0.001838 0.001042
0 0.962316 0.877083 0.001838 0.002083
0 0.894761 0.654167 0.000919 0.002083
0 0.894761 0.761979 0.000919 0.001042
0 0.711857 0.921875 0.000919 0.002083
0 0.794118 0.677604 0.001838 0.001042
0 0.222886 0.514583 0.000919 0.002083
0 0.609375 0.808854 0.005515 0.009375
0 0.989890 0.989583 0.001838 0.002083
0 0.930607 0.943229 0.000919 0.003125
0 0.958180 0.838542 0.000919 0.002083
0 0.964614 0.942188 0.002757 0.005208
0 0.562040 0.535417 0.000919 0.002083
0 0.865809 0.684896 0.001838 0.005208
0 0.991268 0.893750 0.000919 0.002083
0 0.707261 0.783854 0.000919 0.003125
0 0.887408 0.956771 0.000919 0.003125
0 0.994485 0.850521 0.001838 0.003125
0 0.865809 0.979167 0.001838 0.002083
0 0.801011 0.944271 0.000919 0.001042
0 0.608456 0.894271 0.001838 0.003125
0 0.491268 0.664583 0.000919 0.002083
0 0.991268 0.821354 0.004596 0.007292
0 0.190257 0.915104 0.003676 0.007292
0 0.421875 0.734375 0.001838 0.002083
0 0.159467 0.960938 0.002757 0.005208
0 0.423713 0.213542 0.007353 0.010417
0 0.619945 0.656771 0.002757 0.005208
0 0.488971 0.743229 0.011029 0.015625
0 0.500460 0.604688 0.004596 0.003125
0 0.585018 0.693750 0.004596 0.006250
