0.0 0.45818015933036804 0.7734375596046448 0.0027573530096560717 0.0031250002793967724
0.0 0.9131433963775635 0.9880208969116211 0.0009191176504828036 0.0010416667209938169
0.0 0.7844669222831726 0.5682291984558105 0.0009191176504828036 0.0010416667209938169
0.0 0.8777573704719543 0.9802083969116211 0.0018382353009656072 0.0020833334419876337
0.0 0.8929228186607361 0.9197916984558105 0.0009191176504828036 0.0020833334419876337
0.0 0.8681066036224365 0.6843750476837158 0.0009191176504828036 0.0020833334419876337
0.0 0.31847426295280457 0.45885419845581055 0.0009191176504828036 0.0010416667209938169
0.0 0.8589154481887817 0.91302090883255 0.0009191176504828036 0.0010416667209938169
0.0 0.056985292583703995 0.37031251192092896 0.0036764706019312143 0.0031250002793967724
0.0 0.959099292755127 0.6859375238418579 0.0009191176504828036 0.0010416667209938169
0.0 0.9204963445663452 0.8135417103767395 0.0009191176504828036 0.0020833334419876337
0.0 0.9407169222831726 0.8406250476837158 0.0009191176504828036 0.0020833334419876337
0.0 0.9600183963775635 0.7255208492279053 0.0009191176504828036 0.0010416667209938169
0.0 0.5969669222831726 0.9307292103767395 0.0009191176504828036 0.0010416667209938169
0.0 0.7959558963775635 0.9718750715255737 0.0018382353009656072 0.004166666883975267
0.0 0.8313419222831726 0.6244791746139526 0.0009191176504828036 0.0010416667209938169
0.0 0.5785845518112183 0.8192708492279053 0.004595588427037001 0.00729166716337204
0.0 0.8607536554336548 0.5703125 0.0009191176504828036 0.0010416667209938169
0.0 0.8874080777168274 0.9046875238418579 0.0009191176504828036 0.0010416667209938169
0.0 0.5602021813392639 0.6406250596046448 0.0009191176504828036 0.0020833334419876337
0.0 0.8046875 0.6875000596046448 0.0009191176504828036 0.0020833334419876337
0.0 0.8561580777168274 0.32083335518836975 0.0009191176504828036 0.0020833334419876337
0.0 0.9655330777168274 0.7838541865348816 0.0009191176504828036 0.0010416667209938169
0.0 0.8552389740943909 0.5192708373069763 0.0009191176504828036 0.0010416667209938169
0.0 0.9149816036224365 0.8046875596046448 0.0009191176504828036 0.0010416667209938169
0.0 0.8469669222831726 0.7890625596046448 0.0009191176504828036 0.0010416667209938169
0.0 0.8924632668495178 0.2718750238418579 0.0018382353009656072 0.0020833334419876337
0.0 0.7702205777168274 0.9270833730697632 0.0018382353009656072 0.0020833334419876337
0.0 0.7780330777168274 0.37031251192092896 0.0009191176504828036 0.0010416667209938169
0.0 0.15119485557079315 0.5619791746139526 0.0009191176504828036 0.0010416667209938169
0.0 0.7817095518112183 0.6630208492279053 0.0009191176504828036 0.0010416667209938169
0.0 0.7697610259056091 0.5447916984558105 0.0009191176504828036 0.0020833334419876337
0.0 0.9940257668495178 0.7463542222976685 0.0009191176504828036 0.0010416667209938169
0.0 0.6833639740943909 0.9187500476837158 0.0009191176504828036 0.0020833334419876337
0.0 0.8920036554336548 0.6583333611488342 0.0009191176504828036 0.0020833334419876337
0.0 0.796875 0.9739583730697632 0.0018382353009656072 0.006250000558793545
0.0 0.49494484066963196 0.5380208492279053 0.0009191176504828036 0.0010416667209938169
0.0 0.8818933963775635 0.5609375238418579 0.0009191176504828036 0.0010416667209938169
0.0 0.9609375 0.7541667222976685 0.0009191176504828036 0.0020833334419876337
0.0 0.9522058963775635 0.8567708730697632 0.0018382353009656072 0.0010416667209938169
0.0 0.8469669222831726 0.5682291984558105 0.0009191176504828036 0.0010416667209938169
0.0 0.09237132221460342 0.93645840883255 0.0027573530096560717 0.0020833334419876337
0.0 0.9650735259056091 0.6104167103767395 0.0036764706019312143 0.004166666883975267
0.0 0.9733455777168274 0.31666669249534607 0.0018382353009656072 0.0020833334419876337
0.0 0.9232536554336548 0.5078125 0.0009191176504828036 0.0010416667209938169
0.0 0.9618566036224365 0.8338541984558105 0.0009191176504828036 0.0010416667209938169
0.0 0.8414521813392639 0.9401041865348816 0.0009191176504828036 0.0010416667209938169
0.0 0.8754595518112183 0.5552083849906921 0.0009191176504828036 0.0020833334419876337
0.0 0.7545955777168274 0.6463541984558105 0.0018382353009656072 0.0010416667209938169
0.0 0.8396139740943909 0.5671875476837158 0.0009191176504828036 0.0010416667209938169
0.0 0.7734375 0.7036458849906921 0.0009191176504828036 0.0010416667209938169
0.0 0.8244485259056091 0.6635416746139526 0.0018382353009656072 0.0020833334419876337
0.0 0.9692095518112183 0.8203125596046448 0.0009191176504828036 0.0010416667209938169
0.0 0.7761948704719543 0.9395833611488342 0.0009191176504828036 0.0020833334419876337
0.0 0.8589154481887817 0.7385417222976685 0.0009191176504828036 0.0020833334419876337
0.0 0.9214154481887817 0.9682292342185974 0.0009191176504828036 0.0010416667209938169
0.0 0.9756433963775635 0.7088541984558105 0.0009191176504828036 0.0010416667209938169
0.0 0.8363970518112183 0.9692708849906921 0.0018382353009656072 0.0010416667209938169
0.0 0.5211396813392639 0.5541666746139526 0.0018382353009656072 0.0020833334419876337
0.0 0.896599292755127 0.476041704416275 0.0009191176504828036 0.0020833334419876337
0.0 0.7532169222831726 0.7390625476837158 0.0009191176504828036 0.0010416667209938169
0.0 0.8690257668495178 0.9708333611488342 0.0009191176504828036 0.0020833334419876337
0.0 0.8598345518112183 0.7703125476837158 0.0009191176504828036 0.0010416667209938169
0.0 0.7945771813392639 0.6947916746139526 0.0009191176504828036 0.0020833334419876337
0.0 0.8956801295280457 0.9114583730697632 0.0009191176504828036 0.0020833334419876337
0.0 0.7550551295280457 0.8708333969116211 0.0009191176504828036 0.0020833334419876337
0.0 0.8432904481887817 0.776562511920929 0.0009191176504828036 0.0010416667209938169
0.0 0.8561580777168274 0.9770833849906921 0.0009191176504828036 0.0020833334419876337
0.0 0.7886029481887817 0.5541666746139526 0.0018382353009656072 0.0020833334419876337
0.0 0.5785845518112183 0.9072917103767395 0.0009191176504828036 0.0020833334419876337
0.0 0.8874080777168274 0.95208340883255 0.0009191176504828036 0.0020833334419876337
0.0 0.7215073704719543 0.8151041865348816 0.0018382353009656072 0.0010416667209938169
0.0 0.7587316036224365 0.6697916984558105 0.0009191176504828036 0.0020833334419876337
0.0 0.8883271813392639 0.7786458730697632 0.0009191176504828036 0.0010416667209938169
0.0 0.8336396813392639 0.9557292461395264 0.0018382353009656072 0.0031250002793967724
0.0 0.9204963445663452 0.8046875596046448 0.0009191176504828036 0.0031250002793967724
0.0 0.9659926295280457 0.8645833730697632 0.0018382353009656072 0.004166666883975267
0.0 0.8561580777168274 0.6380208730697632 0.0009191176504828036 0.0010416667209938169
0.0 0.9241728186607361 0.8437500596046448 0.0009191176504828036 0.0020833334419876337
0.0 0.9522058963775635 0.9489583969116211 0.0018382353009656072 0.0020833334419876337
0.0 0.7329963445663452 0.7270833849906921 0.0009191176504828036 0.0020833334419876337
0.0 0.3818933963775635 0.7661458849906921 0.0009191176504828036 0.0031250002793967724
0.0 0.9411764740943909 0.7875000238418579 0.0018382353009656072 0.0020833334419876337
0.0 0.8772978186607361 0.9802083969116211 0.0027573530096560717 0.004166666883975267
0.0 0.9558823704719543 0.8119792342185974 0.0018382353009656072 0.0031250002793967724
0.0 0.6760110259056091 0.784375011920929 0.0009191176504828036 0.004166666883975267
0.0 0.9682904481887817 0.8093750476837158 0.0009191176504828036 0.0020833334419876337
0.0 0.8547794222831726 0.9312500357627869 0.0018382353009656072 0.0020833334419876337
0.0 0.5850183963775635 0.6687500476837158 0.0027573530096560717 0.004166666883975267
0.0 0.927849292755127 0.9078125357627869 0.0027573530096560717 0.0052083334885537624
0.0 0.5799632668495178 0.8213542103767395 0.005514706019312143 0.00937500037252903
0.0 0.9522058963775635 0.784375011920929 0.0036764706019312143 0.008333333767950535
0.0 0.9655330777168274 0.6119791865348816 0.0027573530096560717 0.0052083334885537624
0.0 0.9705882668495178 0.6619791984558105 0.0018382353009656072 0.0031250002793967724
0.0 0.8304228186607361 0.6697916984558105 0.0027573530096560717 0.006250000558793545
0.0 0.1438419073820114 0.9687500596046448 0.0027573530096560717 0.008333333767950535
0.0 0.46047794818878174 0.6291667222976685 0.005514706019312143 0.004166666883975267
0.0 0.36902573704719543 0.22968751192092896 0.008272059261798859 0.01145833358168602
0.0 0.5505514740943909 0.7083333730697632 0.005514706019312143 0.006250000558793545
0.0 0.45128676295280457 0.7718750238418579 0.011029412038624287 0.01666666753590107
