0.0 0.7899816036224365 0.4723958671092987 0.0027573530096560717 0.0031250002793967724
0.0 0.3501838147640228 0.8369792103767395 0.0018382353009656072 0.0031250002793967724
0.0 0.9283088445663452 0.7937500476837158 0.0018382353009656072 0.0020833334419876337
0.0 0.7449448704719543 0.7864583730697632 0.0009191176504828036 0.0020833334419876337
0.0 0.32077205181121826 0.7583333849906921 0.0018382353009656072 0.0020833334419876337
0.0 0.6043198704719543 0.19427084922790527 0.0009191176504828036 0.0010416667209938169
0.0 0.06939338147640228 0.9083333611488342 0.0009191176504828036 0.0020833334419876337
0.0 0.8400735259056091 0.28437501192092896 0.0018382353009656072 0.0020833334419876337
0.0 0.171875 0.3463541865348816 0.0018382353009656072 0.0010416667209938169
0.0 0.8056066036224365 0.6192708611488342 0.0009191176504828036 0.0031250002793967724
0.0 0.3694852888584137 0.2526041865348816 0.005514706019312143 0.0031250002793967724
0.0 0.05009191110730171 0.36927086114883423 0.0027573530096560717 0.0010416667209938169
0.0 0.7339154481887817 0.7546875476837158 0.0009191176504828036 0.0010416667209938169
0.0 0.3373161852359772 0.13645833730697632 0.0018382353009656072 0.0020833334419876337
0.0 0.4967830777168274 0.37135419249534607 0.0009191176504828036 0.0010416667209938169
0.0 0.4076286852359772 0.9156250357627869 0.0009191176504828036 0.0020833334419876337
0.0 0.4499080777168274 0.4505208432674408 0.0009191176504828036 0.0010416667209938169
0.0 0.4071691334247589 0.8093750476837158 0.0018382353009656072 0.0020833334419876337
0.0 0.2821691334247589 0.8531250357627869 0.0018382353009656072 0.004166666883975267
0.0 0.9609375 0.42239585518836975 0.0009191176504828036 0.0010416667209938169
0.0 0.0022977942135185003 0.5489583611488342 0.0027573530096560717 0.006250000558793545
0.0 0.39430147409439087 0.6302083730697632 0.0018382353009656072 0.004166666883975267
0.0 0.4076286852359772 0.8479167222976685 0.0009191176504828036 0.0020833334419876337
0.0 0.13143382966518402 0.9708333611488342 0.0018382353009656072 0.0020833334419876337
0.0 0.46507352590560913 0.4947916865348816 0.0018382353009656072 0.0020833334419876337
0.0 0.24586397409439087 0.6177083849906921 0.0009191176504828036 0.0020833334419876337
0.0 0.45588234066963196 0.565625011920929 0.0018382353009656072 0.0020833334419876337
0.0 0.9048713445663452 0.7088541984558105 0.0009191176504828036 0.0010416667209938169
0.0 0.15762867033481598 0.15937501192092896 0.0027573530096560717 0.0020833334419876337
0.0 0.4931066334247589 0.5552083849906921 0.0009191176504828036 0.0020833334419876337
0.0 0.4774816334247589 0.6317708492279053 0.0009191176504828036 0.0010416667209938169
0.0 0.693474292755127 0.07760416716337204 0.0009191176504828036 0.0010416667209938169
0.0 0.3203125 0.015625 0.0009191176504828036 0.0020833334419876337
0.0 0.5317095518112183 0.3609375059604645 0.0009191176504828036 0.0010416667209938169
0.0 0.4820772111415863 0.7015625238418579 0.0009191176504828036 0.0010416667209938169
0.0 0.9572610259056091 0.40416669845581055 0.0009191176504828036 0.0020833334419876337
0.0 0.022058824077248573 0.39375001192092896 0.0018382353009656072 0.0020833334419876337
0.0 0.359375 0.9765625596046448 0.0018382353009656072 0.0031250002793967724
0.0 0.4007352888584137 0.6557291746139526 0.0018382353009656072 0.0010416667209938169
0.0 0.6631433963775635 0.4442708492279053 0.0009191176504828036 0.0010416667209938169
0.0 0.44806984066963196 0.5666667222976685 0.0009191176504828036 0.0020833334419876337
0.0 0.11213235557079315 0.9421875476837158 0.0018382353009656072 0.0031250002793967724
0.0 0.34972426295280457 0.6578125357627869 0.0009191176504828036 0.0010416667209938169
0.0 0.06847426295280457 0.5130208730697632 0.0027573530096560717 0.0010416667209938169
0.0 0.8203125 0.5557292103767395 0.0009191176504828036 0.0010416667209938169
0.0 0.38556984066963196 0.5854166746139526 0.0009191176504828036 0.0020833334419876337
0.0 0.546875 0.6130208373069763 0.0018382353009656072 0.0010416667209938169
0.0 0.4664522111415863 0.6723958849906921 0.0009191176504828036 0.0010416667209938169
0.0 0.4733455777168274 0.628125011920929 0.0018382353009656072 0.0020833334419876337
0.0 0.7624080777168274 0.7177083492279053 0.0009191176504828036 0.0020833334419876337
0.0 0.24586397409439087 0.2802083492279053 0.0009191176504828036 0.0020833334419876337
0.0 0.7633271813392639 0.5026041865348816 0.0009191176504828036 0.0010416667209938169
0.0 0.07858455926179886 0.0703125 0.0009191176504828036 0.0010416667209938169
0.0 0.3828125 0.4843750298023224 0.0009191176504828036 0.0020833334419876337
0.0 0.38097426295280457 0.6796875596046448 0.0009191176504828036 0.0010416667209938169
0.0 0.5151654481887817 0.43385419249534607 0.0009191176504828036 0.0010416667209938169
0.0 0.025735294446349144 0.5015625357627869 0.0018382353009656072 0.0010416667209938169
0.0 0.6245404481887817 0.45885419845581055 0.0009191176504828036 0.0010416667209938169
0.0 0.8345588445663452 0.32447919249534607 0.0018382353009656072 0.0010416667209938169
0.0 0.8157169222831726 0.4776041805744171 0.0009191176504828036 0.0010416667209938169
0.0 0.9710478186607361 0.6880208849906921 0.0009191176504828036 0.0010416667209938169
0.0 0.7532169222831726 0.0572916679084301 0.0009191176504828036 0.0020833334419876337
0.0 0.5124080777168274 0.5723958611488342 0.0009191176504828036 0.0010416667209938169
0.0 0.5914521813392639 0.36145836114883423 0.0009191176504828036 0.0020833334419876337
0.0 0.3763786852359772 0.7932292222976685 0.0009191176504828036 0.0010416667209938169
0.0 0.26148897409439087 0.13385418057441711 0.0009191176504828036 0.0010416667209938169
0.0 0.07674632221460342 0.5260416865348816 0.0009191176504828036 0.0020833334419876337
0.0 0.1999080926179886 0.9651042222976685 0.0027573530096560717 0.013541667722165585
0.0 0.23805147409439087 0.6322916746139526 0.0018382353009656072 0.0020833334419876337
0.0 0.07628676295280457 0.2343750149011612 0.0018382353009656072 0.0020833334419876337
0.0 0.46369484066963196 0.6880208849906921 0.0009191176504828036 0.0010416667209938169
0.0 0.4388786852359772 0.6765625476837158 0.0009191176504828036 0.0010416667209938169
0.0 0.2132352888584137 0.9916667342185974 0.0018382353009656072 0.0020833334419876337
0.0 0.8717830777168274 0.8401042222976685 0.0009191176504828036 0.0010416667209938169
0.0 0.013786764815449715 0.8739583492279053 0.0018382353009656072 0.0020833334419876337
0.0 0.16498161852359772 0.8447917103767395 0.0009191176504828036 0.0020833334419876337
0.0 0.3782169222831726 0.5880208611488342 0.0009191176504828036 0.0010416667209938169
0.0 0.4765625 0.6098958849906921 0.0009191176504828036 0.0010416667209938169
0.0 0.9526654481887817 0.9390625357627869 0.0009191176504828036 0.0010416667209938169
0.0 0.014246323145925999 0.18072918057441711 0.004595588427037001 0.0031250002793967724
0.0 0.39108455181121826 0.5864583849906921 0.0009191176504828036 0.0020833334419876337
0.0 0.6079963445663452 0.7104166746139526 0.0009191176504828036 0.0020833334419876337
0.0 0.20680147409439087 0.8822917342185974 0.0018382353009656072 0.0020833334419876337
0.0 0.6199448704719543 0.6854166984558105 0.0009191176504828036 0.0020833334419876337
0.0 0.4306066334247589 0.8692708611488342 0.0009191176504828036 0.0010416667209938169
0.0 0.453125 0.7135416865348816 0.0018382353009656072 0.0020833334419876337
0.0 0.5261948704719543 0.43437501788139343 0.0027573530096560717 0.004166666883975267
0.0 0.4076286852359772 0.8296875357627869 0.0009191176504828036 0.0031250002793967724
0.0 0.7798713445663452 0.8291667103767395 0.0009191176504828036 0.0020833334419876337
0.0 0.26148897409439087 0.9552083611488342 0.0009191176504828036 0.0020833334419876337
0.0 0.5813419222831726 0.5958333611488342 0.0009191176504828036 0.0020833334419876337
0.0 0.5206801295280457 0.6994792222976685 0.0009191176504828036 0.0010416667209938169
0.0 0.8226103186607361 0.39531251788139343 0.0018382353009656072 0.0010416667209938169
0.0 0.4443933963775635 0.5062500238418579 0.0009191176504828036 0.0020833334419876337
0.0 0.5804228186607361 0.26875001192092896 0.0009191176504828036 0.0020833334419876337
0.0 0.4774816334247589 0.581250011920929 0.0009191176504828036 0.004166666883975267
0.0 0.4517463147640228 0.5932291746139526 0.0009191176504828036 0.0031250002793967724
0.0 0.7495404481887817 0.6333333849906921 0.0009191176504828036 0.0020833334419876337
0.0 0.46920955181121826 0.5869792103767395 0.0009191176504828036 0.0010416667209938169
0.0 0.3837316334247589 0.7036458849906921 0.0009191176504828036 0.0010416667209938169
0.0 0.08685661852359772 0.49531251192092896 0.0009191176504828036 0.0010416667209938169
0.0 0.2977941334247589 0.1276041716337204 0.0018382353009656072 0.0010416667209938169
0.0 0.33409926295280457 0.9729167222976685 0.0027573530096560717 0.0020833334419876337
0.0 0.7982536554336548 0.8442708849906921 0.0009191176504828036 0.0010416667209938169
0.0 0.4866727888584137 0.5979167222976685 0.0009191176504828036 0.0020833334419876337
0.0 0.5096507668495178 0.6500000357627869 0.0009191176504828036 0.0020833334419876337
0.0 0.2835477888584137 0.6312500238418579 0.0009191176504828036 0.0020833334419876337
0.0 0.32077205181121826 0.4687500298023224 0.0018382353009656072 0.0020833334419876337
0.0 0.7688419222831726 0.6994792222976685 0.0009191176504828036 0.0010416667209938169
0.0 0.4466911852359772 0.5203125476837158 0.0018382353009656072 0.0010416667209938169
0.0 0.1351102888584137 0.6078125238418579 0.0018382353009656072 0.0010416667209938169
0.0 0.3460477888584137 0.3916666805744171 0.0009191176504828036 0.0020833334419876337
0.0 0.5326286554336548 0.37291669845581055 0.0009191176504828036 0.0020833334419876337
0.0 0.01148897036910057 0.5375000238418579 0.0009191176504828036 0.0020833334419876337
0.0 0.8979779481887817 0.37552085518836975 0.0018382353009656072 0.0010416667209938169
0.0 0.4811580777168274 0.4833333492279053 0.0009191176504828036 0.0020833334419876337
0.0 0.8662683963775635 0.5161458849906921 0.0009191176504828036 0.0010416667209938169
0.0 0.3570772111415863 0.651562511920929 0.0009191176504828036 0.0010416667209938169
0.0 0.3547794222831726 0.9942708611488342 0.0018382353009656072 0.0031250002793967724
0.0 0.24494485557079315 0.25989586114883423 0.0009191176504828036 0.0010416667209938169
0.0 0.38556984066963196 0.5640625357627869 0.0009191176504828036 0.0010416667209938169
0.0 0.39016544818878174 0.13437500596046448 0.0009191176504828036 0.0020833334419876337
0.0 0.5284926295280457 0.01770833507180214 0.0018382353009656072 0.0020833334419876337
0.0 0.36994484066963196 0.2848958373069763 0.0009191176504828036 0.0010416667209938169
0.0 0.6760110259056091 0.3864583671092987 0.0009191176504828036 0.0020833334419876337
0.0 0.9039521813392639 0.5932291746139526 0.0009191176504828036 0.0010416667209938169
0.0 0.7771139740943909 0.6453125476837158 0.0009191176504828036 0.0010416667209938169
0.0 0.8010110259056091 0.3932291865348816 0.0009191176504828036 0.0010416667209938169
0.0 0.3929227888584137 0.05260416865348816 0.0009191176504828036 0.0010416667209938169
0.0 0.4540441334247589 0.5416666865348816 0.0018382353009656072 0.0020833334419876337
0.0 0.5785845518112183 0.25416669249534607 0.0009191176504828036 0.0020833334419876337
0.0 0.24862132966518402 0.9369792342185974 0.0009191176504828036 0.0031250002793967724
0.0 0.23943014442920685 0.15468750894069672 0.0027573530096560717 0.0010416667209938169
0.0 0.8763786554336548 0.8312500715255737 0.0009191176504828036 0.0020833334419876337
0.0 0.4352022111415863 0.36354169249534607 0.0009191176504828036 0.0020833334419876337
0.0 0.5693933963775635 0.3984375298023224 0.0009191176504828036 0.0010416667209938169
0.0 0.8616728186607361 0.6286458373069763 0.0009191176504828036 0.0010416667209938169
0.0 0.7725183963775635 0.7640625238418579 0.0009191176504828036 0.0010416667209938169
0.0 0.1764705926179886 0.40260419249534607 0.0018382353009656072 0.0010416667209938169
0.0 0.6139705777168274 0.4828125238418579 0.0018382353009656072 0.0010416667209938169
0.0 0.8037683963775635 0.3812500238418579 0.0009191176504828036 0.0020833334419876337
0.0 0.4866727888584137 0.557812511920929 0.0027573530096560717 0.0031250002793967724
0.0 0.7568933963775635 0.8109375238418579 0.0009191176504828036 0.0031250002793967724
0.0 0.3818933963775635 0.0494791679084301 0.0009191176504828036 0.0010416667209938169
0.0 0.24632352590560913 0.5921875238418579 0.0018382353009656072 0.0031250002793967724
0.0 0.4655330777168274 0.6109375357627869 0.0009191176504828036 0.0010416667209938169
0.0 0.9462316036224365 0.5020833611488342 0.0009191176504828036 0.0020833334419876337
0.0 0.28860294818878174 0.8520833849906921 0.0018382353009656072 0.0020833334419876337
0.0 0.8874080777168274 0.8276042342185974 0.0009191176504828036 0.0010416667209938169
0.0 0.9094669222831726 0.2645833492279053 0.0009191176504828036 0.0020833334419876337
0.0 0.0758272036910057 0.5333333611488342 0.0009191176504828036 0.0020833334419876337
0.0 0.4756433963775635 0.7484375238418579 0.0009191176504828036 0.0010416667209938169
0.0 0.15762867033481598 0.15937501192092896 0.0009191176504828036 0.0020833334419876337
0.0 0.5018382668495178 0.28958335518836975 0.0018382353009656072 0.004166666883975267
0.0 0.8446691036224365 0.32864585518836975 0.0018382353009656072 0.0010416667209938169
0.0 0.11397058516740799 0.7223958969116211 0.0018382353009656072 0.0031250002793967724
0.0 0.38235294818878174 0.8864583969116211 0.0018382353009656072 0.0020833334419876337
0.0 0.4443933963775635 0.2614583373069763 0.0009191176504828036 0.0020833334419876337
0.0 0.9499080777168274 0.745312511920929 0.0009191176504828036 0.0010416667209938169
0.0 0.7261029481887817 0.07760416716337204 0.0018382353009656072 0.0010416667209938169
0.0 0.3607536852359772 0.8182291984558105 0.0009191176504828036 0.0010416667209938169
0.0 0.8777573704719543 0.7317708730697632 0.0018382353009656072 0.0010416667209938169
0.0 0.5909926295280457 0.11041667312383652 0.0018382353009656072 0.0020833334419876337
0.0 0.40808823704719543 0.659375011920929 0.0018382353009656072 0.0020833334419876337
0.0 0.4545036852359772 0.43958336114883423 0.0009191176504828036 0.0020833334419876337
0.0 0.10569853335618973 0.4989583492279053 0.0018382353009656072 0.0020833334419876337
0.0 0.4241727888584137 0.6614583730697632 0.004595588427037001 0.006250000558793545
0.0 0.49586397409439087 0.7135416865348816 0.0009191176504828036 0.0020833334419876337
0.0 0.4397977888584137 0.8869792222976685 0.0009191176504828036 0.0010416667209938169
0.0 0.18795956671237946 0.3619791865348816 0.004595588427037001 0.0031250002793967724
0.0 0.3203125 0.7588542103767395 0.0009191176504828036 0.0031250002793967724
0.0 0.37867647409439087 0.8020833730697632 0.0018382353009656072 0.0020833334419876337
0.0 0.3929227888584137 0.8052083849906921 0.0009191176504828036 0.0020833334419876337
0.0 0.47840073704719543 0.5515625476837158 0.0009191176504828036 0.0010416667209938169
0.0 0.32766544818878174 0.8708333969116211 0.0009191176504828036 0.0020833334419876337
0.0 0.32628676295280457 0.7130208611488342 0.0018382353009656072 0.0031250002793967724
0.0 0.4875919222831726 0.3437500298023224 0.0009191176504828036 0.0020833334419876337
0.0 0.41819852590560913 0.6442708373069763 0.0036764706019312143 0.00937500037252903
0.0 0.3359375 0.7692708969116211 0.0009191176504828036 0.0031250002793967724
0.0 0.08272058516740799 0.9760417342185974 0.0036764706019312143 0.0020833334419876337
0.0 0.6328125 0.2187500149011612 0.0009191176504828036 0.0020833334419876337
0.0 0.44898897409439087 0.6229166984558105 0.0027573530096560717 0.0020833334419876337
0.0 0.6070771813392639 0.31718751788139343 0.0009191176504828036 0.0031250002793967724
0.0 0.9094669222831726 0.3057291805744171 0.0009191176504828036 0.0010416667209938169
0.0 0.43382352590560913 0.573437511920929 0.0018382353009656072 0.0052083334885537624
0.0 0.6539521813392639 0.22031250596046448 0.0027573530096560717 0.0031250002793967724
0.0 0.4186580777168274 0.6817708611488342 0.0009191176504828036 0.0010416667209938169
0.0 0.7918198704719543 0.6901041865348816 0.0009191176504828036 0.0010416667209938169
0.0 0.5569853186607361 0.2604166865348816 0.0018382353009656072 0.0020833334419876337
0.0 0.4384191334247589 0.5994791984558105 0.0018382353009656072 0.0031250002793967724
0.0 0.8010110259056091 0.3682291805744171 0.0027573530096560717 0.0010416667209938169
0.0 0.5818014740943909 0.5911458730697632 0.0018382353009656072 0.0010416667209938169
0.0 0.4076286852359772 0.7927083969116211 0.0009191176504828036 0.0020833334419876337
0.0 0.44485294818878174 0.8145833611488342 0.0018382353009656072 0.004166666883975267
0.0 0.8327205777168274 0.3213541805744171 0.0018382353009656072 0.0010416667209938169
0.0 0.7329963445663452 0.5713542103767395 0.0009191176504828036 0.0031250002793967724
0.0 0.8272058963775635 0.31979167461395264 0.0018382353009656072 0.0020833334419876337
0.0 0.5652573704719543 0.7020833492279053 0.0018382353009656072 0.0020833334419876337
0.0 0.7293198704719543 0.9708333611488342 0.0009191176504828036 0.0020833334419876337
0.0 0.7550551295280457 0.7234375476837158 0.0009191176504828036 0.0031250002793967724
0.0 0.2297794073820114 0.6463541984558105 0.0018382353009656072 0.0031250002793967724
0.0 0.8092830777168274 0.4192708432674408 0.0009191176504828036 0.0010416667209938169
0.0 0.29273897409439087 0.7682291865348816 0.0027573530096560717 0.0031250002793967724
0.0 0.5174632668495178 0.5098958611488342 0.0018382353009656072 0.0031250002793967724
0.0 0.7720588445663452 0.4854166805744171 0.0018382353009656072 0.0020833334419876337
0.0 0.5160845518112183 0.3687500059604645 0.0027573530096560717 0.0020833334419876337
0.0 0.3033088147640228 0.94427090883255 0.0036764706019312143 0.0031250002793967724
0.0 0.359375 0.7369791865348816 0.0018382353009656072 0.0031250002793967724
0.0 0.9793198704719543 0.7135416865348816 0.0009191176504828036 0.0020833334419876337
0.0 0.8147978186607361 0.9875000715255737 0.0009191176504828036 0.0020833334419876337
0.0 0.7734375 0.7463542222976685 0.0009191176504828036 0.0010416667209938169
0.0 0.4517463147640228 0.6947916746139526 0.0009191176504828036 0.0020833334419876337
0.0 0.3658088147640228 0.596875011920929 0.0018382353009656072 0.0020833334419876337
0.0 0.8345588445663452 0.4281250238418579 0.0018382353009656072 0.0020833334419876337
0.0 0.3607536852359772 0.7739583849906921 0.0009191176504828036 0.0020833334419876337
0.0 0.4476102888584137 0.38593751192092896 0.0018382353009656072 0.0052083334885537624
0.0 0.8000919222831726 0.8630208969116211 0.0009191176504828036 0.0010416667209938169
0.0 0.41773897409439087 0.5906250476837158 0.0027573530096560717 0.004166666883975267
0.0 0.35431984066963196 0.2744791805744171 0.0027573530096560717 0.0031250002793967724
0.0 0.40027573704719543 0.7875000238418579 0.0009191176504828036 0.0020833334419876337
0.0 0.5330882668495178 0.3802083432674408 0.0018382353009656072 0.0020833334419876337
0.0 0.7578125 0.6953125596046448 0.0009191176504828036 0.0031250002793967724
0.0 0.3524816334247589 0.6989583969116211 0.0009191176504828036 0.0020833334419876337
0.0 0.43795955181121826 0.6947916746139526 0.0009191176504828036 0.0020833334419876337
0.0 0.8060661554336548 0.8583333492279053 0.0018382353009656072 0.004166666883975267
0.0 0.5909926295280457 0.30781251192092896 0.0018382353009656072 0.0031250002793967724
0.0 0.4264705777168274 0.6755208969116211 0.0018382353009656072 0.0010416667209938169
0.0 0.8318014740943909 0.9411458969116211 0.0018382353009656072 0.0031250002793967724
0.0 0.12224264442920685 0.8072916865348816 0.005514706019312143 0.008333333767950535
0.0 0.09099264442920685 0.3671875298023224 0.0018382353009656072 0.0031250002793967724
0.0 0.7123161554336548 0.04791666939854622 0.0018382353009656072 0.0020833334419876337
0.0 0.48851102590560913 0.20520834624767303 0.0027573530096560717 0.006250000558793545
0.0 0.20588235557079315 0.9463542103767395 0.0018382353009656072 0.0031250002793967724
0.0 0.7913603186607361 0.4348958432674408 0.0018382353009656072 0.0031250002793967724
0.0 0.9191176295280457 0.42656251788139343 0.0036764706019312143 0.0031250002793967724
0.0 0.9402573704719543 0.7239583730697632 0.0018382353009656072 0.0020833334419876337
0.0 0.6300551295280457 0.45000001788139343 0.0027573530096560717 0.0020833334419876337
0.0 0.4641544222831726 0.7895833849906921 0.0018382353009656072 0.0020833334419876337
0.0 0.5569853186607361 0.35364586114883423 0.0018382353009656072 0.0031250002793967724
0.0 0.45358455181121826 0.4723958671092987 0.0027573530096560717 0.0031250002793967724
0.0 0.8681066036224365 0.5520833730697632 0.0027573530096560717 0.004166666883975267
0.0 0.1764705926179886 0.5906250476837158 0.0018382353009656072 0.004166666883975267
0.0 0.9857536554336548 0.7151042222976685 0.0027573530096560717 0.0031250002793967724
0.0 0.1663602888584137 0.5953125357627869 0.0018382353009656072 0.0031250002793967724
0.0 0.8097426295280457 0.8213542103767395 0.0018382353009656072 0.0031250002793967724
0.0 0.12178308516740799 0.48750001192092896 0.0027573530096560717 0.0020833334419876337
0.0 0.5675551295280457 0.27135416865348816 0.0009191176504828036 0.0031250002793967724
0.0 0.3685661852359772 0.8041667342185974 0.0018382353009656072 0.0020833334419876337
0.0 0.07720588147640228 0.39375001192092896 0.0018382353009656072 0.004166666883975267
0.0 0.5055146813392639 0.5947917103767395 0.0018382353009656072 0.004166666883975267
0.0 0.4172794222831726 0.7239583730697632 0.0018382353009656072 0.0020833334419876337
0.0 0.5753676295280457 0.3578125238418579 0.0018382353009656072 0.0052083334885537624
0.0 0.47288602590560913 0.6286458373069763 0.0027573530096560717 0.0031250002793967724
0.0 0.7890625 0.47291669249534607 0.0027573530096560717 0.004166666883975267
0.0 0.3814338147640228 0.7473958730697632 0.0018382353009656072 0.0031250002793967724
0.0 0.29273897409439087 0.7906250357627869 0.008272059261798859 0.004166666883975267
0.0 0.46277573704719543 0.6635416746139526 0.004595588427037001 0.006250000558793545
0.0 0.16452206671237946 0.8697916865348816 0.005514706019312143 0.006250000558793545
