0.0 0.4811580777168274 0.5744792222976685 0.0009191176504828036 0.0010416667209938169
0.0 0.11534926295280457 0.45885419845581055 0.0009191176504828036 0.0010416667209938169
0.0 0.1852022111415863 0.4557291865348816 0.0009191176504828036 0.0010416667209938169
0.0 0.45909926295280457 0.7875000238418579 0.0009191176504828036 0.0020833334419876337
0.0 0.40211397409439087 0.6630208492279053 0.0009191176504828036 0.0010416667209938169
0.0 0.29090073704719543 0.9197916984558105 0.0027573530096560717 0.0020833334419876337
0.0 0.8272058963775635 0.16770833730697632 0.0018382353009656072 0.0020833334419876337
0.0 0.9701286554336548 0.28593751788139343 0.0009191176504828036 0.0010416667209938169
0.0 0.7238051295280457 0.7484375238418579 0.0009191176504828036 0.0010416667209938169
0.0 0.29181984066963196 0.7567708492279053 0.0009191176504828036 0.0010416667209938169
0.0 0.1796875 0.5244792103767395 0.0009191176504828036 0.0010416667209938169
0.0 0.8524816036224365 0.40572917461395264 0.0009191176504828036 0.0010416667209938169
0.0 0.6401654481887817 0.4505208432674408 0.0009191176504828036 0.0010416667209938169
0.0 0.1282169073820114 0.5765625238418579 0.01930147036910057 0.01979166828095913
0.0 0.7477021813392639 0.2614583373069763 0.0009191176504828036 0.0020833334419876337
0.0 0.359375 0.8796875476837158 0.0018382353009656072 0.0010416667209938169
0.0 0.7826286554336548 0.6156250238418579 0.0009191176504828036 0.0020833334419876337
0.0 0.6962316036224365 0.5593750476837158 0.0009191176504828036 0.0020833334419876337
0.0 0.8662683963775635 0.8697916865348816 0.0009191176504828036 0.0020833334419876337
0.0 0.048713237047195435 0.8828125596046448 0.0018382353009656072 0.0010416667209938169
0.0 0.2798713147640228 0.39010417461395264 0.0009191176504828036 0.0010416667209938169
0.0 0.6769301295280457 0.3968750238418579 0.0009191176504828036 0.0020833334419876337
0.0 0.5436580777168274 0.6401041746139526 0.0009191176504828036 0.0010416667209938169
0.0 0.6806066036224365 0.46927085518836975 0.0009191176504828036 0.0010416667209938169
0.0 0.3359375 0.7552083730697632 0.0009191176504828036 0.0020833334419876337
0.0 0.4397977888584137 0.91302090883255 0.0009191176504828036 0.0010416667209938169
0.0 0.8800551295280457 0.9645833969116211 0.0009191176504828036 0.0020833334419876337
0.0 0.44255515933036804 0.8520833849906921 0.0009191176504828036 0.0020833334419876337
0.0 0.5110294222831726 0.3255208432674408 0.0018382353009656072 0.0010416667209938169
0.0 0.9030330777168274 0.8109375238418579 0.0009191176504828036 0.0010416667209938169
0.0 0.4857536852359772 0.7520833611488342 0.0009191176504828036 0.0020833334419876337
0.0 0.5188419222831726 0.8906250596046448 0.0009191176504828036 0.0020833334419876337
0.0 0.3828125 0.29479166865348816 0.0009191176504828036 0.0020833334419876337
0.0 0.6034007668495178 0.6682292222976685 0.0009191176504828036 0.0010416667209938169
0.0 0.1383272111415863 0.9276041984558105 0.0009191176504828036 0.0010416667209938169
0.0 0.9770220518112183 0.9432291984558105 0.0018382353009656072 0.0010416667209938169
0.0 0.15027573704719543 0.6250000596046448 0.006433823611587286 0.008333333767950535
0.0 0.2959558963775635 0.6901041865348816 0.0018382353009656072 0.0010416667209938169
0.0 0.826286792755127 0.15729168057441711 0.0018382353009656072 0.0020833334419876337
0.0 0.9692095518112183 0.8953125476837158 0.0009191176504828036 0.0010416667209938169
0.0 0.9136029481887817 0.9151042103767395 0.0036764706019312143 0.0031250002793967724
0.0 0.6989889740943909 0.9140625596046448 0.0009191176504828036 0.0010416667209938169
0.0 0.880974292755127 0.7505208849906921 0.0009191176504828036 0.0010416667209938169
0.0 0.6548713445663452 0.38333335518836975 0.0009191176504828036 0.0020833334419876337
0.0 0.8019301295280457 0.22760418057441711 0.0009191176504828036 0.0010416667209938169
0.0 0.05147058889269829 0.9151042103767395 0.0018382353009656072 0.0010416667209938169
0.0 0.8956801295280457 0.12343750894069672 0.0009191176504828036 0.0010416667209938169
0.0 0.9572610259056091 0.9619792103767395 0.0009191176504828036 0.0010416667209938169
0.0 0.8763786554336548 0.02135416865348816 0.0009191176504828036 0.0010416667209938169
0.0 0.7780330777168274 0.4869791865348816 0.0009191176504828036 0.0010416667209938169
0.0 0.5013786554336548 0.7317708730697632 0.0009191176504828036 0.0010416667209938169
0.0 0.37683823704719543 0.4635416865348816 0.0018382353009656072 0.0020833334419876337
0.0 0.5013786554336548 0.5614583492279053 0.0009191176504828036 0.0020833334419876337
0.0 0.4857536852359772 0.7348958849906921 0.0009191176504828036 0.0010416667209938169
0.0 0.6539521813392639 0.37916669249534607 0.0009191176504828036 0.0020833334419876337
0.0 0.15257352590560913 0.4385416805744171 0.0018382353009656072 0.0020833334419876337
0.0 0.41038602590560913 0.8932291865348816 0.0009191176504828036 0.0010416667209938169
0.0 0.576286792755127 0.5932291746139526 0.0018382353009656072 0.0010416667209938169
0.0 0.8313419222831726 0.18593750894069672 0.0009191176504828036 0.0010416667209938169
0.0 0.8717830777168274 0.00572916679084301 0.0009191176504828036 0.0010416667209938169
0.0 0.16819852590560913 0.4619791805744171 0.0036764706019312143 0.0031250002793967724
0.0 0.8754595518112183 0.4442708492279053 0.0009191176504828036 0.0010416667209938169
0.0 0.7522978186607361 0.7973958849906921 0.0009191176504828036 0.0010416667209938169
0.0 0.42141544818878174 0.8411458730697632 0.0009191176504828036 0.0010416667209938169
0.0 0.7063419222831726 0.35572919249534607 0.0009191176504828036 0.0010416667209938169
0.0 0.24586397409439087 0.99114590883255 0.0009191176504828036 0.0010416667209938169
0.0 0.8088235259056091 0.6869791746139526 0.0018382353009656072 0.0010416667209938169
0.0 0.6842830777168274 0.9578125476837158 0.0009191176504828036 0.0010416667209938169
0.0 0.9397978186607361 0.8859375715255737 0.0009191176504828036 0.0010416667209938169
0.0 0.41681984066963196 0.3109375238418579 0.0009191176504828036 0.0010416667209938169
0.0 0.584099292755127 0.5817708373069763 0.0009191176504828036 0.0010416667209938169
0.0 0.1897977888584137 0.7572917342185974 0.0009191176504828036 0.0020833334419876337
0.0 0.6925551295280457 0.3348958492279053 0.0009191176504828036 0.0010416667209938169
0.0 0.6613051295280457 0.7697917222976685 0.0009191176504828036 0.0020833334419876337
0.0 0.7238051295280457 0.4036458432674408 0.0009191176504828036 0.0010416667209938169
0.0 0.7853860259056091 0.8812500238418579 0.0009191176504828036 0.0020833334419876337
0.0 0.7274816036224365 0.23645834624767303 0.0027573530096560717 0.0020833334419876337
0.0 0.6659007668495178 0.8359375596046448 0.0009191176504828036 0.0010416667209938169
0.0 0.7807904481887817 0.8968750238418579 0.0009191176504828036 0.0020833334419876337
0.0 0.9117646813392639 0.12552084028720856 0.0018382353009656072 0.0010416667209938169
0.0 0.7881433963775635 0.16197916865348816 0.0009191176504828036 0.0010416667209938169
0.0 0.6456801295280457 0.92083340883255 0.0009191176504828036 0.0020833334419876337
0.0 0.29733455181121826 0.36666667461395264 0.0027573530096560717 0.0020833334419876337
0.0 0.15027573704719543 0.47447919845581055 0.0009191176504828036 0.0010416667209938169
0.0 0.6429228186607361 0.36510419845581055 0.0009191176504828036 0.0010416667209938169
0.0 0.8074448704719543 0.20625001192092896 0.0009191176504828036 0.0020833334419876337
0.0 0.7899816036224365 0.8453125357627869 0.0009191176504828036 0.0010416667209938169
0.0 0.10615808516740799 0.4958333671092987 0.0009191176504828036 0.0020833334419876337
0.0 0.7899816036224365 0.8598958849906921 0.0009191176504828036 0.0010416667209938169
0.0 0.6916360259056091 0.2994791865348816 0.0027573530096560717 0.0010416667209938169
0.0 0.07858455926179886 0.4442708492279053 0.0009191176504828036 0.0010416667209938169
0.0 0.6355698704719543 0.5505208373069763 0.0009191176504828036 0.0010416667209938169
0.0 0.6824448704719543 0.34427085518836975 0.0009191176504828036 0.0010416667209938169
0.0 0.6897978186607361 0.9244791865348816 0.0009191176504828036 0.0010416667209938169
0.0 0.8203125 0.9630208611488342 0.0009191176504828036 0.0010416667209938169
0.0 0.03400735184550285 0.7640625238418579 0.0018382353009656072 0.0031250002793967724
0.0 0.6364889740943909 0.5244792103767395 0.0009191176504828036 0.0010416667209938169
0.0 0.8602941036224365 0.8005208969116211 0.0018382353009656072 0.0010416667209938169
0.0 0.7881433963775635 0.20781251788139343 0.0009191176504828036 0.0010416667209938169
0.0 0.6677389740943909 0.4151041805744171 0.0009191176504828036 0.0010416667209938169
0.0 0.8203125 0.21927084028720856 0.0009191176504828036 0.0010416667209938169
0.0 0.060202207416296005 0.5692708492279053 0.0009191176504828036 0.0010416667209938169
0.0 0.4407169222831726 0.7807292342185974 0.0009191176504828036 0.0010416667209938169
0.0 0.4912683963775635 0.7083333730697632 0.0009191176504828036 0.0020833334419876337
0.0 0.943474292755127 0.7031250596046448 0.0009191176504828036 0.0020833334419876337
0.0 0.5206801295280457 0.7729167342185974 0.0009191176504828036 0.0020833334419876337
0.0 0.7619485259056091 0.3369791805744171 0.0018382353009656072 0.0010416667209938169
0.0 0.9728860259056091 0.7593750357627869 0.0009191176504828036 0.0020833334419876337
0.0 0.4618566334247589 0.7515625357627869 0.0009191176504828036 0.0031250002793967724
0.0 0.5767463445663452 0.6015625596046448 0.0009191176504828036 0.0010416667209938169
0.0 0.7100183963775635 0.22500000894069672 0.0009191176504828036 0.0020833334419876337
0.0 0.12591911852359772 0.46302086114883423 0.0018382353009656072 0.0010416667209938169
0.0 0.6525735259056091 0.22760418057441711 0.0018382353009656072 0.0031250002793967724
0.0 0.6773896813392639 0.9255208969116211 0.0018382353009656072 0.0010416667209938169
0.0 0.7146139740943909 0.3072916865348816 0.0009191176504828036 0.0020833334419876337
0.0 0.5868566036224365 0.48906251788139343 0.0009191176504828036 0.0010416667209938169
0.0 0.8000919222831726 0.93645840883255 0.0009191176504828036 0.0020833334419876337
0.0 0.4342830777168274 0.6213542222976685 0.0009191176504828036 0.0010416667209938169
0.0 0.8878676295280457 0.8911458849906921 0.0018382353009656072 0.0010416667209938169
0.0 0.5629595518112183 0.41822919249534607 0.0009191176504828036 0.0031250002793967724
0.0 0.9554228186607361 0.7656250596046448 0.0009191176504828036 0.0020833334419876337
0.0 0.4131433963775635 0.7458333969116211 0.0009191176504828036 0.0020833334419876337
0.0 0.09512867778539658 0.7489583492279053 0.0009191176504828036 0.0020833334419876337
0.0 0.1116727963089943 0.8260416984558105 0.0009191176504828036 0.0020833334419876337
0.0 0.22012867033481598 0.42343753576278687 0.0009191176504828036 0.0010416667209938169
0.0 0.6677389740943909 0.2901041805744171 0.0027573530096560717 0.0010416667209938169
0.0 0.8193933963775635 0.15989583730697632 0.0009191176504828036 0.0010416667209938169
0.0 0.1930147111415863 0.6369792222976685 0.0018382353009656072 0.0010416667209938169
0.0 0.22748161852359772 0.7083333730697632 0.0009191176504828036 0.0020833334419876337
0.0 0.2798713147640228 0.6817708611488342 0.0009191176504828036 0.0031250002793967724
0.0 0.3115808963775635 0.6041666865348816 0.0018382353009656072 0.0020833334419876337
0.0 0.584099292755127 0.4583333432674408 0.0009191176504828036 0.0020833334419876337
0.0 0.662224292755127 0.651562511920929 0.0009191176504828036 0.0010416667209938169
0.0 0.5289521813392639 0.6453125476837158 0.0009191176504828036 0.0010416667209938169
0.0 0.5298713445663452 0.7114583849906921 0.0009191176504828036 0.0020833334419876337
0.0 0.03630514815449715 0.7369791865348816 0.0009191176504828036 0.0010416667209938169
0.0 0.8920036554336548 0.8531250357627869 0.0009191176504828036 0.0020833334419876337
0.0 0.7495404481887817 0.2291666716337204 0.0009191176504828036 0.0020833334419876337
0.0 0.1585477888584137 0.5838541984558105 0.0009191176504828036 0.0010416667209938169
0.0 0.1194852963089943 0.8578125238418579 0.0018382353009656072 0.0031250002793967724
0.0 0.9848345518112183 0.88177090883255 0.0009191176504828036 0.0010416667209938169
0.0 0.5988051295280457 0.5729166865348816 0.0009191176504828036 0.0020833334419876337
0.0 0.8920036554336548 0.9104167222976685 0.0009191176504828036 0.0020833334419876337
0.0 0.9489889740943909 0.03697916865348816 0.0009191176504828036 0.0010416667209938169
0.0 0.38648897409439087 0.8750000596046448 0.0009191176504828036 0.0020833334419876337
0.0 0.662224292755127 0.7838541865348816 0.0009191176504828036 0.0010416667209938169
0.0 0.8690257668495178 0.2942708432674408 0.0009191176504828036 0.0010416667209938169
0.0 0.3584558963775635 0.6614583730697632 0.0018382353009656072 0.0020833334419876337
0.0 0.8382353186607361 0.08541667461395264 0.0018382353009656072 0.0020833334419876337
0.0 0.6815257668495178 0.8223958611488342 0.0027573530096560717 0.0031250002793967724
0.0 0.49034926295280457 0.3932291865348816 0.0009191176504828036 0.0010416667209938169
0.0 0.6052389740943909 0.510937511920929 0.0009191176504828036 0.0010416667209938169
0.0 0.6943933963775635 0.9765625596046448 0.0009191176504828036 0.0010416667209938169
0.0 0.35983455181121826 0.5666667222976685 0.0009191176504828036 0.004166666883975267
0.0 0.8860294222831726 0.4020833671092987 0.0018382353009656072 0.0020833334419876337
0.0 0.4765625 0.38854169845581055 0.0009191176504828036 0.0020833334419876337
0.0 0.24080882966518402 0.8833333849906921 0.0018382353009656072 0.0020833334419876337
0.0 0.4296875 0.45104169845581055 0.0009191176504828036 0.0020833334419876337
0.0 0.2164522111415863 0.6302083730697632 0.0009191176504828036 0.0020833334419876337
0.0 0.5032169222831726 0.4411458671092987 0.0009191176504828036 0.0010416667209938169
0.0 0.9126838445663452 0.7645833492279053 0.0018382353009656072 0.0020833334419876337
0.0 0.33409926295280457 0.8937500715255737 0.0009191176504828036 0.0020833334419876337
0.0 0.48483455181121826 0.8187500238418579 0.0009191176504828036 0.0020833334419876337
0.0 0.5978860259056091 0.5135416984558105 0.0009191176504828036 0.0020833334419876337
0.0 0.9857536554336548 0.7442708611488342 0.0009191176504828036 0.0010416667209938169
0.0 0.5914521813392639 0.5984375476837158 0.0009191176504828036 0.0010416667209938169
0.0 0.7624080777168274 0.8687500357627869 0.0009191176504828036 0.0020833334419876337
0.0 0.9871323704719543 0.8010417222976685 0.0018382353009656072 0.0020833334419876337
0.0 0.6930146813392639 0.4593750238418579 0.0018382353009656072 0.0020833334419876337
0.0 0.5785845518112183 0.550000011920929 0.0009191176504828036 0.0020833334419876337
0.0 0.4232536852359772 0.9005208611488342 0.0009191176504828036 0.0031250002793967724
0.0 0.39568015933036804 0.9333333969116211 0.0009191176504828036 0.0020833334419876337
0.0 0.9535845518112183 0.8218750357627869 0.0009191176504828036 0.0020833334419876337
0.0 0.5436580777168274 0.6833333969116211 0.0009191176504828036 0.0020833334419876337
0.0 0.5546875 0.3375000059604645 0.0009191176504828036 0.0020833334419876337
0.0 0.7693014740943909 0.2958333492279053 0.0018382353009656072 0.0020833334419876337
0.0 0.024816175922751427 0.5296875238418579 0.012867647223174572 0.01145833358168602
0.0 0.16681985557079315 0.8989583849906921 0.0009191176504828036 0.0020833334419876337
0.0 0.26930147409439087 0.4515625238418579 0.0036764706019312143 0.0031250002793967724
0.0 0.5863970518112183 0.13906250894069672 0.0018382353009656072 0.0010416667209938169
0.0 0.49954044818878174 0.6963542103767395 0.0009191176504828036 0.0010416667209938169
0.0 0.8855698704719543 0.792187511920929 0.0009191176504828036 0.0010416667209938169
0.0 0.6686580777168274 0.9822916984558105 0.0009191176504828036 0.0020833334419876337
0.0 0.896599292755127 0.21822917461395264 0.0009191176504828036 0.0010416667209938169
0.0 0.16681985557079315 0.45104169845581055 0.0027573530096560717 0.0020833334419876337
0.0 0.3060661852359772 0.2901041805744171 0.0018382353009656072 0.0031250002793967724
0.0 0.6181066036224365 0.4989583492279053 0.0009191176504828036 0.0020833334419876337
0.0 0.09237132221460342 0.5859375596046448 0.0009191176504828036 0.0010416667209938169
0.0 0.7366728186607361 0.745312511920929 0.0009191176504828036 0.0031250002793967724
0.0 0.4388786852359772 0.8088542222976685 0.0009191176504828036 0.0031250002793967724
0.0 0.39108455181121826 0.9546875357627869 0.0009191176504828036 0.0010416667209938169
0.0 0.5032169222831726 0.7177083492279053 0.0009191176504828036 0.0020833334419876337
0.0 0.3828125 0.8760417103767395 0.0009191176504828036 0.0020833334419876337
0.0 0.5197610259056091 0.46666669845581055 0.0009191176504828036 0.0020833334419876337
0.0 0.24356617033481598 0.5197917222976685 0.0018382353009656072 0.0020833334419876337
0.0 0.4554227888584137 0.7859375476837158 0.0009191176504828036 0.0052083334885537624
0.0 0.7467830777168274 0.6401041746139526 0.0009191176504828036 0.0031250002793967724
0.0 0.4554227888584137 0.18802084028720856 0.0009191176504828036 0.0010416667209938169
0.0 0.7775735259056091 0.7911458611488342 0.0018382353009656072 0.0031250002793967724
0.0 0.16222426295280457 0.6640625596046448 0.0009191176504828036 0.0031250002793967724
0.0 0.17325367033481598 0.6343750357627869 0.0009191176504828036 0.0020833334419876337
0.0 0.3763786852359772 0.9713542461395264 0.0009191176504828036 0.0031250002793967724
0.0 0.7660845518112183 0.444791704416275 0.0027573530096560717 0.0020833334419876337
0.0 0.5188419222831726 0.7333333492279053 0.0009191176504828036 0.0020833334419876337
0.0 0.48391544818878174 0.8276042342185974 0.0009191176504828036 0.0031250002793967724
0.0 0.849724292755127 0.7145833969116211 0.0009191176504828036 0.0020833334419876337
0.0 0.4912683963775635 0.714062511920929 0.0009191176504828036 0.0010416667209938169
0.0 0.3189338147640228 0.2734375 0.0018382353009656072 0.0031250002793967724
0.0 0.48621323704719543 0.7057291865348816 0.0018382353009656072 0.0010416667209938169
0.0 0.7761948704719543 0.2343750149011612 0.0009191176504828036 0.0020833334419876337
0.0 0.685661792755127 0.5723958611488342 0.0018382353009656072 0.0031250002793967724
0.0 0.46461397409439087 0.7385417222976685 0.0009191176504828036 0.0020833334419876337
0.0 0.11902573704719543 0.546875 0.0009191176504828036 0.0020833334419876337
0.0 0.14935661852359772 0.6557291746139526 0.0009191176504828036 0.0031250002793967724
0.0 0.3584558963775635 0.8447917103767395 0.0018382353009656072 0.0020833334419876337
0.0 0.4977022111415863 0.18593750894069672 0.006433823611587286 0.00729166716337204
0.0 0.36305147409439087 0.7848958969116211 0.0018382353009656072 0.0031250002793967724
0.0 0.5657169222831726 0.5697916746139526 0.0009191176504828036 0.0020833334419876337
0.0 0.5183823704719543 0.7328125238418579 0.0018382353009656072 0.0031250002793967724
0.0 0.40119484066963196 0.6135417222976685 0.0009191176504828036 0.0020833334419876337
0.0 0.5041360259056091 0.6932291984558105 0.0009191176504828036 0.0031250002793967724
0.0 0.47931984066963196 0.7822917103767395 0.0009191176504828036 0.0020833334419876337
0.0 0.4751838147640228 0.5843750238418579 0.0018382353009656072 0.0020833334419876337
0.0 0.31755515933036804 0.8416666984558105 0.0009191176504828036 0.0020833334419876337
0.0 0.6911764740943909 0.34791669249534607 0.0036764706019312143 0.004166666883975267
0.0 0.34375 0.5765625238418579 0.0018382353009656072 0.0031250002793967724
0.0 0.8961396813392639 0.8432292342185974 0.0036764706019312143 0.0031250002793967724
0.0 0.048713237047195435 0.8651041984558105 0.0036764706019312143 0.0031250002793967724
0.0 0.1764705926179886 0.542187511920929 0.0018382353009656072 0.0031250002793967724
0.0 0.3115808963775635 0.9390625357627869 0.0018382353009656072 0.0031250002793967724
0.0 0.9136029481887817 0.9156250357627869 0.0018382353009656072 0.0020833334419876337
0.0 0.6135110259056091 0.6609375476837158 0.0009191176504828036 0.0031250002793967724
0.0 0.42371323704719543 0.9229167103767395 0.0018382353009656072 0.0020833334419876337
0.0 0.0625 0.5119792222976685 0.0018382353009656072 0.0010416667209938169
0.0 0.6911764740943909 0.34843751788139343 0.0018382353009656072 0.0031250002793967724
0.0 0.0680147036910057 0.5395833849906921 0.0018382353009656072 0.0020833334419876337
0.0 0.5726103186607361 0.7052083611488342 0.0018382353009656072 0.004166666883975267
0.0 0.8556985259056091 0.4723958671092987 0.0036764706019312143 0.0031250002793967724
0.0 0.5629595518112183 0.6432291865348816 0.0027573530096560717 0.0031250002793967724
0.0 0.49632352590560913 0.12916667759418488 0.0036764706019312143 0.0020833334419876337
0.0 0.9048713445663452 0.36406251788139343 0.0027573530096560717 0.0052083334885537624
0.0 0.39016544818878174 0.7859375476837158 0.0027573530096560717 0.0031250002793967724
0.0 0.5638786554336548 0.15520833432674408 0.0027573530096560717 0.0020833334419876337
0.0 0.07398897409439087 0.43125003576278687 0.0027573530096560717 0.004166666883975267
0.0 0.08455882221460342 0.5750000476837158 0.0018382353009656072 0.004166666883975267
0.0 0.27297794818878174 0.3812500238418579 0.007352941203862429 0.006250000558793545
