0 0.237592 0.847917 0.000919 0.004167
0 0.870864 0.547917 0.000919 0.002083
0 0.561581 0.607292 0.001838 0.002083
0 0.387408 0.531771 0.000919 0.001042
0 0.863051 0.235938 0.001838 0.001042
0 0.201746 0.531771 0.000919 0.001042
0 0.669577 0.251042 0.000919 0.002083
0 0.056066 0.975000 0.001838 0.002083
0 0.517923 0.603646 0.000919 0.001042
0 0.466912 0.972396 0.001838 0.003125
0 0.376379 0.718750 0.000919 0.002083
0 0.509651 0.866146 0.000919 0.003125
0 0.412684 0.480208 0.001838 0.002083
0 0.740349 0.314583 0.000919 0.002083
0 0.463695 0.222396 0.000919 0.001042
0 0.792739 0.169271 0.000919 0.001042
0 0.623621 0.427083 0.000919 0.002083
0 0.548713 0.919271 0.001838 0.003125
0 0.004136 0.720833 0.004596 0.002083
0 0.599724 0.509375 0.000919 0.002083
0 0.485754 0.975000 0.000919 0.002083
0 0.629596 0.436458 0.001838 0.002083
0 0.840993 0.292708 0.001838 0.002083
0 0.331801 0.913542 0.001838 0.002083
0 0.771599 0.050521 0.000919 0.001042
0 0.928768 0.128125 0.002757 0.002083
0 0.622243 0.641667 0.001838 0.002083
0 0.820312 0.027083 0.000919 0.002083
0 0.679688 0.230208 0.000919 0.002083
0 0.950827 0.115625 0.000919 0.002083
0 0.184283 0.549479 0.000919 0.003125
0 0.923254 0.920833 0.000919 0.002083
0 0.760570 0.775000 0.000919 0.002083
0 0.704044 0.608854 0.001838 0.003125
0 0.742188 0.251042 0.002757 0.002083
0 0.570312 0.605729 0.000919 0.001042
0 0.806985 0.409375 0.001838 0.002083
0 0.823070 0.307292 0.000919 0.002083
0 0.828125 0.192188 0.001838 0.001042
0 0.147518 0.431771 0.000919 0.001042
0 0.460938 0.822396 0.000919 0.001042
0 0.705423 0.383333 0.000919 0.002083
0 0.982077 0.928646 0.000919 0.001042
0 0.958180 0.051563 0.000919 0.001042
0 0.627757 0.516667 0.001838 0.002083
0 0.412224 0.813021 0.000919 0.003125
0 0.126379 0.697396 0.000919 0.003125
0 0.147518 0.590104 0.000919 0.001042
0 0.725184 0.298438 0.001838 0.003125
0 0.740349 0.239063 0.002757 0.003125
0 0.507812 0.691146 0.000919 0.001042
0 0.026654 0.989583 0.001838 0.002083
0 0.494026 0.931771 0.000919 0.001042
0 0.623621 0.331771 0.000919 0.003125
0 0.588695 0.550521 0.000919 0.001042
0 0.429688 0.701042 0.000919 0.002083
0 0.563879 0.337500 0.000919 0.002083
0 0.617188 0.446875 0.000919 0.002083
0 0.691176 0.404167 0.001838 0.002083
0 0.375919 0.569792 0.001838 0.002083
0 0.678768 0.319792 0.000919 0.002083
0 0.637408 0.763021 0.000919 0.003125
0 0.279871 0.709375 0.000919 0.002083
0 0.959099 0.097396 0.000919 0.001042
0 0.719669 0.464583 0.001838 0.002083
0 0.175092 0.913542 0.000919 0.002083
0 0.653033 0.559896 0.000919 0.001042
0 0.625000 0.634896 0.001838 0.003125
0 0.772978 0.922396 0.001838 0.003125
0 0.608456 0.428125 0.003676 0.002083
0 0.582721 0.418750 0.001838 0.002083
0 0.431526 0.180729 0.000919 0.001042
0 0.256434 0.692708 0.001838 0.004167
0 0.964154 0.993229 0.001838 0.003125
0 0.969669 0.078125 0.001838 0.002083
0 0.678768 0.384896 0.000919 0.003125
0 0.842371 0.121354 0.000919 0.001042
0 0.271140 0.029167 0.005515 0.006250
0 0.642463 0.344792 0.001838 0.004167
0 0.392004 0.573958 0.000919 0.002083
0 0.527114 0.804167 0.000919 0.002083
0 0.745404 0.151042 0.001838 0.002083
0 0.575827 0.540104 0.002757 0.007292
0 0.692096 0.414063 0.001838 0.003125
0 0.751379 0.179167 0.000919 0.002083
0 0.139246 0.612500 0.000919 0.002083
0 0.496783 0.954167 0.000919 0.002083
0 0.005974 0.735417 0.002757 0.004167
0 0.488511 0.808333 0.000919 0.002083
0 0.568474 0.763542 0.000919 0.002083
0 0.448070 0.925000 0.000919 0.002083
0 0.476562 0.597917 0.000919 0.002083
0 0.539062 0.804167 0.000919 0.002083
0 0.408548 0.639583 0.000919 0.002083
0 0.428768 0.671875 0.000919 0.002083
0 0.497702 0.842708 0.000919 0.002083
0 0.012868 0.853646 0.001838 0.005208
0 0.975643 0.970313 0.000919 0.003125
0 0.410386 0.175521 0.000919 0.001042
0 0.520221 0.841667 0.001838 0.002083
0 0.694393 0.337500 0.000919 0.002083
0 0.260110 0.457292 0.001838 0.002083
0 0.779412 0.068750 0.001838 0.002083
0 0.821232 0.954167 0.000919 0.002083
0 0.467371 0.972917 0.000919 0.004167
0 0.503217 0.647917 0.000919 0.002083
0 0.547794 0.919792 0.001838 0.004167
0 0.463235 0.489063 0.001838 0.003125
0 0.235754 0.988021 0.000919 0.003125
0 0.345129 0.307292 0.000919 0.002083
0 0.849724 0.490104 0.004596 0.005208
0 0.567555 0.727604 0.000919 0.003125
0 0.381434 0.852604 0.001838 0.003125
0 0.497702 0.874479 0.000919 0.003125
0 0.502298 0.778646 0.000919 0.003125
0 0.545037 0.698958 0.001838 0.004167
0 0.856158 0.083333 0.000919 0.002083
0 0.216452 0.865625 0.002757 0.004167
0 0.465533 0.933854 0.000919 0.003125
0 0.091452 0.804167 0.002757 0.004167
0 0.698989 0.867188 0.000919 0.003125
0 0.251838 0.507292 0.001838 0.004167
0 0.522518 0.723958 0.000919 0.002083
0 0.806985 0.634375 0.003676 0.004167
0 0.612592 0.493229 0.002757 0.005208
0 0.487132 0.232292 0.001838 0.002083
0 0.394761 0.299479 0.008272 0.009375
0 0.503217 0.994792 0.002757 0.004167
0 0.625460 0.782292 0.002757 0.004167
0 0.135570 0.600000 0.008272 0.008333
0 0.530790 0.719271 0.000919 0.003125
0 0.172794 0.469271 0.001838 0.003125
0 0.163603 0.573438 0.001838 0.003125
0 0.188419 0.442188 0.001838 0.005208
0 0.488511 0.913021 0.002757 0.005208
0 0.464154 0.253646 0.003676 0.003125
0 0.389706 0.227083 0.003676 0.002083
