0.0 0.7385110259056091 0.41354167461395264 0.0009191176504828036 0.0020833334419876337
0.0 0.5652573704719543 0.99114590883255 0.0018382353009656072 0.0031250002793967724
0.0 0.8230698704719543 0.5276042222976685 0.0009191176504828036 0.0031250002793967724
0.0 0.9848345518112183 0.08281250298023224 0.0009191176504828036 0.0010416667209938169
0.0 0.7918198704719543 0.5776041746139526 0.0009191176504828036 0.0010416667209938169
0.0 0.7274816036224365 0.7161458730697632 0.0009191176504828036 0.0010416667209938169
0.0 0.6971507668495178 0.4854166805744171 0.0009191176504828036 0.0020833334419876337
0.0 0.9618566036224365 0.3265625238418579 0.0009191176504828036 0.0010416667209938169
0.0 0.8276654481887817 0.5906250476837158 0.0009191176504828036 0.0020833334419876337
0.0 0.8929228186607361 0.34947919845581055 0.0009191176504828036 0.0010416667209938169
0.0 0.9030330777168274 0.44843751192092896 0.0009191176504828036 0.0010416667209938169
0.0 0.27159926295280457 0.5484375357627869 0.0009191176504828036 0.0010416667209938169
0.0 0.7973345518112183 0.6072916984558105 0.0009191176504828036 0.0020833334419876337
0.0 0.7918198704719543 0.6552083492279053 0.0009191176504828036 0.0020833334419876337
0.0 0.3814338147640228 0.4463541805744171 0.0018382353009656072 0.0010416667209938169
0.0 0.6613051295280457 0.41718751192092896 0.0009191176504828036 0.0010416667209938169
0.0 0.13465073704719543 0.8005208969116211 0.0009191176504828036 0.0010416667209938169
0.0 0.7670036554336548 0.8567708730697632 0.0009191176504828036 0.0031250002793967724
0.0 0.7284007668495178 0.7302083969116211 0.0009191176504828036 0.0020833334419876337
0.0 0.8386948704719543 0.47447919845581055 0.0009191176504828036 0.0010416667209938169
0.0 0.5565257668495178 0.9062500596046448 0.0009191176504828036 0.0020833334419876337
0.0 0.724724292755127 0.7208333611488342 0.0009191176504828036 0.0020833334419876337
0.0 0.7568933963775635 0.7234375476837158 0.0009191176504828036 0.0010416667209938169
0.0 0.7688419222831726 0.5010417103767395 0.0009191176504828036 0.0020833334419876337
0.0 0.7026654481887817 0.9927083849906921 0.0009191176504828036 0.0020833334419876337
0.0 0.9048713445663452 0.25416669249534607 0.0009191176504828036 0.0020833334419876337
0.0 0.7550551295280457 0.8765625357627869 0.0009191176504828036 0.0010416667209938169
0.0 0.8102021813392639 0.5682291984558105 0.0009191176504828036 0.0010416667209938169
0.0 0.8285845518112183 0.550000011920929 0.0009191176504828036 0.0020833334419876337
0.0 0.8598345518112183 0.47968751192092896 0.0009191176504828036 0.0010416667209938169
0.0 0.7761948704719543 0.6687500476837158 0.0009191176504828036 0.0020833334419876337
0.0 0.9600183963775635 0.26093751192092896 0.0009191176504828036 0.0010416667209938169
0.0 0.8984375 0.2109375149011612 0.0009191176504828036 0.0010416667209938169
0.0 0.4852941334247589 0.7479166984558105 0.0018382353009656072 0.0020833334419876337
0.0 0.6429228186607361 0.9375000596046448 0.0027573530096560717 0.0020833334419876337
0.0 0.7063419222831726 0.7625000476837158 0.0009191176504828036 0.0020833334419876337
0.0 0.6245404481887817 0.5973958373069763 0.0009191176504828036 0.0010416667209938169
0.0 0.5877757668495178 0.3062500059604645 0.0009191176504828036 0.0020833334419876337
0.0 0.009191176854074001 0.5463541746139526 0.0018382353009656072 0.0031250002793967724
0.0 0.6668198704719543 0.6062500476837158 0.0009191176504828036 0.0020833334419876337
0.0 0.6824448704719543 0.5442708730697632 0.0009191176504828036 0.0010416667209938169
0.0 0.7890625 0.7895833849906921 0.0009191176504828036 0.0020833334419876337
0.0 0.7440257668495178 0.5218750238418579 0.0009191176504828036 0.0020833334419876337
0.0 0.39016544818878174 0.48854169249534607 0.0009191176504828036 0.0020833334419876337
0.0 0.7541360259056091 0.9260417222976685 0.0009191176504828036 0.0020833334419876337
0.0 0.6732536554336548 0.7208333611488342 0.0009191176504828036 0.0020833334419876337
0.0 0.34880515933036804 0.589062511920929 0.0009191176504828036 0.0010416667209938169
0.0 0.6999080777168274 0.8531250357627869 0.0009191176504828036 0.0020833334419876337
0.0 0.6732536554336548 0.5192708373069763 0.0009191176504828036 0.0010416667209938169
0.0 0.8975183963775635 0.4489583671092987 0.0009191176504828036 0.0020833334419876337
0.0 0.7058823704719543 0.8802083730697632 0.0018382353009656072 0.0020833334419876337
0.0 0.8791360259056091 0.43541669845581055 0.0009191176504828036 0.0020833334419876337
0.0 0.6833639740943909 0.9390625357627869 0.0009191176504828036 0.0031250002793967724
0.0 0.024816175922751427 0.5354167222976685 0.0018382353009656072 0.0020833334419876337
0.0 0.7311580777168274 0.7052083611488342 0.0009191176504828036 0.0020833334419876337
0.0 0.8258271813392639 0.6859375238418579 0.0009191176504828036 0.0010416667209938169
0.0 0.41130515933036804 0.643750011920929 0.0009191176504828036 0.0020833334419876337
0.0 0.849724292755127 0.515625 0.0009191176504828036 0.0020833334419876337
0.0 0.4508272111415863 0.5223958492279053 0.0009191176504828036 0.0010416667209938169
0.0 0.8736213445663452 0.44322919845581055 0.0009191176504828036 0.0010416667209938169
0.0 0.6691176295280457 0.4598958492279053 0.0018382353009656072 0.0010416667209938169
0.0 0.7780330777168274 0.46510419249534607 0.0009191176504828036 0.0010416667209938169
0.0 0.19715073704719543 0.6968750357627869 0.0009191176504828036 0.0020833334419876337
0.0 0.8713235259056091 0.08906250447034836 0.0018382353009656072 0.0010416667209938169
0.0 0.7265625 0.45729169249534607 0.0009191176504828036 0.0020833334419876337
0.0 0.4094669222831726 0.45520836114883423 0.0009191176504828036 0.0020833334419876337
0.0 0.9168198704719543 0.45781251788139343 0.0009191176504828036 0.0010416667209938169
0.0 0.7697610259056091 0.35572919249534607 0.0009191176504828036 0.0010416667209938169
0.0 0.7936580777168274 0.8286458849906921 0.0009191176504828036 0.0010416667209938169
0.0 0.9048713445663452 0.45729169249534607 0.0009191176504828036 0.0020833334419876337
0.0 0.8019301295280457 0.7083333730697632 0.0009191176504828036 0.0020833334419876337
0.0 0.7398896813392639 0.9302083849906921 0.0018382353009656072 0.0020833334419876337
0.0 0.6897978186607361 0.9531250596046448 0.0009191176504828036 0.0020833334419876337
0.0 0.662224292755127 0.5218750238418579 0.0009191176504828036 0.0020833334419876337
0.0 0.7339154481887817 0.8697916865348816 0.0009191176504828036 0.0020833334419876337
0.0 0.7086396813392639 0.9010416865348816 0.0018382353009656072 0.004166666883975267
0.0 0.8396139740943909 0.24947917461395264 0.0009191176504828036 0.0010416667209938169
0.0 0.4912683963775635 0.9614583849906921 0.0009191176504828036 0.0020833334419876337
0.0 0.7288603186607361 0.7968750596046448 0.0018382353009656072 0.0020833334419876337
0.0 0.8216911554336548 0.5744792222976685 0.0018382353009656072 0.0031250002793967724
0.0 0.6236213445663452 0.5614583492279053 0.0009191176504828036 0.0020833334419876337
0.0 0.7109375 0.9078125357627869 0.0009191176504828036 0.0031250002793967724
0.0 0.5951286554336548 0.7692708969116211 0.0009191176504828036 0.0010416667209938169
0.0 0.6383271813392639 0.5052083730697632 0.0009191176504828036 0.0020833334419876337
0.0 0.6484375 0.6708333492279053 0.0009191176504828036 0.0020833334419876337
0.0 0.5932904481887817 0.8984375596046448 0.0009191176504828036 0.0031250002793967724
0.0 0.40579044818878174 0.9875000715255737 0.0009191176504828036 0.0020833334419876337
0.0 0.7412683963775635 0.6953125596046448 0.0009191176504828036 0.0031250002793967724
0.0 0.7807904481887817 0.6562500596046448 0.0009191176504828036 0.0020833334419876337
0.0 0.9600183963775635 0.6484375596046448 0.0009191176504828036 0.0010416667209938169
0.0 0.8322610259056091 0.4895833730697632 0.0009191176504828036 0.0020833334419876337
0.0 0.8212316036224365 0.6119791865348816 0.0009191176504828036 0.0010416667209938169
0.0 0.693474292755127 0.9000000357627869 0.0009191176504828036 0.0020833334419876337
0.0 0.8442095518112183 0.4755208492279053 0.0009191176504828036 0.0010416667209938169
0.0 0.9806985259056091 0.5484375357627869 0.0018382353009656072 0.0010416667209938169
0.0 0.9489889740943909 0.2109375149011612 0.0009191176504828036 0.0010416667209938169
0.0 0.6668198704719543 0.7125000357627869 0.0009191176504828036 0.0020833334419876337
0.0 0.2077205926179886 0.9973958730697632 0.0018382353009656072 0.0031250002793967724
0.0 0.6732536554336548 0.8994792103767395 0.0009191176504828036 0.0031250002793967724
0.0 0.7357536554336548 0.7229167222976685 0.0009191176504828036 0.0020833334419876337
0.0 0.8795955777168274 0.5135416984558105 0.0018382353009656072 0.0020833334419876337
0.0 0.8336396813392639 0.6151041984558105 0.0018382353009656072 0.0031250002793967724
0.0 0.7642463445663452 0.5640625357627869 0.0009191176504828036 0.0010416667209938169
0.0 0.8083639740943909 0.5588542222976685 0.0009191176504828036 0.0010416667209938169
0.0 0.9388786554336548 0.675000011920929 0.0009191176504828036 0.0020833334419876337
0.0 0.7587316036224365 0.46562501788139343 0.0009191176504828036 0.0020833334419876337
0.0 0.6948529481887817 0.7421875596046448 0.0018382353009656072 0.00729166716337204
0.0 0.45358455181121826 0.9416667222976685 0.0009191176504828036 0.0020833334419876337
0.0 0.7440257668495178 0.8588542342185974 0.0027573530096560717 0.0031250002793967724
0.0 0.9260110259056091 0.5276042222976685 0.0009191176504828036 0.0010416667209938169
0.0 0.7697610259056091 0.9869792461395264 0.0009191176504828036 0.0031250002793967724
0.0 0.9926470518112183 0.36145836114883423 0.0018382353009656072 0.0020833334419876337
0.0 0.7348345518112183 0.5385416746139526 0.0009191176504828036 0.0020833334419876337
0.0 0.5390625 0.9906250238418579 0.0009191176504828036 0.0020833334419876337
0.0 0.7306985259056091 0.8505208492279053 0.0018382353009656072 0.0031250002793967724
0.0 0.6576286554336548 0.4036458432674408 0.0009191176504828036 0.0010416667209938169
0.0 0.755974292755127 0.30937501788139343 0.0009191176504828036 0.0020833334419876337
0.0 0.39659926295280457 0.9703125357627869 0.0009191176504828036 0.0031250002793967724
0.0 0.7072610259056091 0.4906250238418579 0.0009191176504828036 0.004166666883975267
0.0 0.8602941036224365 0.04635417088866234 0.0018382353009656072 0.0010416667209938169
0.0 0.7844669222831726 0.8145833611488342 0.0009191176504828036 0.0020833334419876337
0.0 0.7380514740943909 0.8109375238418579 0.0018382353009656072 0.0052083334885537624
0.0 0.6939338445663452 0.8890625238418579 0.0018382353009656072 0.0031250002793967724
0.0 0.5735294222831726 0.6177083849906921 0.0018382353009656072 0.004166666883975267
0.0 0.6893382668495178 0.9187500476837158 0.0018382353009656072 0.004166666883975267
0.0 0.9595588445663452 0.6479166746139526 0.0018382353009656072 0.0020833334419876337
0.0 0.7238051295280457 0.5729166865348816 0.0009191176504828036 0.0020833334419876337
0.0 0.6659007668495178 0.9401041865348816 0.0009191176504828036 0.0031250002793967724
0.0 0.7477021813392639 0.8807291984558105 0.0009191176504828036 0.0031250002793967724
0.0 0.6980698704719543 0.9401041865348816 0.0027573530096560717 0.0031250002793967724
0.0 0.22840073704719543 0.9026042222976685 0.0009191176504828036 0.0031250002793967724
0.0 0.8515625 0.2760416865348816 0.0009191176504828036 0.0020833334419876337
0.0 0.5859375 0.7250000238418579 0.0009191176504828036 0.0020833334419876337
0.0 0.9503676295280457 0.29479166865348816 0.0018382353009656072 0.0020833334419876337
0.0 0.880974292755127 0.45781251788139343 0.0027573530096560717 0.0031250002793967724
0.0 0.748161792755127 0.8161458969116211 0.0018382353009656072 0.0031250002793967724
0.0 0.6148896813392639 0.8833333849906921 0.0018382353009656072 0.0020833334419876337
0.0 0.9375 0.3552083373069763 0.0018382353009656072 0.0020833334419876337
0.0 0.47150734066963196 0.8916667103767395 0.0018382353009656072 0.0020833334419876337
0.0 0.8152573704719543 0.4072916805744171 0.0018382353009656072 0.004166666883975267
0.0 0.6516544222831726 0.9020833969116211 0.0036764706019312143 0.004166666883975267
0.0 0.48391544818878174 0.6729167103767395 0.006433823611587286 0.008333333767950535
0.0 0.9333639740943909 0.8708333969116211 0.0027573530096560717 0.0020833334419876337
0.0 0.7651654481887817 0.7286458611488342 0.0009191176504828036 0.0031250002793967724
0.0 0.9292279481887817 0.4739583432674408 0.0018382353009656072 0.0020833334419876337
0.0 0.28492647409439087 0.6734375357627869 0.0018382353009656072 0.0031250002793967724
0.0 0.48069852590560913 0.5369791984558105 0.0036764706019312143 0.0031250002793967724
0.0 0.8134191036224365 0.9770833849906921 0.0018382353009656072 0.004166666883975267
0.0 0.8033088445663452 0.6583333611488342 0.0018382353009656072 0.004166666883975267
0.0 0.5730698704719543 0.6182292103767395 0.0009191176504828036 0.0031250002793967724
0.0 0.1461397111415863 0.95989590883255 0.0018382353009656072 0.0031250002793967724
0.0 0.7702205777168274 0.8755208849906921 0.0018382353009656072 0.0031250002793967724
0.0 0.21737132966518402 0.19947917759418488 0.006433823611587286 0.01145833358168602
0.0 0.8175551295280457 0.5531250238418579 0.004595588427037001 0.006250000558793545
0.0 0.8253676295280457 0.452604204416275 0.0018382353009656072 0.0031250002793967724
0.0 0.046875 0.9244791865348816 0.0036764706019312143 0.00729166716337204
0.0 0.35202205181121826 0.53125 0.005514706019312143 0.004166666883975267
0.0 0.3529411852359772 0.6572917103767395 0.011029412038624287 0.01666666753590107
0.0 0.4499080777168274 0.5750000476837158 0.004595588427037001 0.006250000558793545
0.0 0.01930147036910057 0.9786458611488342 0.0036764706019312143 0.00729166716337204
