0.0 0.49034926295280457 0.3828125298023224 0.0009191176504828036 0.0010416667209938169
0.0 0.06893382221460342 0.5708333849906921 0.0018382353009656072 0.0020833334419876337
0.0 0.11305147409439087 0.2979166805744171 0.0036764706019312143 0.004166666883975267
0.0 0.5795036554336548 0.18802084028720856 0.0009191176504828036 0.0010416667209938169
0.0 0.4126838147640228 0.5442708730697632 0.0018382353009656072 0.0010416667209938169
0.0 0.1429227888584137 0.6468750238418579 0.0009191176504828036 0.0020833334419876337
0.0 0.6337316036224365 0.8583333492279053 0.0009191176504828036 0.0020833334419876337
0.0 0.3736213147640228 0.7114583849906921 0.0009191176504828036 0.0020833334419876337
0.0 0.4342830777168274 0.5755208730697632 0.0009191176504828036 0.0010416667209938169
0.0 0.3405330777168274 0.28593751788139343 0.0009191176504828036 0.0010416667209938169
0.0 0.07306985557079315 0.3515625298023224 0.0009191176504828036 0.0010416667209938169
0.0 0.33777573704719543 0.9843750596046448 0.0009191176504828036 0.0020833334419876337
0.0 0.3616727888584137 0.12031250447034836 0.0009191176504828036 0.0010416667209938169
0.0 0.4407169222831726 0.3817708492279053 0.0009191176504828036 0.0010416667209938169
0.0 0.4397977888584137 0.5697916746139526 0.0009191176504828036 0.0020833334419876337
0.0 0.6079963445663452 0.0520833358168602 0.0009191176504828036 0.0020833334419876337
0.0 0.13465073704719543 0.7541667222976685 0.0009191176504828036 0.0020833334419876337
0.0 0.4829963147640228 0.526562511920929 0.0009191176504828036 0.0010416667209938169
0.0 0.37913602590560913 0.6677083969116211 0.0009191176504828036 0.0020833334419876337
0.0 0.8897058963775635 0.02864583395421505 0.0018382353009656072 0.0010416667209938169
0.0 0.724724292755127 0.5927083492279053 0.0009191176504828036 0.0020833334419876337
0.0 0.4462316334247589 0.7010416984558105 0.0009191176504828036 0.0020833334419876337
0.0 0.943474292755127 0.10885417461395264 0.0009191176504828036 0.0010416667209938169
0.0 0.28538602590560913 0.1718750149011612 0.0009191176504828036 0.0020833334419876337
0.0 0.41038602590560913 0.9114583730697632 0.0027573530096560717 0.0020833334419876337
0.0 0.38235294818878174 0.06562500447034836 0.0018382353009656072 0.0020833334419876337
0.0 0.47931984066963196 0.7598958611488342 0.0009191176504828036 0.0010416667209938169
0.0 0.9977021813392639 0.6390625238418579 0.0009191176504828036 0.0010416667209938169
0.0 0.4517463147640228 0.4817708730697632 0.0009191176504828036 0.0010416667209938169
0.0 0.2624080777168274 0.8098958730697632 0.0009191176504828036 0.0010416667209938169
0.0 0.5445771813392639 0.550000011920929 0.0027573530096560717 0.004166666883975267
0.0 0.9223345518112183 0.94427090883255 0.0009191176504828036 0.0010416667209938169
0.0 0.7964154481887817 0.05885417014360428 0.0009191176504828036 0.0010416667209938169
0.0 0.646599292755127 0.265625 0.0009191176504828036 0.0020833334419876337
0.0 0.8998161554336548 0.8229166865348816 0.0018382353009656072 0.004166666883975267
0.0 0.30652573704719543 0.22812500596046448 0.0009191176504828036 0.0020833334419876337
0.0 0.6727941036224365 0.15781250596046448 0.0018382353009656072 0.0031250002793967724
0.0 0.25045955181121826 0.9848958849906921 0.0009191176504828036 0.0010416667209938169
0.0 0.010569852776825428 0.5786458849906921 0.0009191176504828036 0.0010416667209938169
0.0 0.7164521813392639 0.7630208730697632 0.0009191176504828036 0.0010416667209938169
0.0 0.7394301295280457 0.6286458373069763 0.0009191176504828036 0.0010416667209938169
0.0 0.84375 0.27760419249534607 0.0018382353009656072 0.0010416667209938169
0.0 0.46461397409439087 0.5125000476837158 0.0009191176504828036 0.0020833334419876337
0.0 0.7141544222831726 0.6536458730697632 0.0018382353009656072 0.0031250002793967724
0.0 0.4508272111415863 0.5604166984558105 0.0009191176504828036 0.0020833334419876337
0.0 0.6364889740943909 0.2682291865348816 0.0009191176504828036 0.0010416667209938169
0.0 0.724724292755127 0.8765625357627869 0.0009191176504828036 0.0010416667209938169
0.0 0.23023897409439087 0.9947917461395264 0.0009191176504828036 0.0020833334419876337
0.0 0.6443014740943909 0.15052084624767303 0.0018382353009656072 0.0010416667209938169
0.0 0.6659007668495178 0.7333333492279053 0.0009191176504828036 0.0020833334419876337
0.0 0.6548713445663452 0.16302084922790527 0.0009191176504828036 0.0010416667209938169
0.0 0.41038602590560913 0.6333333849906921 0.0009191176504828036 0.0020833334419876337
0.0 0.4149816334247589 0.8291667103767395 0.0009191176504828036 0.0020833334419876337
0.0 0.5082720518112183 0.6859375238418579 0.0018382353009656072 0.0010416667209938169
0.0 0.40119484066963196 0.3109375238418579 0.0009191176504828036 0.0010416667209938169
0.0 0.732536792755127 0.6000000238418579 0.0018382353009656072 0.0020833334419876337
0.0 0.5703125 0.28697916865348816 0.0009191176504828036 0.0010416667209938169
0.0 0.31755515933036804 0.9645833969116211 0.0009191176504828036 0.0020833334419876337
0.0 0.2844669222831726 0.9875000715255737 0.0027573530096560717 0.004166666883975267
0.0 0.18382352590560913 0.30104169249534607 0.0018382353009656072 0.0020833334419876337
0.0 0.49402573704719543 0.45520836114883423 0.0009191176504828036 0.0020833334419876337
0.0 0.6295955777168274 0.2473958432674408 0.0018382353009656072 0.0031250002793967724
0.0 0.1930147111415863 0.16875000298023224 0.0018382353009656072 0.0020833334419876337
0.0 0.33547794818878174 0.8572916984558105 0.0018382353009656072 0.0020833334419876337
0.0 0.5675551295280457 0.11614584177732468 0.0009191176504828036 0.0010416667209938169
0.0 0.34420955181121826 0.8770833611488342 0.0009191176504828036 0.004166666883975267
0.0 0.5482536554336548 0.48072919249534607 0.0009191176504828036 0.0010416667209938169
0.0 0.8727021813392639 0.48489585518836975 0.0009191176504828036 0.0010416667209938169
0.0 0.4342830777168274 0.5854166746139526 0.0009191176504828036 0.0020833334419876337
0.0 0.07352941483259201 0.5406250357627869 0.0018382353009656072 0.0020833334419876337
0.0 0.40670955181121826 0.5442708730697632 0.0027573530096560717 0.0010416667209938169
0.0 0.7890625 0.25 0.0009191176504828036 0.0020833334419876337
0.0 0.34420955181121826 0.4869791865348816 0.0009191176504828036 0.0010416667209938169
0.0 0.4664522111415863 0.5593750476837158 0.0009191176504828036 0.0020833334419876337
0.0 0.35891544818878174 0.6869791746139526 0.0027573530096560717 0.0031250002793967724
0.0 0.5638786554336548 0.3317708373069763 0.0009191176504828036 0.0010416667209938169
0.0 0.2890625 0.6328125596046448 0.0009191176504828036 0.0010416667209938169
0.0 0.6585478186607361 0.20520834624767303 0.0009191176504828036 0.0020833334419876337
0.0 0.8874080777168274 0.6911458969116211 0.0009191176504828036 0.0010416667209938169
0.0 0.8699448704719543 0.5078125 0.0009191176504828036 0.0010416667209938169
0.0 0.2242647111415863 0.5057291984558105 0.0018382353009656072 0.0010416667209938169
0.0 0.5238970518112183 0.4130208492279053 0.0018382353009656072 0.0010416667209938169
0.0 0.12637867033481598 0.6098958849906921 0.0009191176504828036 0.0010416667209938169
0.0 0.2826286852359772 0.24375000596046448 0.0009191176504828036 0.0020833334419876337
0.0 0.27619484066963196 0.7416667342185974 0.0027573530096560717 0.008333333767950535
0.0 0.5482536554336548 0.46406251192092896 0.0009191176504828036 0.0010416667209938169
0.0 0.9361213445663452 0.3291666805744171 0.0009191176504828036 0.0020833334419876337
0.0 0.9917279481887817 0.9843750596046448 0.0036764706019312143 0.0020833334419876337
0.0 0.8818933963775635 0.5255208611488342 0.0009191176504828036 0.0010416667209938169
0.0 0.6741728186607361 0.25989586114883423 0.0009191176504828036 0.0031250002793967724
0.0 0.2454044073820114 0.9375000596046448 0.0018382353009656072 0.004166666883975267
0.0 0.2679227888584137 0.8239583969116211 0.0009191176504828036 0.0020833334419876337
0.0 0.34007352590560913 0.9927083849906921 0.0018382353009656072 0.0020833334419876337
0.0 0.4352022111415863 0.6041666865348816 0.0009191176504828036 0.0020833334419876337
0.0 0.2720588147640228 0.9192708730697632 0.0018382353009656072 0.0031250002793967724
0.0 0.7155330777168274 0.5765625238418579 0.0009191176504828036 0.0031250002793967724
0.0 0.3694852888584137 0.6723958849906921 0.0018382353009656072 0.0031250002793967724
0.0 0.44898897409439087 0.4697916805744171 0.0009191176504828036 0.0020833334419876337
0.0 0.7477021813392639 0.604687511920929 0.0009191176504828036 0.0010416667209938169
0.0 0.7334558963775635 0.20625001192092896 0.0018382353009656072 0.0020833334419876337
0.0 0.3772977888584137 0.698437511920929 0.0009191176504828036 0.0010416667209938169
0.0 0.35661765933036804 0.5942708849906921 0.0018382353009656072 0.0052083334885537624
0.0 0.21047794818878174 0.5781250596046448 0.0018382353009656072 0.0020833334419876337
0.0 0.3579963147640228 0.8197917342185974 0.0027573530096560717 0.006250000558793545
0.0 0.7633271813392639 0.8437500596046448 0.0009191176504828036 0.0020833334419876337
0.0 0.3056066334247589 0.38750001788139343 0.0009191176504828036 0.0020833334419876337
0.0 0.6723345518112183 0.7692708969116211 0.0009191176504828036 0.0010416667209938169
0.0 0.34329044818878174 0.27656251192092896 0.0009191176504828036 0.0010416667209938169
0.0 0.5804228186607361 0.27812501788139343 0.0009191176504828036 0.0020833334419876337
0.0 0.28170955181121826 0.47864586114883423 0.0009191176504828036 0.0010416667209938169
0.0 0.5307904481887817 0.3453125059604645 0.0009191176504828036 0.0031250002793967724
0.0 0.6135110259056091 0.9494792222976685 0.0009191176504828036 0.0010416667209938169
0.0 0.34420955181121826 0.8166667222976685 0.0009191176504828036 0.0020833334419876337
0.0 0.3368566334247589 0.8833333849906921 0.0009191176504828036 0.0020833334419876337
0.0 0.43152573704719543 0.41822919249534607 0.0009191176504828036 0.0010416667209938169
0.0 0.5533088445663452 0.08541667461395264 0.0018382353009656072 0.0020833334419876337
0.0 0.41222426295280457 0.9562500715255737 0.0009191176504828036 0.0020833334419876337
0.0 0.2954963147640228 0.92864590883255 0.0009191176504828036 0.0010416667209938169
0.0 0.9719669222831726 0.36354169249534607 0.0009191176504828036 0.0020833334419876337
0.0 0.5133271813392639 0.45781251788139343 0.0009191176504828036 0.0010416667209938169
0.0 0.12040441483259201 0.3515625298023224 0.0018382353009656072 0.0031250002793967724
0.0 0.3570772111415863 0.5958333611488342 0.0027573530096560717 0.004166666883975267
0.0 0.8175551295280457 0.34010419249534607 0.0009191176504828036 0.0031250002793967724
0.0 0.9554228186607361 0.9234375357627869 0.0009191176504828036 0.0010416667209938169
0.0 0.3368566334247589 0.46302086114883423 0.0009191176504828036 0.0010416667209938169
0.0 0.4655330777168274 0.8625000715255737 0.0009191176504828036 0.0020833334419876337
0.0 0.10569853335618973 0.8729166984558105 0.0018382353009656072 0.0020833334419876337
0.0 0.7959558963775635 0.6656250357627869 0.0018382353009656072 0.0020833334419876337
0.0 0.7389705777168274 0.6505208611488342 0.0018382353009656072 0.0031250002793967724
0.0 0.44898897409439087 0.9031250476837158 0.0009191176504828036 0.0020833334419876337
0.0 0.38694852590560913 0.02083333395421505 0.0018382353009656072 0.0020833334419876337
0.0 0.3446691334247589 0.16093750298023224 0.0018382353009656072 0.0010416667209938169
0.0 0.3763786852359772 0.7286458611488342 0.0009191176504828036 0.0031250002793967724
0.0 0.22012867033481598 0.9557292461395264 0.0009191176504828036 0.0031250002793967724
0.0 0.1282169073820114 0.9651042222976685 0.0009191176504828036 0.0010416667209938169
0.0 0.6401654481887817 0.2213541716337204 0.0009191176504828036 0.0010416667209938169
0.0 0.4508272111415863 0.5395833849906921 0.0009191176504828036 0.004166666883975267
0.0 0.29641544818878174 0.5645833611488342 0.0009191176504828036 0.0020833334419876337
0.0 0.2945772111415863 0.9026042222976685 0.0009191176504828036 0.0031250002793967724
0.0 0.5252757668495178 0.5151041746139526 0.0009191176504828036 0.0010416667209938169
0.0 0.8249080777168274 0.9875000715255737 0.0009191176504828036 0.0020833334419876337
0.0 0.8993566036224365 0.776562511920929 0.0009191176504828036 0.0010416667209938169
0.0 0.7513786554336548 0.452604204416275 0.0009191176504828036 0.0010416667209938169
0.0 0.6392463445663452 0.19062501192092896 0.0009191176504828036 0.0020833334419876337
0.0 0.1608455926179886 0.34687501192092896 0.0018382353009656072 0.0020833334419876337
0.0 0.5114889740943909 0.8427083492279053 0.0009191176504828036 0.0020833334419876337
0.0 0.2545955777168274 0.34166669845581055 0.0018382353009656072 0.0020833334419876337
0.0 0.6962316036224365 0.7770833969116211 0.0009191176504828036 0.0020833334419876337
0.0 0.14935661852359772 0.5494791865348816 0.0009191176504828036 0.0031250002793967724
0.0 0.9186580777168274 0.4130208492279053 0.0009191176504828036 0.0010416667209938169
0.0 0.615349292755127 0.2734375 0.0009191176504828036 0.0010416667209938169
0.0 0.3727022111415863 0.7833333611488342 0.0009191176504828036 0.0020833334419876337
0.0 0.9379595518112183 0.41718751192092896 0.0009191176504828036 0.0010416667209938169
0.0 0.4140625 0.7598958611488342 0.0009191176504828036 0.0031250002793967724
0.0 0.8065257668495178 0.3864583671092987 0.0009191176504828036 0.0020833334419876337
0.0 0.7522978186607361 0.03593750298023224 0.0009191176504828036 0.0010416667209938169
0.0 0.6364889740943909 0.23125001788139343 0.0009191176504828036 0.0020833334419876337
0.0 0.5505514740943909 0.20937500894069672 0.0018382353009656072 0.0020833334419876337
0.0 0.2633272111415863 0.36145836114883423 0.0009191176504828036 0.0020833334419876337
0.0 0.5013786554336548 0.4906250238418579 0.0009191176504828036 0.0020833334419876337
0.0 0.6617646813392639 0.16562500596046448 0.0018382353009656072 0.0020833334419876337
0.0 0.46461397409439087 0.36510419845581055 0.0009191176504828036 0.0010416667209938169
0.0 0.9342830777168274 0.8838542103767395 0.0009191176504828036 0.0010416667209938169
0.0 0.3423713147640228 0.44843751192092896 0.0027573530096560717 0.0010416667209938169
0.0 0.9857536554336548 0.6994792222976685 0.0027573530096560717 0.0052083334885537624
0.0 0.5174632668495178 0.48750001192092896 0.0018382353009656072 0.0020833334419876337
0.0 0.38694852590560913 0.9109375476837158 0.0018382353009656072 0.0031250002793967724
0.0 0.732536792755127 0.06354167312383652 0.0018382353009656072 0.0020833334419876337
0.0 0.9471507668495178 0.643750011920929 0.0009191176504828036 0.0020833334419876337
0.0 0.9499080777168274 0.5692708492279053 0.0009191176504828036 0.0010416667209938169
0.0 0.33088234066963196 0.9453125596046448 0.0018382353009656072 0.0052083334885537624
0.0 0.9011948704719543 0.7489583492279053 0.0009191176504828036 0.0020833334419876337
0.0 0.5344669222831726 0.7354167103767395 0.0009191176504828036 0.0020833334419876337
0.0 0.3662683963775635 0.3812500238418579 0.0009191176504828036 0.0020833334419876337
0.0 0.5813419222831726 0.29322919249534607 0.0009191176504828036 0.0010416667209938169
0.0 0.7284007668495178 0.9984375238418579 0.0009191176504828036 0.0031250002793967724
0.0 0.9021139740943909 0.8984375596046448 0.0009191176504828036 0.0010416667209938169
0.0 0.6043198704719543 0.2916666865348816 0.0009191176504828036 0.0020833334419876337
0.0 0.27068015933036804 0.23854167759418488 0.0009191176504828036 0.0020833334419876337
0.0 0.8478860259056091 0.8182291984558105 0.0009191176504828036 0.0010416667209938169
0.0 0.8060661554336548 0.6458333730697632 0.0018382353009656072 0.0020833334419876337
0.0 0.3704044222831726 0.5718750357627869 0.0018382353009656072 0.0020833334419876337
0.0 0.37683823704719543 0.7171875238418579 0.0018382353009656072 0.0031250002793967724
0.0 0.4875919222831726 0.33229169249534607 0.0027573530096560717 0.0020833334419876337
0.0 0.8883271813392639 0.8291667103767395 0.0009191176504828036 0.0020833334419876337
0.0 0.4361213147640228 0.5635417103767395 0.0027573530096560717 0.004166666883975267
0.0 0.6769301295280457 0.8145833611488342 0.0009191176504828036 0.0020833334419876337
0.0 0.5105698704719543 0.7760416865348816 0.0009191176504828036 0.0020833334419876337
0.0 0.9140625 0.4010416865348816 0.0009191176504828036 0.0020833334419876337
0.0 0.2421875 0.45625001192092896 0.0009191176504828036 0.0020833334419876337
0.0 0.2977941334247589 0.5473958849906921 0.0018382353009656072 0.0031250002793967724
0.0 0.43474265933036804 0.20104168355464935 0.0018382353009656072 0.0020833334419876337
0.0 0.2454044073820114 0.9630208611488342 0.0018382353009656072 0.0031250002793967724
0.0 0.8782169222831726 0.5052083730697632 0.0009191176504828036 0.0020833334419876337
0.0 0.4641544222831726 0.3291666805744171 0.0018382353009656072 0.0020833334419876337
0.0 0.5344669222831726 0.7510417103767395 0.0009191176504828036 0.0020833334419876337
0.0 0.8828125 0.14375001192092896 0.0027573530096560717 0.0020833334419876337
0.0 0.21001838147640228 0.1901041716337204 0.0009191176504828036 0.0031250002793967724
0.0 0.09053308516740799 0.3817708492279053 0.0027573530096560717 0.0010416667209938169
0.0 0.7045036554336548 0.8333333730697632 0.0009191176504828036 0.004166666883975267
0.0 0.640625 0.2880208492279053 0.0018382353009656072 0.0031250002793967724
0.0 0.1695772111415863 0.9265625476837158 0.0027573530096560717 0.0031250002793967724
0.0 0.2711397111415863 0.8296875357627869 0.0018382353009656072 0.0031250002793967724
0.0 0.40808823704719543 0.6895833611488342 0.0018382353009656072 0.004166666883975267
0.0 0.20404411852359772 0.36250001192092896 0.0018382353009656072 0.0020833334419876337
0.0 0.6530330777168274 0.22083334624767303 0.0009191176504828036 0.0020833334419876337
0.0 0.7320771813392639 0.6703125238418579 0.0027573530096560717 0.0031250002793967724
0.0 0.3524816334247589 0.97552090883255 0.0009191176504828036 0.0031250002793967724
0.0 0.7329963445663452 0.7135416865348816 0.0009191176504828036 0.0020833334419876337
0.0 0.8506433963775635 0.8484375476837158 0.0009191176504828036 0.0010416667209938169
0.0 0.35983455181121826 0.07500000298023224 0.006433823611587286 0.004166666883975267
0.0 0.4719669222831726 0.6307291984558105 0.0009191176504828036 0.0031250002793967724
0.0 0.8543198704719543 0.6270833611488342 0.0009191176504828036 0.0020833334419876337
0.0 0.6773896813392639 0.7286458611488342 0.0018382353009656072 0.0031250002793967724
0.0 0.7830882668495178 0.7572917342185974 0.0018382353009656072 0.0020833334419876337
0.0 0.6291360259056091 0.9895833730697632 0.0009191176504828036 0.0020833334419876337
0.0 0.6773896813392639 0.7505208849906921 0.0018382353009656072 0.0031250002793967724
0.0 0.6259191036224365 0.9213542342185974 0.0018382353009656072 0.0031250002793967724
0.0 0.9912683963775635 0.9848958849906921 0.004595588427037001 0.0052083334885537624
0.0 0.3584558963775635 0.7093750238418579 0.0036764706019312143 0.004166666883975267
0.0 0.6300551295280457 0.24843750894069672 0.0027573530096560717 0.0031250002793967724
0.0 0.4250919222831726 0.5463541746139526 0.0009191176504828036 0.0031250002793967724
0.0 0.2633272111415863 0.88177090883255 0.004595588427037001 0.0052083334885537624
0.0 0.9260110259056091 0.07447917014360428 0.0027573530096560717 0.0031250002793967724
0.0 0.654411792755127 0.8390625715255737 0.0018382353009656072 0.0052083334885537624
0.0 0.32996323704719543 0.6703125238418579 0.0018382353009656072 0.0031250002793967724
0.0 0.9025735259056091 0.6885417103767395 0.0018382353009656072 0.0020833334419876337
0.0 0.42922794818878174 0.698437511920929 0.0036764706019312143 0.00729166716337204
0.0 0.6475183963775635 0.9026042222976685 0.0027573530096560717 0.0052083334885537624
0.0 0.5409007668495178 0.49010419845581055 0.0027573530096560717 0.0031250002793967724
0.0 0.19485294818878174 0.5625 0.0036764706019312143 0.004166666883975267
0.0 0.8988970518112183 0.8234375715255737 0.0018382353009656072 0.0031250002793967724
0.0 0.45680147409439087 0.6197916865348816 0.0018382353009656072 0.004166666883975267
0.0 0.3602941334247589 0.4635416865348816 0.0036764706019312143 0.010416666977107525
0.0 0.8037683963775635 0.8515625596046448 0.004595588427037001 0.00729166716337204
0.0 0.9255514740943909 0.8723958730697632 0.0018382353009656072 0.0052083334885537624
0.0 0.47288602590560913 0.8468750715255737 0.0027573530096560717 0.004166666883975267
