0 0.916820 0.943750 0.000919 0.002083
0 0.536305 0.226042 0.000919 0.002083
0 0.895680 0.757813 0.000919 0.001042
0 0.068474 0.267188 0.000919 0.001042
0 0.976562 0.522917 0.000919 0.002083
0 0.140165 0.787500 0.002757 0.004167
0 0.350643 0.504167 0.000919 0.002083
0 0.937960 0.205729 0.000919 0.001042
0 0.369485 0.525000 0.001838 0.002083
0 0.421875 0.534375 0.003676 0.006250
0 0.578585 0.169792 0.000919 0.002083
0 0.573070 0.389063 0.000919 0.001042
0 0.899357 0.299479 0.000919 0.001042
0 0.395680 0.505208 0.002757 0.010417
0 0.075368 0.886979 0.001838 0.003125
0 0.843290 0.672917 0.000919 0.002083
0 0.651195 0.074479 0.000919 0.001042
0 0.491268 0.365104 0.000919 0.001042
0 0.524357 0.227604 0.000919 0.001042
0 0.609835 0.225000 0.000919 0.002083
0 0.635570 0.776042 0.000919 0.002083
0 0.341452 0.600521 0.000919 0.001042
0 0.310202 0.522396 0.000919 0.001042
0 0.107077 0.618750 0.000919 0.002083
0 0.363511 0.543750 0.000919 0.002083
0 0.510570 0.276563 0.000919 0.001042
0 0.941636 0.803125 0.000919 0.002083
0 0.231158 0.552083 0.000919 0.002083
0 0.648438 0.141146 0.000919 0.001042
0 0.538143 0.422917 0.000919 0.002083
0 0.578585 0.416146 0.000919 0.001042
0 0.377757 0.955729 0.001838 0.001042
0 0.476562 0.528125 0.000919 0.002083
0 0.914062 0.344792 0.000919 0.002083
0 0.860294 0.848958 0.003676 0.002083
0 0.243107 0.472917 0.000919 0.002083
0 0.489430 0.181771 0.000919 0.001042
0 0.221507 0.190625 0.001838 0.002083
0 0.562040 0.031250 0.000919 0.002083
0 0.956342 0.604167 0.000919 0.002083
0 0.248621 0.625521 0.002757 0.005208
0 0.932904 0.183854 0.001838 0.001042
0 0.513787 0.235417 0.001838 0.002083
0 0.315717 0.642708 0.000919 0.002083
0 0.585938 0.465104 0.000919 0.001042
0 0.304688 0.100000 0.000919 0.002083
0 0.372702 0.555729 0.000919 0.003125
0 0.082261 0.940104 0.000919 0.001042
0 0.913143 0.943750 0.000919 0.002083
0 0.321232 0.234896 0.002757 0.003125
0 0.333640 0.695313 0.001838 0.003125
0 0.923713 0.027604 0.001838 0.001042
0 0.535386 0.294792 0.000919 0.002083
0 0.499081 0.351563 0.001838 0.003125
0 0.642923 0.229167 0.000919 0.002083
0 0.780790 0.119271 0.000919 0.001042
0 0.034007 0.258333 0.001838 0.002083
0 0.511949 0.309896 0.001838 0.001042
0 0.584559 0.144271 0.001838 0.003125
0 0.531710 0.225521 0.000919 0.001042
0 0.191176 0.675000 0.005515 0.008333
0 0.528952 0.210417 0.000919 0.002083
0 0.321232 0.509896 0.000919 0.001042
0 0.216452 0.377604 0.000919 0.003125
0 0.276195 0.264063 0.000919 0.001042
0 0.464154 0.421354 0.001838 0.003125
0 0.249081 0.168750 0.001838 0.002083
0 0.895680 0.515104 0.000919 0.001042
0 0.307445 0.696354 0.000919 0.001042
0 0.617188 0.220313 0.000919 0.003125
0 0.489430 0.322396 0.000919 0.003125
0 0.970588 0.626563 0.001838 0.001042
0 0.698529 0.020833 0.001838 0.002083
0 0.176011 0.962500 0.000919 0.002083
0 0.615349 0.201563 0.000919 0.001042
0 0.443474 0.975521 0.000919 0.003125
0 0.602022 0.743750 0.001838 0.002083
0 0.648438 0.169792 0.000919 0.002083
0 0.349724 0.415625 0.000919 0.002083
0 0.561121 0.227604 0.002757 0.003125
0 0.583640 0.904167 0.001838 0.008333
0 0.957261 0.931771 0.000919 0.001042
0 0.784467 0.191667 0.000919 0.002083
0 0.279871 0.680729 0.002757 0.003125
0 0.072610 0.890625 0.003676 0.004167
0 0.348805 0.617708 0.000919 0.002083
0 0.326746 0.501042 0.000919 0.002083
0 0.906710 0.075521 0.000919 0.001042
0 0.358915 0.589063 0.000919 0.003125
0 0.344669 0.868229 0.001838 0.001042
0 0.394761 0.264583 0.000919 0.002083
0 0.517004 0.540625 0.000919 0.002083
0 0.544577 0.537500 0.000919 0.002083
0 0.603860 0.045833 0.001838 0.002083
0 0.019761 0.804688 0.000919 0.001042
0 0.978401 0.810938 0.000919 0.001042
0 0.547335 0.509896 0.000919 0.001042
0 0.523438 0.507812 0.000919 0.001042
0 0.024357 0.829688 0.004596 0.003125
0 0.247702 0.731771 0.002757 0.003125
0 0.505974 0.434375 0.000919 0.002083
0 0.153952 0.784375 0.000919 0.002083
0 0.624540 0.206250 0.000919 0.002083
0 0.558364 0.280729 0.000919 0.001042
0 0.265165 0.464583 0.000919 0.002083
0 0.289982 0.621354 0.000919 0.001042
0 0.333180 0.507292 0.000919 0.002083
0 0.060202 0.646875 0.000919 0.002083
0 0.197151 0.585938 0.000919 0.001042
0 0.186121 0.634896 0.002757 0.001042
0 0.393842 0.445313 0.000919 0.001042
0 0.404412 0.588021 0.001838 0.003125
0 0.125460 0.318229 0.000919 0.001042
0 0.438879 0.484896 0.000919 0.003125
0 0.465533 0.526563 0.000919 0.001042
0 0.649816 0.068750 0.001838 0.002083
0 0.594210 0.229167 0.000919 0.002083
0 0.684283 0.242708 0.000919 0.002083
0 0.903952 0.394271 0.000919 0.003125
0 0.751838 0.319271 0.001838 0.001042
0 0.345129 0.677083 0.000919 0.002083
0 0.311121 0.486979 0.000919 0.003125
0 0.135110 0.265104 0.001838 0.003125
0 0.972886 0.440104 0.000919 0.001042
0 0.947151 0.575521 0.000919 0.003125
0 0.292739 0.061458 0.000919 0.002083
0 0.064798 0.224479 0.000919 0.001042
0 0.280790 0.353646 0.000919 0.001042
0 0.029871 0.225000 0.000919 0.002083
0 0.992188 0.820833 0.000919 0.002083
0 0.176930 0.514063 0.000919 0.001042
0 0.687500 0.055729 0.001838 0.005208
0 0.254136 0.694792 0.000919 0.002083
0 0.565717 0.356250 0.000919 0.002083
0 0.986213 0.489583 0.001838 0.002083
0 0.630974 0.734896 0.000919 0.003125
0 0.340993 0.634375 0.001838 0.002083
0 0.645680 0.321875 0.000919 0.002083
0 0.581342 0.179688 0.000919 0.001042
0 0.898897 0.927604 0.001838 0.003125
0 0.581801 0.120833 0.001838 0.002083
0 0.221967 0.594792 0.000919 0.002083
0 0.954963 0.398438 0.001838 0.003125
0 0.715533 0.028125 0.000919 0.002083
0 0.573529 0.282292 0.003676 0.004167
0 0.179688 0.635938 0.000919 0.003125
0 0.773438 0.696354 0.000919 0.003125
0 0.075368 0.917188 0.001838 0.003125
0 0.545956 0.383854 0.001838 0.001042
0 0.085478 0.625000 0.001838 0.002083
0 0.562040 0.178125 0.000919 0.002083
0 0.151195 0.452083 0.000919 0.002083
0 0.171415 0.733333 0.000919 0.002083
0 0.016085 0.265625 0.000919 0.002083
0 0.502757 0.378125 0.001838 0.004167
0 0.749540 0.125000 0.002757 0.002083
0 0.030331 0.567708 0.001838 0.002083
0 0.971048 0.626563 0.002757 0.003125
0 0.054688 0.929688 0.000919 0.003125
0 0.627298 0.232292 0.000919 0.002083
0 0.181985 0.766667 0.001838 0.002083
0 0.243107 0.735417 0.008272 0.004167
0 0.227482 0.360938 0.000919 0.001042
0 0.280790 0.560417 0.000919 0.002083
0 0.466912 0.375521 0.007353 0.003125
0 0.462776 0.359896 0.000919 0.001042
0 0.779871 0.616667 0.000919 0.002083
0 0.878217 0.648958 0.000919 0.002083
0 0.045037 0.979167 0.001838 0.002083
0 0.982537 0.203125 0.001838 0.004167
0 0.596967 0.513542 0.000919 0.002083
0 0.388787 0.274479 0.001838 0.001042
0 0.965993 0.758333 0.001838 0.002083
0 0.925092 0.085938 0.000919 0.001042
0 0.566636 0.269792 0.002757 0.006250
0 0.399816 0.491667 0.001838 0.002083
0 0.094210 0.250000 0.000919 0.002083
0 0.453125 0.496875 0.001838 0.002083
0 0.601562 0.432292 0.000919 0.002083
0 0.582261 0.234375 0.000919 0.002083
0 0.954044 0.426563 0.001838 0.003125
0 0.106158 0.853125 0.000919 0.002083
0 0.287224 0.511458 0.002757 0.002083
0 0.215533 0.533854 0.000919 0.003125
0 0.088695 0.531250 0.000919 0.002083
0 0.910386 0.857813 0.000919 0.003125
0 0.624081 0.377083 0.001838 0.002083
0 0.526195 0.363542 0.000919 0.002083
0 0.246324 0.753125 0.001838 0.002083
0 0.490349 0.526042 0.000919 0.002083
0 0.558824 0.443750 0.001838 0.002083
0 0.202206 0.098438 0.001838 0.003125
0 0.154871 0.381250 0.000919 0.002083
0 0.710938 0.312500 0.000919 0.002083
0 0.280331 0.793750 0.001838 0.002083
0 0.148897 0.685938 0.001838 0.003125
0 0.332721 0.615104 0.001838 0.003125
0 0.168199 0.614583 0.001838 0.002083
0 0.564338 0.373958 0.001838 0.002083
0 0.153033 0.207813 0.002757 0.003125
0 0.608915 0.394271 0.000919 0.003125
0 0.128217 0.525000 0.000919 0.002083
0 0.104779 0.346875 0.001838 0.002083
0 0.366268 0.943750 0.002757 0.006250
0 0.210018 0.438542 0.000919 0.002083
0 0.305147 0.389583 0.005515 0.006250
0 0.573070 0.327083 0.002757 0.002083
0 0.860754 0.849479 0.000919 0.003125
0 0.523438 0.409375 0.000919 0.002083
0 0.227941 0.899479 0.001838 0.003125
0 0.574908 0.216667 0.002757 0.004167
0 0.115809 0.455729 0.001838 0.003125
0 0.025735 0.661458 0.001838 0.002083
0 0.217371 0.951042 0.000919 0.002083
0 0.445772 0.588542 0.001838 0.004167
0 0.144761 0.763021 0.004596 0.003125
0 0.287684 0.332292 0.001838 0.002083
0 0.139246 0.788021 0.002757 0.005208
0 0.940257 0.109375 0.001838 0.002083
0 0.040901 0.797917 0.000919 0.002083
0 0.194853 0.554688 0.001838 0.003125
0 0.275735 0.670313 0.001838 0.003125
0 0.398897 0.235417 0.001838 0.002083
0 0.411765 0.522917 0.001838 0.002083
0 0.376379 0.689583 0.002757 0.004167
0 0.903952 0.064583 0.000919 0.002083
0 0.569853 0.077083 0.001838 0.004167
0 0.840074 0.684896 0.001838 0.005208
0 0.943474 0.734896 0.002757 0.003125
0 0.536765 0.384896 0.001838 0.001042
0 0.545496 0.522917 0.000919 0.002083
0 0.886949 0.150521 0.001838 0.001042
0 0.972426 0.726563 0.001838 0.003125
0 0.340533 0.634896 0.002757 0.003125
0 0.899357 0.115625 0.000919 0.002083
0 0.616728 0.255208 0.001838 0.002083
0 0.352022 0.434375 0.005515 0.004167
0 0.213235 0.080208 0.001838 0.002083
0 0.261029 0.161458 0.001838 0.002083
0 0.542279 0.344271 0.001838 0.003125
0 0.609375 0.282813 0.003676 0.005208
0 0.321691 0.235417 0.001838 0.002083
0 0.024357 0.830729 0.002757 0.003125
0 0.330423 0.232813 0.002757 0.003125
0 0.128217 0.476563 0.002757 0.003125
0 0.090993 0.906771 0.003676 0.005208
