0 0.841452 0.766667 0.000919 0.002083
0 0.656710 0.965625 0.000919 0.002083
0 0.941636 0.519271 0.000919 0.001042
0 0.931526 0.628646 0.000919 0.001042
0 0.776195 0.978125 0.000919 0.002083
0 0.656250 0.590625 0.001838 0.002083
0 0.998621 0.405729 0.000919 0.001042
0 0.825827 0.843229 0.000919 0.001042
0 0.666820 0.478125 0.000919 0.002083
0 0.854320 0.652604 0.000919 0.001042
0 0.454504 0.632813 0.000919 0.001042
0 0.935202 0.548438 0.000919 0.001042
0 0.886949 0.627083 0.001838 0.002083
0 0.684283 0.468750 0.000919 0.002083
0 0.796415 0.959375 0.002757 0.002083
0 0.923254 0.555208 0.000919 0.002083
0 0.754136 0.490104 0.000919 0.001042
0 0.891085 0.413021 0.000919 0.001042
0 0.902574 0.113021 0.001838 0.001042
0 0.800092 0.923438 0.000919 0.001042
0 0.833180 0.738021 0.000919 0.001042
0 0.943474 0.509896 0.000919 0.001042
0 0.804688 0.820313 0.000919 0.001042
0 0.735754 0.488021 0.000919 0.001042
0 0.566636 0.957813 0.000919 0.001042
0 0.848805 0.467188 0.000919 0.001042
0 0.766085 0.643229 0.000919 0.001042
0 0.866728 0.719271 0.001838 0.001042
0 0.874540 0.527083 0.000919 0.002083
0 0.747702 0.952083 0.000919 0.002083
0 0.931985 0.522396 0.001838 0.003125
0 0.992188 0.918229 0.000919 0.001042
0 0.665901 0.492708 0.000919 0.002083
0 0.764246 0.468750 0.000919 0.002083
0 0.515165 0.932292 0.000919 0.002083
0 0.853860 0.613021 0.001838 0.003125
0 0.666820 0.991667 0.000919 0.002083
0 0.770680 0.600000 0.000919 0.002083
0 0.891544 0.536458 0.001838 0.002083
0 0.872702 0.705208 0.000919 0.002083
0 0.857996 0.641146 0.000919 0.001042
0 0.859835 0.928646 0.000919 0.001042
0 0.563879 0.985938 0.000919 0.001042
0 0.723805 0.944271 0.000919 0.001042
0 0.814338 0.847396 0.001838 0.003125
0 0.946232 0.532813 0.000919 0.001042
0 0.053768 0.901042 0.000919 0.002083
0 0.767923 0.684896 0.000919 0.001042
0 0.767004 0.472396 0.000919 0.001042
0 0.725184 0.244271 0.001838 0.001042
0 0.909467 0.541667 0.000919 0.002083
0 0.942096 0.547396 0.001838 0.001042
0 0.821232 0.702604 0.000919 0.001042
0 0.743107 0.939063 0.000919 0.003125
0 0.693934 0.871354 0.001838 0.001042
0 0.873621 0.576563 0.000919 0.001042
0 0.627298 0.953646 0.000919 0.003125
0 0.893842 0.648438 0.000919 0.001042
0 0.858915 0.672917 0.000919 0.002083
0 0.750460 0.457813 0.000919 0.001042
0 0.982996 0.351563 0.000919 0.001042
0 0.730699 0.593750 0.001838 0.004167
0 0.830882 0.965104 0.001838 0.003125
0 0.107077 0.975521 0.000919 0.001042
0 0.793199 0.882813 0.001838 0.001042
0 0.892004 0.620833 0.000919 0.002083
0 0.782629 0.865625 0.000919 0.002083
0 0.961857 0.355729 0.000919 0.001042
0 0.860754 0.744271 0.000919 0.001042
0 0.729320 0.923438 0.000919 0.001042
0 0.177849 0.779167 0.000919 0.002083
0 0.852022 0.981771 0.001838 0.001042
0 0.873621 0.746875 0.000919 0.002083
0 0.725643 0.548438 0.000919 0.001042
0 0.888327 0.754167 0.000919 0.002083
0 0.926011 0.431771 0.000919 0.001042
0 0.795496 0.435417 0.000919 0.002083
0 0.728401 0.489063 0.000919 0.001042
0 0.993107 0.488542 0.000919 0.002083
0 0.896140 0.583333 0.001838 0.002083
0 0.811121 0.715625 0.000919 0.002083
0 0.930147 0.513542 0.001838 0.002083
0 0.869945 0.798438 0.000919 0.001042
0 0.763787 0.860938 0.001838 0.001042
0 0.943474 0.557292 0.000919 0.002083
0 0.803768 0.809896 0.000919 0.001042
0 0.808364 0.858854 0.000919 0.003125
0 0.835938 0.885938 0.000919 0.001042
0 0.812500 0.815104 0.001838 0.001042
0 0.795037 0.685938 0.001838 0.001042
0 0.846048 0.692188 0.000919 0.001042
0 0.731618 0.594792 0.001838 0.006250
0 0.827665 0.710938 0.000919 0.003125
0 0.751379 0.554688 0.000919 0.001042
0 0.994485 0.383854 0.001838 0.003125
0 0.638327 0.757292 0.000919 0.002083
0 0.784926 0.979167 0.001838 0.002083
0 0.176930 0.845833 0.000919 0.002083
0 0.772518 0.633854 0.000919 0.001042
0 0.408548 0.553125 0.000919 0.002083
0 0.982077 0.496875 0.000919 0.002083
0 0.954504 0.933854 0.000919 0.001042
0 0.760570 0.873958 0.000919 0.002083
0 0.969210 0.640104 0.000919 0.001042
0 0.689798 0.558854 0.000919 0.001042
0 0.919577 0.623438 0.000919 0.001042
0 0.819393 0.953125 0.000919 0.002083
0 0.749540 0.967708 0.000919 0.002083
0 0.774357 0.858333 0.000919 0.002083
0 0.867188 0.594792 0.000919 0.002083
0 0.865349 0.669271 0.000919 0.001042
0 0.826746 0.701563 0.000919 0.003125
0 0.342371 0.714583 0.000919 0.002083
0 0.378676 0.542708 0.001838 0.002083
0 0.869945 0.694792 0.000919 0.002083
0 0.834099 0.222396 0.000919 0.001042
0 0.738511 0.932292 0.000919 0.002083
0 0.980239 0.275000 0.000919 0.002083
0 0.690717 0.685417 0.000919 0.002083
0 0.873621 0.439583 0.000919 0.002083
0 0.994945 0.331250 0.000919 0.002083
0 0.724724 0.906771 0.002757 0.007292
0 0.672335 0.817708 0.000919 0.002083
0 0.970588 0.579167 0.001838 0.002083
0 0.604779 0.886458 0.001838 0.002083
0 0.937040 0.339063 0.000919 0.001042
0 0.778033 0.383333 0.000919 0.002083
0 0.816636 0.800000 0.000919 0.002083
0 0.996783 0.786979 0.000919 0.001042
0 0.761949 0.891667 0.001838 0.002083
0 0.616268 0.941667 0.000919 0.002083
0 0.604779 0.887500 0.001838 0.002083
0 0.868107 0.836979 0.000919 0.001042
0 0.769761 0.881771 0.000919 0.003125
0 0.843290 0.679167 0.000919 0.002083
0 0.763327 0.653125 0.000919 0.002083
0 0.493566 0.913021 0.001838 0.003125
0 0.927849 0.273438 0.000919 0.001042
0 0.915441 0.531771 0.001838 0.003125
0 0.835018 0.947917 0.000919 0.002083
0 0.857996 0.551042 0.002757 0.004167
0 0.935202 0.323958 0.000919 0.002083
0 0.705423 0.618229 0.000919 0.001042
0 0.676930 0.489063 0.000919 0.001042
0 0.825827 0.997917 0.000919 0.002083
0 0.756893 0.879167 0.000919 0.002083
0 0.971967 0.743229 0.000919 0.001042
0 0.764706 0.976042 0.001838 0.002083
0 0.974265 0.439063 0.001838 0.003125
0 0.945772 0.575000 0.001838 0.002083
0 0.781710 0.894271 0.000919 0.003125
0 0.841912 0.801563 0.001838 0.005208
0 0.986213 0.370833 0.001838 0.002083
0 0.858915 0.699479 0.002757 0.003125
0 0.989890 0.820833 0.001838 0.002083
0 0.864430 0.315625 0.000919 0.002083
0 0.489890 0.818229 0.007353 0.009375
0 0.658548 0.684375 0.000919 0.002083
0 0.589154 0.750521 0.001838 0.005208
0 0.802390 0.889063 0.001838 0.003125
0 0.682445 0.632813 0.000919 0.001042
0 0.845588 0.497396 0.001838 0.005208
0 0.271140 0.817708 0.001838 0.002083
0 0.852941 0.673438 0.003676 0.007292
0 0.882353 0.088542 0.003676 0.002083
0 0.879596 0.348438 0.001838 0.003125
0 0.658548 0.610938 0.000919 0.001042
0 0.710018 0.696875 0.000919 0.002083
0 0.642004 0.681250 0.000919 0.002083
0 0.775276 0.847917 0.000919 0.002083
0 0.486213 0.652083 0.003676 0.004167
0 0.655790 0.591146 0.000919 0.001042
0 0.774816 0.994271 0.001838 0.007292
0 0.346967 0.800000 0.010110 0.016667
0 0.204963 0.259375 0.007353 0.010417
0 0.894761 0.136458 0.002757 0.002083
0 0.346507 0.645833 0.005515 0.004167
0 0.452206 0.701042 0.005515 0.006250
